# Scenario 464
Mean curve: 0.5078089277041534,0.5128389938777549,0.513315085620693,0.513315085620693,0.5144467389727236,0.5155117852220858,0.517256632299512,0.517256632299512,0.517256632299512,0.5175631285073508,0.5175631285073508,0.5175631285073508,0.5192756783581072,0.5192756783581072,0.5195034188128076,0.5195034188128076,0.5198053776721594,0.5198053776721594,0.5198053776721594,0.5202041182867475,0.5202041182867475,0.5202041182867475,0.5202041182867475,0.5202162980070536,0.5202162980070536,0.5202162980070536,0.5202162980070536,0.5215692015804376,0.5225172088791542,0.5225172088791542,0.5228127217463341,0.5228127217463341,0.5228127217463341,0.5228127217463341,0.5228127217463341,0.5228127217463341,0.5228127217463341,0.5228127217463341,0.5228127217463341,0.5228127217463341,0.5228127217463341,0.5228127217463341,0.5231034725038266,0.5231034725038266,0.5231034725038266,0.5233280713277962,0.5233280713277962,0.5233280713277962,0.5233280713277962,0.5233280713277962,0.5233280713277962,0.5234892319714507,0.5234892319714507,0.5234892319714507,0.5234892319714507,0.5234892319714507,0.5234892319714507,0.5234892319714507,0.5256534045370517,0.5256534045370517,0.5256534045370517,0.5256534045370517,0.5256534045370517,0.5256534045370517,0.5256534045370517,0.5256534045370517,0.5256534045370517,0.5256534045370517,0.5256534045370517,0.5256534045370517,0.5256534045370517,0.5256534045370517,0.5256534045370517,0.5256534045370517,0.5256534045370517,0.5256534045370517,0.5256534045370517,0.5264005628636592,0.5264767050180245,0.5264767050180245,0.5264767050180245,0.5264767050180245,0.5264767050180245,0.5264767050180245,0.5264767050180245,0.5264767050180245,0.5268290234179792,0.5268290234179792,0.5286423547148379,0.5286423547148379,0.5286423547148379,0.5286423547148379,0.5286423547148379,0.5286423547148379,0.5286423547148379,0.5286423547148379,0.5286423547148379,0.5286423547148379,0.5291961977350516,0.5291961977350516
Std curve: 0.003105364942944948,0.004889279219399123,0.004583371795263677,0.004583371795263677,0.005122231983665681,0.004006949273136908,0.005896281160678976,0.005896281160678976,0.005896281160678976,0.005451785002368594,0.005451785002368594,0.005451785002368594,0.0062028233741652705,0.0062028233741652705,0.006220206543940973,0.006220206543940973,0.006583382270003508,0.006583382270003508,0.006583382270003508,0.00600960143928639,0.00600960143928639,0.00600960143928639,0.00600960143928639,0.005992880717030146,0.005992880717030146,0.005992880717030146,0.005992880717030146,0.004583621382183123,0.0035612327713745134,0.0035612327713745134,0.0032886029050693084,0.0032886029050693084,0.0032886029050693084,0.0032886029050693084,0.0032886029050693084,0.0032886029050693084,0.0032886029050693084,0.0032886029050693084,0.0032886029050693084,0.0032886029050693084,0.0032886029050693084,0.0032886029050693084,0.003512474949996849,0.003512474949996849,0.003512474949996849,0.0037571760660787728,0.0037571760660787728,0.0037571760660787728,0.0037571760660787728,0.0037571760660787728,0.0037571760660787728,0.0036367861250781795,0.0036367861250781795,0.0036367861250781795,0.0036367861250781795,0.0036367861250781795,0.0036367861250781795,0.0036367861250781795,0.004117068452496053,0.004117068452496053,0.004117068452496053,0.004117068452496053,0.004117068452496053,0.004117068452496053,0.004117068452496053,0.004117068452496053,0.004117068452496053,0.004117068452496053,0.004117068452496053,0.004117068452496053,0.004117068452496053,0.004117068452496053,0.004117068452496053,0.004117068452496053,0.004117068452496053,0.004117068452496053,0.004117068452496053,0.004722014176005198,0.0046374321988239915,0.0046374321988239915,0.0046374321988239915,0.0046374321988239915,0.0046374321988239915,0.0046374321988239915,0.0046374321988239915,0.0046374321988239915,0.004488135552939393,0.004488135552939393,0.003703728781321579,0.003703728781321579,0.003703728781321579,0.003703728781321579,0.003703728781321579,0.003703728781321579,0.003703728781321579,0.003703728781321579,0.003703728781321579,0.003703728781321579,0.003913961672399096,0.003913961672399096

mean_time: , 70425.31061296463
best_solution: , 0.5214187517184493
worst_solution: , 0.5317496807151979
mean_solution: , 0.5291961977350516
std_solution: , 0.003913961672399096



solutions runs are : 



0.5317496807151979

0.5314732142857143

0.5304972081893113

0.5214187517184493

0.5308421337665854

