# Scenario 247
Mean curve: 0.7005,0.7046666666666667,0.7084444444444445,0.7169444444444444,0.7214444444444444,0.7269444444444445,0.7280555555555556,0.7280555555555556,0.7284444444444446,0.7295555555555555,0.7335,0.7335,0.7340555555555556,0.735111111111111,0.7353888888888889,0.7382222222222221,0.7433333333333334,0.7433333333333334,0.7480555555555555,0.7495555555555555,0.7498333333333334,0.752,0.752,0.7524444444444445,0.7585555555555554,0.7618333333333333,0.7618333333333333,0.7643888888888888,0.7643888888888888,0.7648333333333334,0.7648333333333334,0.7648333333333334,0.7648333333333334,0.7656666666666666,0.7656666666666666,0.7657222222222222,0.7657222222222222,0.7667777777777778,0.7667777777777778,0.7703333333333333,0.7708888888888887,0.7716666666666666,0.7723888888888889,0.7730555555555555,0.7730555555555555,0.7753333333333333,0.7753333333333333,0.7753333333333333,0.7753333333333333,0.7753888888888889,0.7753888888888889,0.7787222222222223,0.7801111111111111,0.7810555555555556,0.7823333333333333,0.7844444444444445,0.7861111111111112,0.788,0.788,0.788,0.789388888888889,0.789388888888889,0.789388888888889,0.789388888888889,0.789388888888889,0.7902222222222223,0.7902222222222223,0.7902222222222223,0.7902222222222223,0.7902222222222223,0.7913333333333334,0.7917222222222222,0.7925000000000001,0.7926111111111112,0.7928333333333334,0.7928333333333334,0.7928333333333334,0.7947222222222223,0.796,0.7962777777777779,0.7995,0.7995,0.7998888888888889,0.8000555555555554,0.8001111111111111,0.8017222222222223,0.8019999999999999,0.8019999999999999,0.8079444444444445,0.8088888888888889,0.8088888888888889,0.8089444444444445,0.8096111111111112,0.8096111111111112,0.8096111111111112,0.8096111111111112,0.8096111111111112,0.8105555555555556,0.8105555555555556,0.8106666666666668
Std curve: 0.0033398085255975847,0.006586087094009379,0.007054899357061848,0.007498971122843094,0.005614685330276722,0.011819109866004767,0.010637111833018773,0.010637111833018773,0.010665509196459068,0.010623465757056777,0.008499455320239107,0.008499455320239107,0.00802119106946342,0.007761093215600154,0.007786899413061401,0.00963788819653399,0.007370277311900877,0.007370277311900877,0.01069065589460209,0.009396282427470466,0.009243950307306438,0.013265335872207294,0.013265335872207294,0.013030590788459926,0.013116759611887732,0.012461793462270838,0.012461793462270838,0.0103315410632074,0.0103315410632074,0.009605810998467098,0.009605810998467098,0.009605810998467098,0.009605810998467098,0.009834431828159466,0.009834431828159466,0.009742993683972408,0.009742993683972408,0.009343579032458754,0.009343579032458754,0.005218674918141075,0.0060102792605771374,0.006620208493229431,0.00585208625878384,0.004931631338038239,0.004931631338038239,0.0055816055922695154,0.0055816055922695154,0.0055816055922695154,0.0055816055922695154,0.005642650633597595,0.005642650633597595,0.008141495600765497,0.007180649580299939,0.006217259926016797,0.00590197706987527,0.008067998053581354,0.008067998053581351,0.005384591642872626,0.005384591642872626,0.005384591642872626,0.004372331637766863,0.004372331637766863,0.004372331637766863,0.004372331637766863,0.004372331637766863,0.004929753455884207,0.004929753455884207,0.004929753455884207,0.004929753455884207,0.004929753455884207,0.005245221223076504,0.0050990195135927705,0.005858411700650672,0.005915036290758268,0.005854195498808637,0.005854195498808637,0.005854195498808637,0.007661834225804136,0.008422852512328877,0.008003857094867551,0.006069047152011039,0.006069047152011039,0.006442049363362556,0.006658328118479391,0.006588898257441331,0.007154382236446773,0.006910807424553172,0.006910807424553172,0.007978752648576098,0.006738043823536696,0.006738043823536696,0.006674532396808711,0.006021053597149992,0.006021053597149992,0.006021053597149992,0.006021053597149992,0.006021053597149992,0.0055304990509976795,0.0055304990509976795,0.00545633621932075

mean_time: , 13392.184106254577
best_solution: , 0.805
worst_solution: , 0.8208333333333333
mean_solution: , 0.8106666666666668
std_solution: , 0.00545633621932075



solutions runs are : 



0.8208333333333333

0.8094444444444444

0.805

0.8108333333333333

0.8072222222222222

