# Scenario 242
Mean curve: 0.5680021542068869,0.57755047215057,0.5798697450502022,0.5823213617685278,0.5918524292915051,0.5952035572449745,0.5974884592642928,0.5981993890077617,0.603341504550482,0.603341504550482,0.607050254360751,0.607050254360751,0.6094731907098685,0.6120259569168305,0.6120259569168305,0.613546102564816,0.61361461500902,0.6143749127618019,0.6168287246654851,0.6198717342604713,0.6210799726100067,0.6245562211272678,0.6250398112262079,0.6269280265462257,0.6272751385274437,0.630130614834296,0.630130614834296,0.6309217591435693,0.6309217591435693,0.6309217591435693,0.6313551207327379,0.6319555778660341,0.6339730750849851,0.6373925178388662,0.6373925178388662,0.6373925178388662,0.6397977211702649,0.6400749057203854,0.6405134298853152,0.6420557675813802,0.6420557675813802,0.6425319453529468,0.6434161978598836,0.646576084071395,0.6470948090762981,0.6497148474145414,0.6497148474145414,0.6497148474145414,0.6497148474145414,0.6513559648071597,0.6513559648071597,0.65324664640878,0.65324664640878,0.6537561051130308,0.6537561051130308,0.65453444016162,0.65453444016162,0.6548259054387497,0.6592785990169018,0.6600100753172544,0.6623288995593165,0.66301266621694,0.6652882500769408,0.6652882500769408,0.6667634394603745,0.6667634394603745,0.6679112650691954,0.6679112650691954,0.6679112650691954,0.668923765113359,0.668923765113359,0.668923765113359,0.6691361985061646,0.6722720703374425,0.6723636777123915,0.6735785724021349,0.6748346508835723,0.6755076261025567,0.67624829977398,0.67624829977398,0.676275146993079,0.676286472862955,0.676286472862955,0.676286472862955,0.676286472862955,0.676286472862955,0.6771572357594885,0.6771572357594885,0.6775570902322098,0.6775570902322098,0.6790022018533016,0.6790022018533016,0.6808512758612824,0.681966021817427,0.681966021817427,0.6841560320467656,0.6853178843592843,0.6853336489650543,0.6859634023360854,0.6864432233270303
Std curve: 0.007219225481574047,0.014901397661258748,0.013776016506986054,0.013901983041042586,0.006687181069025324,0.005675806492931344,0.009567449332612686,0.008995426144548912,0.008391047521819083,0.008391047521819083,0.009577471511365008,0.009577471511365008,0.0066888817726771166,0.007092125788658496,0.007092125788658496,0.006890389298002755,0.0069380596888994955,0.00798021695609791,0.008096448716576346,0.008405975917883685,0.0071268600215636324,0.007489125815015921,0.007852949976214725,0.010068633696717068,0.01057263796093677,0.007769466243157146,0.007769466243157146,0.00755300684256956,0.00755300684256956,0.00755300684256956,0.007573226349229518,0.006642281999394133,0.006817027289600579,0.01055894882027398,0.01055894882027398,0.01055894882027398,0.007825895360267385,0.007694242684649335,0.007307021142710958,0.0061862629825264375,0.0061862629825264375,0.005857316362142566,0.00563081266563221,0.008482979089429632,0.008183007379079848,0.006113456498736688,0.006113456498736688,0.006113456498736688,0.006113456498736688,0.004801188928369972,0.004801188928369972,0.003923814954268737,0.003923814954268737,0.003258719578513126,0.003258719578513126,0.0029372518843070856,0.0029372518843070856,0.0030213921673423617,0.009420759634810873,0.008800201582682745,0.00869311235842037,0.008105568983676197,0.007732394285507888,0.007732394285507888,0.00795835630778355,0.00795835630778355,0.00776610242111034,0.00776610242111034,0.00776610242111034,0.008448886698017088,0.008448886698017088,0.008448886698017088,0.008449939630043476,0.003686778360191903,0.0037927758210549536,0.005590033455506929,0.007816546263582537,0.008123575553102462,0.008692933809535772,0.008692933809535772,0.008672552261057764,0.008682916055584236,0.008682916055584236,0.008682916055584236,0.008682916055584236,0.008682916055584236,0.008186585542974911,0.008186585542974911,0.00796553698105092,0.00796553698105092,0.007860367840172024,0.007860367840172024,0.009328034133224828,0.010020937654616249,0.010020937654616249,0.008306486109290624,0.007815463981412259,0.007830424589918512,0.006691279689090515,0.007228029586928738

mean_time: , 48102.55974082947
best_solution: , 0.6740889377953265
worst_solution: , 0.6951882560826423
mean_solution: , 0.6864432233270303
std_solution: , 0.007228029586928738



solutions runs are : 



0.6842348589921405

0.6870805915694833

0.6740889377953265

0.6951882560826423

0.691623472195559

