# Scenario 111
Mean curve: 0.8363333333333334,0.8636666666666667,0.8716666666666667,0.8859999999999999,0.8876666666666667,0.8926666666666667,0.8960000000000001,0.899,0.9040000000000001,0.9040000000000001,0.9110000000000001,0.9116666666666667,0.9116666666666667,0.9133333333333334,0.9146666666666666,0.9199999999999999,0.9206666666666667,0.9313333333333332,0.9313333333333332,0.9313333333333332,0.933,0.933,0.9346666666666665,0.9346666666666665,0.9346666666666665,0.9373333333333334,0.9373333333333334,0.9390000000000001,0.9390000000000001,0.9400000000000001,0.9406666666666667,0.9416666666666667,0.9416666666666667,0.9416666666666667,0.9416666666666667,0.9426666666666665,0.9426666666666665,0.9426666666666665,0.9426666666666665,0.9426666666666665,0.9433333333333334,0.9433333333333334,0.9453333333333334,0.9460000000000001,0.9460000000000001,0.9460000000000001,0.9460000000000001,0.9460000000000001,0.9483333333333333,0.951,0.9543333333333333,0.9543333333333333,0.9543333333333333,0.9543333333333333,0.9546666666666667,0.9546666666666667,0.9556666666666667,0.9560000000000001,0.9560000000000001,0.9586666666666666,0.9586666666666666,0.9586666666666666,0.9586666666666666,0.9586666666666666,0.9586666666666666,0.9586666666666666,0.9586666666666666,0.9586666666666666,0.9586666666666666,0.9586666666666666,0.9596666666666668,0.9626666666666667,0.9626666666666667,0.9626666666666667,0.9626666666666667,0.9626666666666667,0.9626666666666667,0.9626666666666667,0.9626666666666667,0.9656666666666667,0.9663333333333334,0.9663333333333334,0.9683333333333334,0.9683333333333334,0.9683333333333334,0.9683333333333334,0.9683333333333334,0.9683333333333334,0.9683333333333334,0.9683333333333334,0.9683333333333334,0.9686666666666668,0.9686666666666668,0.9686666666666668,0.9686666666666668,0.969,0.969,0.969,0.969,0.969
Std curve: 0.006271629240742286,0.023626726862225802,0.019635568633364207,0.014476033833738987,0.01289271973720915,0.011813363431112906,0.008793937305515302,0.006110100926607806,0.008981462390204996,0.008981462390204996,0.009104333522498448,0.009249624617007748,0.009249624617007748,0.010903618155864084,0.009741092797468294,0.017352553446427138,0.01661993448309053,0.013800161029656295,0.013800161029656295,0.013800161029656295,0.01363818169698585,0.01363818169698585,0.010718623460542353,0.010718623460542353,0.010718623460542353,0.0068799224801834,0.0068799224801834,0.007859884081701032,0.007859884081701032,0.007378647873726184,0.008339997335464523,0.009944289260117523,0.009944289260117523,0.009944289260117523,0.009944289260117523,0.00946337971105226,0.00946337971105226,0.00946337971105226,0.00946337971105226,0.00946337971105226,0.008628119403696533,0.008628119403696533,0.007845734863959872,0.009104333522498464,0.009104333522498464,0.009104333522498464,0.009104333522498464,0.009104333522498464,0.013621877827801696,0.013441230102437307,0.012762793146051108,0.012762793146051108,0.012762793146051108,0.012762793146051108,0.01240071682515885,0.01240071682515885,0.011479450238481709,0.01204620733306178,0.01204620733306178,0.009854496999396332,0.009854496999396332,0.009854496999396332,0.009854496999396332,0.009854496999396332,0.009854496999396332,0.009854496999396332,0.009854496999396332,0.009854496999396332,0.009854496999396332,0.009854496999396332,0.011709445380166876,0.009752492558885207,0.009752492558885207,0.009752492558885207,0.009752492558885207,0.009752492558885207,0.009752492558885207,0.009752492558885207,0.009752492558885207,0.01249888883950178,0.01235583532856709,0.01235583532856709,0.011690451944500125,0.011690451944500125,0.011690451944500125,0.011690451944500125,0.011690451944500125,0.011690451944500125,0.011690451944500125,0.011690451944500125,0.011690451944500125,0.011323525167642014,0.011323525167642014,0.011323525167642014,0.011323525167642014,0.010984838035522708,0.010984838035522708,0.010984838035522708,0.010984838035522708,0.010984838035522708

mean_time: , 3771.9824595928194
best_solution: , 0.9583333333333334
worst_solution: , 0.99
mean_solution: , 0.969
std_solution: , 0.010984838035522708



solutions runs are : 



0.9633333333333334

0.99

0.965

0.9683333333333334

0.9583333333333334

