# Scenario 451
Mean curve: 0.737,0.7425555555555555,0.7486666666666666,0.7486666666666666,0.7491111111111111,0.7491111111111111,0.7491111111111111,0.7491111111111111,0.7498888888888888,0.7498888888888888,0.7498888888888888,0.7516666666666667,0.7523333333333333,0.7523333333333333,0.7523333333333333,0.7523333333333333,0.7527777777777778,0.7527777777777778,0.753,0.753,0.753,0.753,0.753,0.753,0.753,0.7531111111111112,0.7536666666666667,0.7536666666666667,0.7536666666666667,0.7536666666666667,0.7536666666666667,0.7536666666666667,0.7536666666666667,0.7536666666666667,0.7536666666666667,0.7536666666666667,0.7536666666666667,0.7536666666666667,0.7536666666666667,0.7536666666666667,0.7536666666666667,0.7536666666666667,0.7536666666666667,0.7536666666666667,0.7536666666666667,0.7556666666666667,0.7556666666666667,0.7556666666666667,0.7556666666666667,0.7556666666666667,0.7556666666666667,0.7556666666666667,0.7556666666666667,0.7556666666666667,0.7556666666666667,0.7556666666666667,0.7564444444444444,0.7564444444444444,0.7564444444444444,0.7568888888888888,0.7568888888888888,0.7568888888888888,0.7568888888888888,0.7568888888888888,0.7568888888888888,0.7568888888888888,0.7568888888888888,0.7568888888888888,0.7568888888888888,0.7568888888888888,0.7575555555555555,0.7575555555555555,0.7575555555555555,0.7575555555555555,0.7575555555555555,0.7575555555555555,0.7575555555555555,0.7575555555555555,0.7575555555555555,0.7575555555555555,0.7575555555555555,0.7575555555555555,0.7575555555555555,0.7575555555555555,0.7575555555555555,0.7575555555555555,0.7575555555555555,0.7575555555555555,0.7575555555555555,0.7575555555555555,0.7575555555555555,0.7575555555555555,0.7586666666666666,0.7586666666666666,0.7586666666666666,0.7586666666666666,0.7586666666666666,0.7586666666666666,0.7586666666666666,0.7586666666666666
Std curve: 0.0030550504633039106,0.004382907316292473,0.0046825127790456516,0.0046825127790456516,0.004682512779045649,0.004682512779045649,0.004682512779045649,0.004682512779045649,0.00453246178986024,0.00453246178986024,0.00453246178986024,0.0037184890068181014,0.0036582394740342816,0.0036582394740342816,0.0036582394740342816,0.0036582394740342816,0.003880944265905094,0.003880944265905094,0.004061259307221568,0.004061259307221568,0.004061259307221568,0.004061259307221568,0.004061259307221568,0.004061259307221568,0.004061259307221568,0.00389047586666925,0.0036784323016104143,0.0036784323016104143,0.0036784323016104143,0.0036784323016104143,0.0036784323016104143,0.0036784323016104143,0.0036784323016104143,0.0036784323016104143,0.0036784323016104143,0.0036784323016104143,0.0036784323016104143,0.0036784323016104143,0.0036784323016104143,0.0036784323016104143,0.0036784323016104143,0.0036784323016104143,0.0036784323016104143,0.0036784323016104143,0.0036784323016104143,0.005310134731266003,0.005310134731266003,0.005310134731266003,0.005310134731266003,0.005310134731266003,0.005310134731266003,0.005310134731266003,0.005310134731266003,0.005310134731266003,0.005310134731266003,0.005310134731266003,0.004181086160494849,0.004181086160494849,0.004181086160494849,0.004297573245736388,0.004297573245736388,0.004297573245736388,0.004297573245736388,0.004297573245736388,0.004297573245736388,0.004297573245736388,0.004297573245736388,0.004297573245736388,0.004297573245736388,0.004297573245736388,0.0035416394334464862,0.0035416394334464862,0.0035416394334464862,0.0035416394334464862,0.0035416394334464862,0.0035416394334464862,0.0035416394334464862,0.0035416394334464862,0.0035416394334464862,0.0035416394334464862,0.0035416394334464862,0.0035416394334464862,0.0035416394334464862,0.0035416394334464862,0.0035416394334464862,0.0035416394334464862,0.0035416394334464862,0.0035416394334464862,0.0035416394334464862,0.0035416394334464862,0.0035416394334464862,0.0035416394334464862,0.005506449641495038,0.005506449641495038,0.005506449641495038,0.005506449641495038,0.005506449641495038,0.005506449641495038,0.005506449641495038,0.005506449641495038

mean_time: , 10673.801445960999
best_solution: , 0.7533333333333333
worst_solution: , 0.7688888888888888
mean_solution: , 0.7586666666666666
std_solution: , 0.005506449641495038



solutions runs are : 



0.7544444444444445

0.7533333333333333

0.7588888888888888

0.7577777777777778

0.7688888888888888

