# Scenario 239
Mean curve: 0.75925,0.7657499999999999,0.778,0.78175,0.7895000000000001,0.79275,0.7975000000000001,0.8005000000000001,0.80525,0.81275,0.81275,0.8154999999999999,0.8164999999999999,0.82,0.82575,0.8274999999999999,0.82775,0.82775,0.82775,0.8325000000000001,0.8365,0.83775,0.84575,0.84925,0.852,0.852,0.85275,0.85625,0.85625,0.85625,0.8564999999999999,0.85825,0.86025,0.86025,0.861,0.861,0.861,0.861,0.8637499999999999,0.86625,0.86625,0.86625,0.86625,0.8674999999999999,0.8705,0.8705,0.8705,0.8705,0.8705,0.8737499999999999,0.8737499999999999,0.87525,0.87525,0.876,0.876,0.876,0.8772500000000001,0.8772500000000001,0.8772500000000001,0.8772500000000001,0.8772500000000001,0.8775000000000001,0.8795000000000002,0.8795000000000002,0.88175,0.88275,0.88275,0.88275,0.88275,0.88275,0.88275,0.88275,0.883,0.88425,0.885,0.885,0.8875,0.889,0.8899999999999999,0.8899999999999999,0.8912500000000001,0.8912500000000001,0.8925000000000001,0.8925000000000001,0.8947499999999999,0.8947499999999999,0.8947499999999999,0.8957499999999999,0.8960000000000001,0.8960000000000001,0.8960000000000001,0.8960000000000001,0.89725,0.89725,0.89725,0.9029999999999999,0.9029999999999999,0.9045,0.9045,0.9049999999999999
Std curve: 0.008645808232895286,0.008753570700005807,0.011418187246669239,0.008536685539481923,0.007850159234053803,0.012484990989183778,0.011319231422671765,0.010914439976471539,0.0052081666639999125,0.01058890929227369,0.01058890929227369,0.012439855304624731,0.011842719282327014,0.011180339887498938,0.00937416662962633,0.007331439149307574,0.007132671308843541,0.007132671308843541,0.007132671308843541,0.010093314619093165,0.009266876496425314,0.007558108228915488,0.01574404649383378,0.013865424623862027,0.013797644726546618,0.013797644726546618,0.013564659966250522,0.014620191517213435,0.014620191517213435,0.014620191517213435,0.014304719500919964,0.012956658519849944,0.010289557813628343,0.010289557813628343,0.010198039027185577,0.010198039027185577,0.010198039027185577,0.010198039027185577,0.013038404810405297,0.011645814698852123,0.011645814698852123,0.011645814698852123,0.011645814698852123,0.012918010682763813,0.010265232583823895,0.010265232583823895,0.010265232583823895,0.010265232583823895,0.010265232583823895,0.009874208829065744,0.009874208829065744,0.01152171862180292,0.01152171862180292,0.01022863627273939,0.01022863627273939,0.01022863627273939,0.011135528725660033,0.011135528725660033,0.011135528725660033,0.011135528725660033,0.011135528725660033,0.011374313166077333,0.009239859306288178,0.009239859306288178,0.010111874208078355,0.009630680142129124,0.009630680142129124,0.009630680142129124,0.009630680142129124,0.009630680142129124,0.009630680142129124,0.009630680142129124,0.009797958971132722,0.010943034314119648,0.009650129532809384,0.009650129532809384,0.011963486114005384,0.013355710389193079,0.011911129249571594,0.011911129249571594,0.011096170510586072,0.011096170510586072,0.011236102527122115,0.011236102527122115,0.007881941385217231,0.007881941385217231,0.007881941385217231,0.009171968163922052,0.009367496997597593,0.009367496997597593,0.009367496997597593,0.009367496997597593,0.008344159634139314,0.008344159634139314,0.008344159634139314,0.012514991010783816,0.012514991010783816,0.012057155551787484,0.012057155551787484,0.01206751838614716

mean_time: , 4721.03686413765
best_solution: , 0.885
worst_solution: , 0.9225
mean_solution: , 0.9049999999999999
std_solution: , 0.01206751838614716



solutions runs are : 



0.9025

0.90625

0.885

0.9225

0.90875

