# Scenario 28
Mean curve: 0.7344166666666668,0.7560833333333333,0.7765833333333333,0.78675,0.8069166666666667,0.8189166666666665,0.8299999999999998,0.842,0.8501666666666667,0.8631666666666666,0.867,0.8765833333333333,0.8765833333333333,0.8820833333333333,0.8899999999999999,0.89825,0.9020833333333333,0.9071666666666666,0.9109166666666667,0.9124166666666668,0.9191666666666667,0.9193333333333333,0.9241666666666667,0.92825,0.9283333333333333,0.9284166666666668,0.9284166666666668,0.9289999999999999,0.9303333333333332,0.9326666666666666,0.9339166666666667,0.9383333333333332,0.9383333333333332,0.9400833333333333,0.942,0.9423333333333334,0.9423333333333334,0.9435833333333333,0.9463333333333332,0.9485833333333332,0.9498333333333333,0.9498333333333333,0.9505833333333333,0.9511666666666667,0.9514166666666666,0.9514166666666666,0.9515,0.9528333333333332,0.9536666666666666,0.9536666666666666,0.9543333333333333,0.9550833333333333,0.9554166666666667,0.9574166666666667,0.9574166666666667,0.95875,0.9599166666666668,0.9599166666666668,0.9599166666666668,0.9606666666666666,0.9606666666666666,0.9606666666666666,0.9606666666666666,0.96075,0.96075,0.96075,0.9618333333333332,0.9638333333333332,0.9640833333333333,0.9650000000000001,0.9655833333333333,0.9655833333333333,0.9655833333333333,0.9655833333333333,0.9677499999999999,0.9677499999999999,0.9677499999999999,0.9677499999999999,0.9677499999999999,0.9677499999999999,0.9677499999999999,0.9677499999999999,0.9677499999999999,0.9677499999999999,0.9677499999999999,0.9677499999999999,0.9677499999999999,0.9677499999999999,0.9677499999999999,0.9677499999999999,0.9677499999999999,0.9677499999999999,0.9677499999999999,0.9677499999999999,0.9677499999999999,0.9677499999999999,0.9677499999999999,0.9677499999999999,0.9677499999999999,0.9677499999999999
Std curve: 0.00694522217867155,0.011578836057412875,0.010863419760318991,0.008068284961639745,0.007739688480667518,0.006098724821177306,0.011441275181454989,0.014898732235402511,0.013180372613178379,0.018757591055949097,0.017263078777810425,0.014165196002095315,0.014165196002095315,0.010229994026282585,0.011164800839145221,0.013253406270758411,0.011313094674363486,0.007894266555193345,0.010429658564774687,0.009355628133790811,0.012096257456107828,0.012077872329181151,0.009033118078616153,0.008422027995415067,0.008432740427115653,0.00832249294916425,0.00832249294916425,0.008369089954509187,0.0077432766535448705,0.006752571526627622,0.004997221450188307,0.004736090746127615,0.004736090746127615,0.0037767563978748876,0.00524669207956573,0.005294126724756192,0.005294126724756192,0.006149751575831679,0.005611248623177458,0.004621808207953998,0.0066070248809716094,0.0066070248809716094,0.005907857291588705,0.005479760740924538,0.005274414132815564,0.005274414132815564,0.005194815791836252,0.004605250626549383,0.004544532734812001,0.004544532734812001,0.0046889349655450715,0.004428443418528818,0.004133198922545756,0.007621242243449131,0.007621242243449131,0.007664854858377959,0.008426149773176376,0.008426149773176376,0.008426149773176376,0.007516648189186466,0.007516648189186466,0.007516648189186466,0.007516648189186466,0.007427426651719085,0.007427426651719085,0.007427426651719085,0.007142400779072063,0.006299250396321438,0.0062494444197509075,0.004684489774185063,0.0041965594373380675,0.0041965594373380675,0.0041965594373380675,0.0041965594373380675,0.0026034165586355704,0.0026034165586355704,0.0026034165586355704,0.0026034165586355704,0.0026034165586355704,0.0026034165586355704,0.0026034165586355704,0.0026034165586355704,0.0026034165586355704,0.0026034165586355704,0.0026034165586355704,0.0026034165586355704,0.0026034165586355704,0.0026034165586355704,0.0026034165586355704,0.0026034165586355704,0.0026034165586355704,0.0026034165586355704,0.0026034165586355704,0.0026034165586355704,0.0026034165586355704,0.0026034165586355704,0.0026034165586355704,0.0026034165586355704,0.0026034165586355704,0.0026034165586355704

mean_time: , 7681.128962659835
best_solution: , 0.965
worst_solution: , 0.9716666666666667
mean_solution: , 0.9677499999999999
std_solution: , 0.0026034165586355704



solutions runs are : 



0.9695833333333334

0.9675

0.965

0.965

0.9716666666666667

