# Scenario 122
Mean curve: 0.612656759571322,0.6215946777527392,0.622647548281677,0.622647548281677,0.6227241322729371,0.6279917799397636,0.6307065634139851,0.6307065634139851,0.6334553407589403,0.6351325533471635,0.6353587711224347,0.6357168975601407,0.6357168975601407,0.6357168975601407,0.6357168975601407,0.6357168975601407,0.6363559435289083,0.6384659453479673,0.6385567727798592,0.644580817119445,0.644580817119445,0.648093662141773,0.6482223480353262,0.6497105505338885,0.6497170502831653,0.6497170502831653,0.6508257120921396,0.65272331997548,0.6539249951547192,0.6539249951547192,0.6539249951547192,0.6539249951547192,0.6539249951547192,0.6539249951547192,0.6539249951547192,0.6539249951547192,0.6539249951547192,0.6539249951547192,0.6539249951547192,0.6539249951547192,0.6539249951547192,0.6539249951547192,0.6539249951547192,0.6559787879594128,0.6565170669731986,0.6565170669731986,0.6565170669731986,0.6565170669731986,0.6601486102656728,0.6601486102656728,0.6601486102656728,0.663354048754599,0.663354048754599,0.663354048754599,0.663354048754599,0.663354048754599,0.663354048754599,0.6639678898593647,0.6654833347062261,0.6654833347062261,0.6654833347062261,0.6654833347062261,0.6654833347062261,0.6654833347062261,0.6654833347062261,0.6654833347062261,0.6679804623800287,0.6679804623800287,0.6679804623800287,0.6679804623800287,0.6679804623800287,0.6679804623800287,0.6679804623800287,0.6679804623800287,0.6679804623800287,0.6679804623800287,0.6679804623800287,0.6679804623800287,0.6679804623800287,0.6679804623800287,0.6679804623800287,0.6698787016940485,0.6702163976700303,0.6702163976700303,0.6702163976700303,0.6702163976700303,0.6702163976700303,0.6702163976700303,0.671443983768296,0.671443983768296,0.671443983768296,0.671443983768296,0.671443983768296,0.671443983768296,0.671443983768296,0.671443983768296,0.671443983768296,0.671443983768296,0.671443983768296,0.671443983768296
Std curve: 0.0049169708313012645,0.008543303268182085,0.007686260880736396,0.007686260880736396,0.007659242727001795,0.006385806116492459,0.00959390672565794,0.00959390672565794,0.008781530611479628,0.008294092747405979,0.007940245902099609,0.008522336064410854,0.008522336064410854,0.008522336064410854,0.008522336064410854,0.008522336064410854,0.008445195996457463,0.005766330262122197,0.0056930964925537226,0.011139842897446843,0.011139842897446843,0.010837692191083366,0.01069908328791404,0.01022482233491599,0.010216114937647246,0.010216114937647246,0.009409580131295609,0.006842660987193355,0.005941461345661095,0.005941461345661095,0.005941461345661095,0.005941461345661095,0.005941461345661095,0.005941461345661095,0.005941461345661095,0.005941461345661095,0.005941461345661095,0.005941461345661095,0.005941461345661095,0.005941461345661095,0.005941461345661095,0.005941461345661095,0.005941461345661095,0.004384937940357968,0.005411011608272954,0.005411011608272954,0.005411011608272954,0.005411011608272954,0.008063178040125392,0.008063178040125392,0.008063178040125392,0.012230704309006885,0.012230704309006885,0.012230704309006885,0.012230704309006885,0.012230704309006885,0.012230704309006885,0.01168703582370971,0.010717914282986142,0.010717914282986142,0.010717914282986142,0.010717914282986142,0.010717914282986142,0.010717914282986142,0.010717914282986142,0.010717914282986142,0.010916718898894062,0.010916718898894062,0.010916718898894062,0.010916718898894062,0.010916718898894062,0.010916718898894062,0.010916718898894062,0.010916718898894062,0.010916718898894062,0.010916718898894062,0.010916718898894062,0.010916718898894062,0.010916718898894062,0.010916718898894062,0.010916718898894062,0.012482712921303445,0.01208129691784431,0.01208129691784431,0.01208129691784431,0.01208129691784431,0.01208129691784431,0.01208129691784431,0.010853548546179625,0.010853548546179625,0.010853548546179625,0.010853548546179625,0.010853548546179625,0.010853548546179625,0.010853548546179625,0.010853548546179625,0.010853548546179625,0.010853548546179625,0.010853548546179625,0.010853548546179625

mean_time: , 19186.939148426056
best_solution: , 0.6561733006082595
worst_solution: , 0.6833271167474823
mean_solution: , 0.671443983768296
std_solution: , 0.010853548546179625



solutions runs are : 



0.672331890636546

0.6561733006082595

0.6833271167474823

0.6624302173654828

0.6829573934837093

