# Scenario 489
Mean curve: 0.6536333333333334,0.6562333333333334,0.6585333333333334,0.6585333333333334,0.6585333333333334,0.6585333333333334,0.6585333333333334,0.6585333333333334,0.6585333333333334,0.6585333333333334,0.6592333333333333,0.6592333333333333,0.6592333333333333,0.6592333333333333,0.6592333333333333,0.6592333333333333,0.6592333333333333,0.6592333333333333,0.6592333333333333,0.6601666666666667,0.6602,0.6605666666666667,0.6605666666666667,0.6607000000000001,0.6607000000000001,0.6607000000000001,0.6607000000000001,0.6608333333333334,0.6608333333333334,0.6611666666666667,0.663,0.663,0.663,0.663,0.663,0.663,0.6634333333333333,0.6635333333333333,0.6635333333333333,0.6635333333333333,0.6635333333333333,0.6638000000000001,0.6638000000000001,0.6638000000000001,0.6638000000000001,0.6638000000000001,0.6638000000000001,0.6638666666666667,0.6638666666666667,0.6638666666666667,0.6639666666666667,0.6639666666666667,0.6639666666666667,0.6641666666666667,0.6642666666666667,0.6642666666666667,0.6642666666666667,0.6642666666666667,0.6642666666666667,0.6642666666666667,0.6643333333333333,0.6643333333333333,0.6643333333333333,0.6643333333333333,0.6662666666666667,0.6664000000000001,0.6667666666666667,0.6667666666666667,0.6667666666666667,0.6667666666666667,0.6667666666666667,0.6667666666666667,0.6667666666666667,0.6667666666666667,0.6667666666666667,0.6667666666666667,0.6667666666666667,0.6667666666666667,0.6667666666666667,0.6667666666666667,0.6667666666666667,0.6667666666666667,0.6667666666666667,0.6667666666666667,0.6672,0.6672,0.6672,0.6672,0.6672,0.6672,0.6672,0.6672,0.6672,0.6674,0.6674,0.6674,0.6674,0.6674,0.6676666666666666,0.6676666666666666
Std curve: 0.0037909248358561683,0.0034810598641473837,0.0029047853238712514,0.0029047853238712514,0.0029047853238712514,0.0029047853238712514,0.0029047853238712514,0.0029047853238712514,0.0029047853238712514,0.0029047853238712514,0.0029108990592827573,0.0029108990592827573,0.0029108990592827573,0.0029108990592827573,0.0029108990592827573,0.0029108990592827573,0.0029108990592827573,0.0029108990592827573,0.0029108990592827573,0.003042294455761237,0.003066666666666664,0.003410115670895766,0.003410115670895766,0.0035518383346593127,0.0035518383346593127,0.0035518383346593127,0.0035518383346593127,0.003491258926073634,0.003491258926073634,0.0038972925074837387,0.002575525836277592,0.002575525836277592,0.002575525836277592,0.002575525836277592,0.002575525836277592,0.002575525836277592,0.0020859317129549486,0.002229598867758749,0.002229598867758749,0.002229598867758749,0.002229598867758749,0.0019072959334559764,0.0019072959334559764,0.0019072959334559764,0.0019072959334559764,0.0019072959334559764,0.0019072959334559764,0.0019304576314093463,0.0019304576314093463,0.0019304576314093463,0.0018330302779823269,0.0018330302779823269,0.0018330302779823269,0.0016124515496596975,0.0015297058540778134,0.0015297058540778134,0.0015297058540778134,0.0015297058540778134,0.0015297058540778134,0.0015297058540778134,0.0014869805348796804,0.0014869805348796804,0.0014869805348796804,0.0014869805348796804,0.0041427312515081634,0.0040229894909686965,0.0038204130085051882,0.0038204130085051882,0.0038204130085051882,0.0038204130085051882,0.0038204130085051882,0.0038204130085051882,0.0038204130085051882,0.0038204130085051882,0.0038204130085051882,0.0038204130085051882,0.0038204130085051882,0.0038204130085051882,0.0038204130085051882,0.0038204130085051882,0.0038204130085051882,0.0038204130085051882,0.0038204130085051882,0.0038204130085051882,0.0034759491109943447,0.0034759491109943447,0.0034759491109943447,0.0034759491109943447,0.0034759491109943447,0.0034759491109943447,0.0034759491109943447,0.0034759491109943447,0.0034759491109943447,0.0033509534298299384,0.0033509534298299384,0.0033509534298299384,0.0033509534298299384,0.0033509534298299384,0.0032540572964975573,0.0032540572964975573

mean_time: , 33276.75338230133
best_solution: , 0.6651666666666667
worst_solution: , 0.674
mean_solution: , 0.6676666666666666
std_solution: , 0.0032540572964975573



solutions runs are : 



0.667

0.6653333333333333

0.6651666666666667

0.674

0.6668333333333333

