# Scenario 343
Mean curve: 0.5625130832363935,0.5682066021473269,0.5682066021473269,0.5758251861317463,0.57672545216925,0.578492689632027,0.5797716338485042,0.580385385610777,0.5806720882991637,0.5819529264702206,0.5828608026051375,0.5828608026051375,0.5869198517017793,0.5930171252421317,0.5930171252421317,0.5932421681439275,0.5974309343706287,0.5985155420668218,0.5988146898192479,0.6006873938222442,0.6031960084797584,0.6050733937980012,0.6055877154512272,0.6059816200805369,0.6062359171590848,0.6068839980204626,0.6101871908468816,0.6101871908468816,0.6101871908468816,0.6145006500005998,0.6157274618367166,0.6164638426801556,0.6191608271863266,0.6192846065112502,0.6194646857378517,0.6215109953341985,0.6238660686001076,0.6260462866271277,0.6260462866271277,0.6287638830227658,0.6287638830227658,0.6287638830227658,0.6289181160371091,0.6289181160371091,0.6289181160371091,0.6292562701014178,0.6292562701014178,0.6292562701014178,0.6302497787588164,0.6302497787588164,0.6311858597430934,0.6312921504720483,0.6334660044965303,0.6334660044965303,0.633844442798764,0.6366478240695829,0.6368628299062699,0.6371627026266236,0.6383382136209167,0.6383475211316868,0.6388773890229975,0.6392699879323208,0.6392699879323208,0.6402478607623092,0.6402478607623092,0.6402478607623092,0.6402478607623092,0.640846974054479,0.640846974054479,0.642273921179249,0.6423542986344364,0.6455651613905248,0.646243980686989,0.646243980686989,0.646243980686989,0.646243980686989,0.646243980686989,0.6468798587258716,0.6468798587258716,0.6468798587258716,0.6468798587258716,0.6468798587258716,0.6479250611071518,0.648177078497602,0.648177078497602,0.648177078497602,0.648177078497602,0.6483652933106127,0.6513765242299856,0.6521701257054323,0.6526373521450617,0.6537250129948878,0.6544407673016212,0.654562669446217,0.6547834338825789,0.655404837263829,0.6559686261020654,0.6580419097375706,0.658262339469506,0.6583453130165836
Std curve: 0.006135239117749616,0.0021210543060170214,0.0021210543060170214,0.009074710605115985,0.008582619912148341,0.009140354853424593,0.010916234736241582,0.010735380479651906,0.010368711667052648,0.010407235059196168,0.0110962359993671,0.0110962359993671,0.016253446906681856,0.014974591407205981,0.014974591407205981,0.014891908644905976,0.018863905281613337,0.01960991093272435,0.020012860496497104,0.019313051566832596,0.01916407262315847,0.019123436732066828,0.019451993224046633,0.019621957498132555,0.019486558139041658,0.019029483152087478,0.01814692594477496,0.01814692594477496,0.01814692594477496,0.018074187638705462,0.01685147876572116,0.017074107063398545,0.019929556314088766,0.019712152083074724,0.01939715429909961,0.01837991841299362,0.014532959858622043,0.014823487683813372,0.014823487683813372,0.014049546964076842,0.014049546964076842,0.014049546964076842,0.01404949721950024,0.01404949721950024,0.01404949721950024,0.013551278266789344,0.013551278266789344,0.013551278266789344,0.013462732215305405,0.013462732215305405,0.013036983486271846,0.013208205983060514,0.013742886429396998,0.013742886429396998,0.0143030522857644,0.012793025721343266,0.012742856243882088,0.012794567600235568,0.01235268289567868,0.012339351862895887,0.012195737243413374,0.012559155919397392,0.012559155919397392,0.012524900856131763,0.012524900856131763,0.012524900856131763,0.012524900856131763,0.01261307692614444,0.01261307692614444,0.012376486453484457,0.01224060090994682,0.007646908525790136,0.007544009017591996,0.007544009017591996,0.007544009017591996,0.007544009017591996,0.007544009017591996,0.008176854308954424,0.008176854308954424,0.008176854308954424,0.008176854308954424,0.008176854308954424,0.010187750541232053,0.010100151422405458,0.010100151422405458,0.010100151422405458,0.010100151422405458,0.010044366290441168,0.008867127460951961,0.008690305858933432,0.008357000933389522,0.007772461732968,0.007640967104381158,0.0077656538564084545,0.0078030834907962835,0.008033619596961283,0.007640624932223151,0.007691953305862486,0.00802904734410036,0.00806398740919472

mean_time: , 49318.73844099045
best_solution: , 0.647491293692764
worst_solution: , 0.6707239357634464
mean_solution: , 0.6583453130165836
std_solution: , 0.00806398740919472



solutions runs are : 



0.647491293692764

0.6707239357634464

0.661899639308992

0.6520264018259206

0.6595852944917949

