# Scenario 145
Mean curve: 0.7369444444444444,0.7407222222222222,0.7460555555555556,0.7489444444444444,0.7509444444444444,0.7509444444444444,0.7530555555555556,0.7535000000000001,0.7535000000000001,0.7535000000000001,0.756,0.756,0.756,0.7566111111111111,0.7566111111111111,0.7566111111111111,0.7576666666666666,0.7589444444444444,0.7603888888888889,0.7612222222222222,0.7668888888888888,0.7668888888888888,0.7668888888888888,0.7668888888888888,0.7668888888888888,0.7668888888888888,0.7668888888888888,0.7668888888888888,0.7668888888888888,0.7668888888888888,0.7689999999999999,0.7689999999999999,0.7689999999999999,0.7689999999999999,0.7705,0.7705,0.7705,0.7705,0.7705,0.771,0.771,0.771,0.771,0.7716666666666667,0.7716666666666667,0.7727777777777778,0.7727777777777778,0.7727777777777778,0.7727777777777778,0.7727777777777778,0.7747222222222222,0.7747222222222222,0.7747222222222222,0.7755555555555554,0.7755555555555554,0.7763888888888889,0.7783333333333333,0.7783333333333333,0.7783333333333333,0.7783333333333333,0.7783333333333333,0.7783333333333333,0.7783333333333333,0.7783333333333333,0.7783333333333333,0.7783333333333333,0.7783333333333333,0.7783333333333333,0.7783333333333333,0.7783333333333333,0.7783333333333333,0.7783333333333333,0.7797777777777777,0.7797777777777777,0.7797777777777777,0.7797777777777777,0.7797777777777777,0.7797777777777777,0.7797777777777777,0.7797777777777777,0.7797777777777777,0.7813333333333332,0.7813333333333332,0.7813333333333332,0.7813333333333332,0.7813333333333332,0.7813333333333332,0.7820555555555556,0.7820555555555556,0.7820555555555556,0.7820555555555556,0.7820555555555556,0.7820555555555556,0.7820555555555556,0.7820555555555556,0.7820555555555556,0.7820555555555556,0.7840555555555555,0.7840555555555555,0.7840555555555555
Std curve: 0.015260090772022636,0.0132072744639245,0.01235208784271202,0.011636734088519573,0.008632768464289139,0.008632768464289139,0.006705903056447292,0.006330896217249199,0.006330896217249199,0.006330896217249199,0.006177917664283544,0.006177917664283544,0.006177917664283544,0.0057154760664940895,0.0057154760664940895,0.0057154760664940895,0.005705206632195669,0.004250635391864143,0.004137303947091325,0.003637086067407345,0.007008372418088045,0.007008372418088045,0.007008372418088045,0.007008372418088045,0.007008372418088045,0.007008372418088045,0.007008372418088045,0.007008372418088045,0.007008372418088045,0.007008372418088045,0.00555166530460193,0.00555166530460193,0.00555166530460193,0.00555166530460193,0.005506449641495045,0.005506449641495045,0.005506449641495045,0.005506449641495045,0.005506449641495045,0.005450676705071562,0.005450676705071562,0.005450676705071562,0.005450676705071562,0.005657399830267086,0.005657399830267086,0.006613211617756865,0.006613211617756865,0.006613211617756865,0.006613211617756865,0.006613211617756865,0.007811435112610114,0.007811435112610114,0.007811435112610114,0.006831300510639719,0.006831300510639719,0.007570654847159188,0.005698169513314696,0.005698169513314696,0.005698169513314696,0.005698169513314696,0.005698169513314696,0.005698169513314696,0.005698169513314696,0.005698169513314696,0.005698169513314696,0.005698169513314696,0.005698169513314696,0.005698169513314696,0.005698169513314696,0.005698169513314696,0.005698169513314696,0.005698169513314696,0.007646511348482307,0.007646511348482307,0.007646511348482307,0.007646511348482307,0.007646511348482307,0.007646511348482307,0.007646511348482307,0.007646511348482307,0.007646511348482307,0.008851309451846407,0.008851309451846407,0.008851309451846407,0.008851309451846407,0.008851309451846407,0.008851309451846407,0.009765143352319917,0.009765143352319917,0.009765143352319917,0.009765143352319917,0.009765143352319917,0.009765143352319917,0.009765143352319917,0.009765143352319917,0.009765143352319917,0.009765143352319917,0.007588164923983933,0.007588164923983933,0.007588164923983933

mean_time: , 13368.45081629753
best_solution: , 0.7758333333333334
worst_solution: , 0.7952777777777778
mean_solution: , 0.7840555555555555
std_solution: , 0.007588164923983933



solutions runs are : 



0.7758333333333334

0.7908333333333334

0.7797222222222222

0.7952777777777778

0.7786111111111111

