# Scenario 372
Mean curve: 0.7241666666666667,0.7255,0.7271666666666666,0.7324166666666667,0.7324166666666667,0.7346666666666667,0.7355,0.7355,0.7366666666666667,0.7374166666666666,0.7383333333333333,0.7383333333333333,0.7409166666666666,0.7425833333333334,0.74375,0.7455833333333333,0.7484166666666667,0.7484166666666667,0.7500833333333333,0.7502499999999999,0.7508333333333332,0.7563333333333333,0.7564999999999998,0.7609999999999999,0.7621666666666665,0.7621666666666665,0.7621666666666665,0.7621666666666665,0.7635833333333333,0.7643333333333333,0.7673333333333334,0.7673333333333334,0.7685000000000001,0.7685000000000001,0.7686666666666666,0.7693333333333333,0.7696666666666667,0.7701666666666667,0.7701666666666667,0.7715833333333334,0.7715833333333334,0.7715833333333334,0.7716666666666667,0.7720833333333333,0.7720833333333333,0.7720833333333333,0.77225,0.77225,0.77225,0.77225,0.77225,0.7728333333333334,0.7731666666666668,0.7731666666666668,0.7734166666666666,0.7751666666666667,0.7751666666666667,0.7759166666666666,0.7761666666666667,0.7778333333333334,0.7778333333333334,0.7790833333333333,0.7790833333333333,0.7796666666666667,0.7809166666666667,0.7810833333333334,0.78125,0.7819166666666667,0.7819166666666667,0.7825833333333334,0.7825833333333334,0.7825833333333334,0.7825833333333334,0.7825833333333334,0.7825833333333334,0.7826666666666666,0.7833333333333334,0.7836666666666666,0.7847500000000001,0.7847500000000001,0.7865833333333333,0.7865833333333333,0.7877500000000001,0.7877500000000001,0.7877500000000001,0.7877500000000001,0.7877500000000001,0.788,0.788,0.788,0.788,0.788,0.788,0.7889166666666665,0.7892499999999999,0.7896666666666666,0.7896666666666666,0.7896666666666666,0.7896666666666666,0.78975
Std curve: 0.011313094674363481,0.009637167633698202,0.007233218125042564,0.005146465885548167,0.005146465885548167,0.005325515102890167,0.006046119049072361,0.006046119049072361,0.006902093080282898,0.0073664027102031925,0.008135143241243866,0.008135143241243866,0.005119407517802571,0.006679154969837959,0.007397447007057373,0.005333333333333328,0.0035197853469904725,0.0035197853469904725,0.005226800593522237,0.004976332875611196,0.004887626099538383,0.004605250626549365,0.004863412153804963,0.01317773796134138,0.013074041286287703,0.013074041286287703,0.013074041286287703,0.013074041286287703,0.014197515432090402,0.013613208455189575,0.011874926900359828,0.011874926900359828,0.011500603848880693,0.011500603848880693,0.011314322290304853,0.010886408447641912,0.01055211932372935,0.010112560946114945,0.010112560946114945,0.010077477638554001,0.010077477638554001,0.010077477638554001,0.010000000000000026,0.009646530752325213,0.009646530752325213,0.009646530752325213,0.009521904571390488,0.009521904571390488,0.009521904571390488,0.009521904571390488,0.009521904571390488,0.009088301393672123,0.008899906366548678,0.008899906366548678,0.008789197915623496,0.008082044570802908,0.008082044570802908,0.008128311291064387,0.008565110105019744,0.009502923526765631,0.009502923526765631,0.010422998075836394,0.010422998075836394,0.011078633088567899,0.010821788720498614,0.010644508234557171,0.010474837574980436,0.011418795421973738,0.011418795421973738,0.010987366482566322,0.010987366482566322,0.010987366482566322,0.010987366482566322,0.010987366482566322,0.010987366482566322,0.010899158988961785,0.011045989719752994,0.010734808387256425,0.009890371299624907,0.009890371299624907,0.012751361583071105,0.012751361583071105,0.014367691378769077,0.014367691378769077,0.014367691378769077,0.014367691378769077,0.014367691378769077,0.014494730843386566,0.014494730843386566,0.014494730843386566,0.014494730843386566,0.014494730843386566,0.014494730843386566,0.01377043935392041,0.01348713378660483,0.013211421826081645,0.013211421826081645,0.013211421826081645,0.013211421826081645,0.01314872194887733

mean_time: , 12542.472911739349
best_solution: , 0.7783333333333333
worst_solution: , 0.8129166666666666
mean_solution: , 0.78975
std_solution: , 0.01314872194887733



solutions runs are : 



0.7816666666666666

0.7958333333333333

0.78

0.7783333333333333

0.8129166666666666

