# Scenario 46
Mean curve: 0.7125555555555556,0.7316111111111112,0.746,0.7612222222222222,0.7737222222222222,0.7838888888888889,0.797611111111111,0.8023888888888889,0.8087777777777777,0.8211666666666666,0.8261666666666667,0.8348333333333333,0.8392777777777777,0.8456111111111111,0.8493888888888887,0.8542222222222223,0.8597222222222222,0.8667777777777778,0.8697777777777776,0.8716111111111111,0.8752777777777778,0.8772777777777778,0.8773333333333333,0.8793888888888889,0.8846666666666666,0.8871666666666667,0.8871666666666667,0.8885555555555555,0.8932777777777778,0.8935000000000001,0.8944444444444445,0.8970555555555556,0.8970555555555556,0.899388888888889,0.899611111111111,0.9014444444444445,0.9031111111111111,0.9035,0.9040555555555555,0.9056666666666666,0.9073333333333334,0.9082777777777779,0.9082777777777779,0.9101666666666667,0.9106111111111111,0.9130555555555556,0.9141666666666668,0.9145555555555556,0.9145555555555556,0.9145555555555556,0.915,0.915,0.916,0.9168888888888891,0.9172777777777779,0.9173888888888889,0.9173888888888889,0.9185000000000001,0.9186666666666667,0.9206666666666667,0.9206666666666667,0.9206666666666667,0.9206666666666667,0.9225,0.9251111111111111,0.9251111111111111,0.9261666666666667,0.9262222222222223,0.9262222222222223,0.9268333333333334,0.9268333333333334,0.9276666666666668,0.9276666666666668,0.9276666666666668,0.9276666666666668,0.9276666666666668,0.9276666666666668,0.9276666666666668,0.9276666666666668,0.9276666666666668,0.9283888888888889,0.9283888888888889,0.9283888888888889,0.9283888888888889,0.9283888888888889,0.9283888888888889,0.9283888888888889,0.9283888888888889,0.9285,0.9285,0.9303333333333335,0.9303333333333335,0.9303333333333335,0.9303333333333335,0.9303333333333335,0.9303333333333335,0.9303333333333335,0.9303333333333335,0.9303333333333335,0.9303333333333335
Std curve: 0.005809209376519919,0.013861528606493655,0.008821970329457427,0.01275674597619766,0.010700178837780912,0.009824069710614461,0.012112640066588149,0.011201851698780912,0.01154246052892226,0.011057370035354955,0.012868518385272622,0.010684302550361171,0.008860370919973166,0.006656010001179588,0.00916481462772127,0.012249212622717555,0.009889825174152909,0.008721691420508286,0.008045779508614119,0.01036881602108035,0.011389566375513272,0.009505359112198363,0.009568789285748853,0.007616178361849608,0.00463947102135844,0.0029731307022799434,0.0029731307022799434,0.0036064071926927743,0.005268705653123838,0.0052310799583703575,0.004427049291808086,0.004111111111111099,0.004111111111111099,0.00589360398238923,0.005634439952670244,0.004920353294552107,0.005183068350973599,0.0048737138221025276,0.004207576939724794,0.0032754228828852806,0.003331480966792223,0.0041958239085554015,0.0041958239085554015,0.004269472457075755,0.004061259307221573,0.003763863263545395,0.0042017045335975365,0.003958114029012616,0.003958114029012616,0.003958114029012616,0.003951870943061923,0.003951870943061923,0.0053246457020023,0.0050777899343399085,0.005162184435696568,0.004977108089872213,0.004977108089872213,0.006202846817548784,0.006207323432650391,0.006839428176227704,0.006839428176227704,0.006839428176227704,0.006839428176227704,0.005100835080505762,0.0034765528549248895,0.0034765528549248895,0.0022730302828309675,0.0021844003612596996,0.0021844003612596996,0.0014337208778404209,0.0014337208778404209,0.0017795130420052091,0.0017795130420052091,0.0017795130420052091,0.0017795130420052091,0.0017795130420052091,0.0017795130420052091,0.0017795130420052091,0.0017795130420052091,0.0017795130420052091,0.002649248670570291,0.002649248670570291,0.002649248670570291,0.002649248670570291,0.002649248670570291,0.002649248670570291,0.002649248670570291,0.002649248670570291,0.0025736077382000956,0.0025736077382000956,0.003790012866846778,0.003790012866846778,0.003790012866846778,0.003790012866846778,0.003790012866846778,0.003790012866846778,0.003790012866846778,0.003790012866846778,0.003790012866846778,0.003790012866846778

mean_time: , 13546.098722839355
best_solution: , 0.925
worst_solution: , 0.9361111111111111
mean_solution: , 0.9303333333333335
std_solution: , 0.003790012866846778



solutions runs are : 



0.9280555555555555

0.925

0.93

0.9361111111111111

0.9325

