# Scenario 50
Mean curve: 0.7436666666666667,0.7607777777777778,0.774,0.7865555555555555,0.8016666666666665,0.8082222222222223,0.8156666666666667,0.823111111111111,0.8335555555555555,0.8394444444444445,0.8496666666666666,0.8535555555555556,0.8644444444444446,0.8685555555555556,0.8775555555555556,0.882,0.8826666666666668,0.8874444444444445,0.8908888888888888,0.8942222222222223,0.8969999999999999,0.9024444444444445,0.9051111111111112,0.9076666666666666,0.9096666666666667,0.9126666666666667,0.9145555555555556,0.9175555555555557,0.9204444444444444,0.9221111111111112,0.9221111111111112,0.9293333333333335,0.9325555555555555,0.9344444444444445,0.9345555555555556,0.9363333333333334,0.9386666666666666,0.9405555555555557,0.9437777777777777,0.945888888888889,0.945888888888889,0.945888888888889,0.945888888888889,0.945888888888889,0.945888888888889,0.9464444444444444,0.9464444444444444,0.9476666666666667,0.9476666666666667,0.9481111111111111,0.9498888888888889,0.9498888888888889,0.9502222222222223,0.9506666666666665,0.9521111111111111,0.9521111111111111,0.9521111111111111,0.9521111111111111,0.9521111111111111,0.9524444444444444,0.9524444444444444,0.9533333333333334,0.954,0.9544444444444444,0.9544444444444444,0.9555555555555555,0.9555555555555555,0.9555555555555555,0.9555555555555555,0.9555555555555555,0.9559999999999998,0.9559999999999998,0.956111111111111,0.9571111111111111,0.9571111111111111,0.9575555555555557,0.9575555555555557,0.957888888888889,0.957888888888889,0.957888888888889,0.957888888888889,0.957888888888889,0.957888888888889,0.957888888888889,0.957888888888889,0.958,0.9581111111111111,0.9581111111111111,0.9581111111111111,0.96,0.96,0.96,0.96,0.96,0.96,0.96,0.96,0.96,0.96,0.96
Std curve: 0.01411854572303158,0.004734950167258352,0.005228129047119351,0.006318696536939114,0.007942696000294023,0.004873713822102544,0.0015071844406945136,0.00754901677842801,0.0038103173776627445,0.004791968589521762,0.005896221849520706,0.006827685109216554,0.007294510027631013,0.0031544599036840595,0.007766658718800591,0.007316478948068604,0.00661461158494987,0.006690697429922034,0.006513044839890126,0.006854754140083178,0.006132286545131835,0.007557189365836441,0.006843939375304234,0.00405821830394435,0.004926622061643414,0.0070220112485888655,0.007048334012068309,0.003999999999999989,0.004640136226182461,0.004693047129320613,0.004693047129320613,0.00744029735234807,0.009854496999396316,0.010171371103418488,0.01014341603646862,0.010313601231886472,0.01123047001643846,0.010948814694288917,0.008645272739523069,0.00840781529439671,0.00840781529439671,0.00840781529439671,0.00840781529439671,0.00840781529439671,0.00840781529439671,0.007573508083534206,0.007573508083534206,0.007465145347662583,0.007465145347662583,0.007686769136190196,0.00602873776277801,0.00602873776277801,0.005595412583117394,0.0050965977516354115,0.005997942033895915,0.005997942033895915,0.005997942033895915,0.005997942033895915,0.005997942033895915,0.006071589374361902,0.006071589374361902,0.005805489101161404,0.005084471639398932,0.004753166585823894,0.004753166585823894,0.004621474298463442,0.004621474298463442,0.004621474298463442,0.004621474298463442,0.004621474298463442,0.004088526553994256,0.004088526553994256,0.004021546904634205,0.00396590406612774,0.00396590406612774,0.004076430295076492,0.004076430295076492,0.003624334762288916,0.003624334762288916,0.003624334762288916,0.003624334762288916,0.003624334762288916,0.003624334762288916,0.003624334762288916,0.003624334762288916,0.0036784323016104143,0.0035763282087624697,0.0035763282087624697,0.0035763282087624697,0.0054772255750516795,0.0054772255750516795,0.0054772255750516795,0.0054772255750516795,0.0054772255750516795,0.0054772255750516795,0.0054772255750516795,0.0054772255750516795,0.0054772255750516795,0.0054772255750516795,0.0054772255750516795

mean_time: , 8346.219299602508
best_solution: , 0.9533333333333334
worst_solution: , 0.9683333333333334
mean_solution: , 0.96
std_solution: , 0.0054772255750516795



solutions runs are : 



0.96

0.9683333333333334

0.9533333333333334

0.9633333333333334

0.955

