# Scenario 185
Mean curve: 0.7017666666666666,0.7042666666666667,0.7048333333333334,0.7062666666666667,0.7103,0.7125666666666667,0.7125666666666667,0.7132,0.7132,0.7132,0.7132,0.7145333333333334,0.7145333333333334,0.7162999999999999,0.7179666666666666,0.7179666666666666,0.7179666666666666,0.7179666666666666,0.7179666666666666,0.7184666666666666,0.7184666666666666,0.7184666666666666,0.7196666666666667,0.7216333333333333,0.7229333333333333,0.7229333333333333,0.7229333333333333,0.7235,0.7235,0.7235,0.7235,0.7235666666666667,0.7235666666666667,0.7239666666666666,0.7239666666666666,0.7239666666666666,0.7239666666666666,0.7239666666666666,0.7247666666666667,0.7254666666666666,0.7261,0.7263333333333333,0.7267666666666666,0.7267666666666666,0.7267666666666666,0.7292,0.7292,0.7292,0.7292,0.7292,0.7292,0.7301666666666666,0.7316,0.7316,0.7316,0.7316,0.7316,0.7316,0.7319,0.7319,0.7349666666666667,0.7349666666666667,0.7349666666666667,0.7364333333333333,0.7364333333333333,0.7364333333333333,0.7379666666666667,0.7379666666666667,0.7379666666666667,0.7379666666666667,0.7388999999999999,0.7388999999999999,0.7407999999999999,0.7407999999999999,0.7407999999999999,0.7407999999999999,0.7407999999999999,0.7407999999999999,0.7407999999999999,0.7407999999999999,0.7408333333333333,0.7417333333333334,0.7417333333333334,0.7417333333333334,0.7417333333333334,0.7417333333333334,0.7417333333333334,0.7417333333333334,0.7417333333333334,0.7417333333333334,0.7417333333333334,0.7417333333333334,0.7417333333333334,0.7417333333333334,0.7417333333333334,0.7431666666666666,0.7431666666666666,0.7431666666666666,0.7431666666666666,0.7431666666666666
Std curve: 0.004090096440047457,0.003092284304882437,0.002527625148017195,0.0021018510360578976,0.006006847943990442,0.006978220085061486,0.006978220085061486,0.0063808741999474726,0.0063808741999474726,0.0063808741999474726,0.0063808741999474726,0.006268439465555441,0.006268439465555441,0.004713338048088145,0.0024931015935086877,0.0024931015935086877,0.0024931015935086877,0.0024931015935086877,0.0024931015935086877,0.0024321915129272924,0.0024321915129272924,0.0024321915129272924,0.0018318175552045329,0.005229616514515092,0.005262656701282691,0.005262656701282691,0.005262656701282691,0.005663724726518573,0.005663724726518573,0.005663724726518573,0.005663724726518573,0.00562198067113956,0.00562198067113956,0.005494846070030849,0.005494846070030849,0.005494846070030849,0.005494846070030849,0.005494846070030849,0.00558629274802769,0.00516978400580398,0.005104028909705654,0.005158595846847383,0.0053671842400523735,0.0053671842400523735,0.0053671842400523735,0.003459929350595323,0.003459929350595323,0.003459929350595323,0.003459929350595323,0.003459929350595323,0.003459929350595323,0.0033846056720917114,0.004896257073860926,0.004896257073860926,0.004896257073860926,0.004896257073860926,0.004896257073860926,0.004896257073860926,0.00494705299479732,0.00494705299479732,0.002805550055000116,0.002805550055000116,0.002805550055000116,0.005274256135018266,0.005274256135018266,0.005274256135018266,0.005548172872416855,0.005548172872416855,0.005548172872416855,0.005548172872416855,0.00506140077229395,0.00506140077229395,0.0031044770538333436,0.0031044770538333436,0.0031044770538333436,0.0031044770538333436,0.0031044770538333436,0.0031044770538333436,0.0031044770538333436,0.0031044770538333436,0.003096593109998288,0.002555169052898224,0.002555169052898224,0.002555169052898224,0.002555169052898224,0.002555169052898224,0.002555169052898224,0.002555169052898224,0.002555169052898224,0.002555169052898224,0.002555169052898224,0.002555169052898224,0.002555169052898224,0.002555169052898224,0.002555169052898224,0.0028027764012770375,0.0028027764012770375,0.0028027764012770375,0.0028027764012770375,0.0028027764012770375

mean_time: , 33048.87064828873
best_solution: , 0.7385
worst_solution: , 0.7461666666666666
mean_solution: , 0.7431666666666666
std_solution: , 0.0028027764012770375



solutions runs are : 



0.742

0.7461666666666666

0.7433333333333333

0.7458333333333333

0.7385

