# Scenario 233
Mean curve: 0.7608333333333334,0.7695000000000001,0.7701666666666667,0.7753333333333333,0.7848333333333335,0.7946666666666667,0.7946666666666667,0.7953333333333334,0.8006666666666666,0.8019999999999999,0.8033333333333333,0.8065000000000001,0.8071666666666666,0.8083333333333332,0.8083333333333332,0.8106666666666665,0.818,0.8196666666666668,0.8218333333333334,0.8218333333333334,0.8233333333333335,0.8233333333333335,0.8251666666666667,0.8251666666666667,0.8263333333333334,0.8263333333333334,0.8300000000000001,0.8368333333333334,0.8368333333333334,0.8368333333333334,0.8368333333333334,0.8368333333333334,0.8368333333333334,0.8375,0.8388333333333333,0.8394999999999999,0.8433333333333334,0.8433333333333334,0.8433333333333334,0.8441666666666666,0.8448333333333334,0.8448333333333334,0.8448333333333334,0.8456666666666667,0.8456666666666667,0.8468333333333333,0.8488333333333333,0.8503333333333332,0.8514999999999999,0.8528333333333332,0.8536666666666666,0.8554999999999999,0.8554999999999999,0.8554999999999999,0.8568333333333333,0.8591666666666666,0.8591666666666666,0.8591666666666666,0.8596666666666668,0.8606666666666667,0.8626666666666667,0.8626666666666667,0.8626666666666667,0.8630000000000001,0.8630000000000001,0.8630000000000001,0.8688333333333332,0.8688333333333332,0.8688333333333332,0.8688333333333332,0.8693333333333333,0.8693333333333333,0.8693333333333333,0.8693333333333333,0.8693333333333333,0.8693333333333333,0.8701666666666666,0.8711666666666666,0.8724999999999999,0.8724999999999999,0.8741666666666668,0.8763333333333332,0.8763333333333332,0.8763333333333332,0.8768333333333335,0.8778333333333332,0.8778333333333332,0.8778333333333332,0.8809999999999999,0.8809999999999999,0.8809999999999999,0.8836666666666666,0.8836666666666666,0.8845000000000001,0.8845000000000001,0.8845000000000001,0.8845000000000001,0.8851666666666667,0.8858333333333333,0.8858333333333333
Std curve: 0.011855612829185793,0.015631165450257823,0.015287976393958177,0.013749747472428577,0.009448691855372265,0.008038103701191651,0.008038103701191651,0.006924192692613661,0.009300537618869124,0.010036046144883062,0.007763876465901395,0.00891939210683977,0.009273618495495703,0.008416254115301728,0.008416254115301728,0.00880971685760165,0.005312459150169738,0.004876246279442599,0.007156970184527973,0.007156970184527973,0.005451809077932042,0.005451809077932042,0.004326918328582382,0.004326918328582382,0.004876246279442583,0.004876246279442583,0.007923242882669814,0.011515689780083145,0.011515689780083145,0.011515689780083145,0.011515689780083145,0.011515689780083145,0.011515689780083145,0.011242281302693377,0.011554220008291346,0.011932681546445842,0.006728876412728812,0.006728876412728812,0.006728876412728812,0.005725188012439226,0.0057831171909658256,0.0057831171909658256,0.0057831171909658256,0.005038738819276995,0.005038738819276995,0.0059254629448770675,0.004136557881996965,0.004428443418528802,0.005661762583820987,0.005542763049438611,0.004034572812303385,0.00533853912601566,0.00533853912601566,0.00533853912601566,0.005661762583821013,0.002527625148017205,0.002527625148017205,0.002527625148017205,0.0027182510717167064,0.0016158932858054806,0.004755114205895728,0.004755114205895728,0.004755114205895728,0.004731689855526157,0.004731689855526157,0.004731689855526157,0.009712534856222331,0.009712534856222331,0.009712534856222331,0.009712534856222331,0.009389710680668876,0.009389710680668876,0.009389710680668876,0.009389710680668876,0.009389710680668876,0.009389710680668876,0.009073771725877493,0.008225975119502073,0.007340905181848434,0.007340905181848434,0.007888106377466175,0.007933753490274625,0.007933753490274625,0.007933753490274625,0.007479601890772302,0.0071024252508875224,0.0071024252508875224,0.0071024252508875224,0.004755114205895688,0.004755114205895688,0.004755114205895688,0.00676182092503358,0.00676182092503358,0.0054670731556189,0.0054670731556189,0.0054670731556189,0.0054670731556189,0.0046067583203617535,0.0058214163988576486,0.0058214163988576486

mean_time: , 5439.709125518799
best_solution: , 0.88
worst_solution: , 0.8966666666666666
mean_solution: , 0.8858333333333333
std_solution: , 0.0058214163988576486



solutions runs are : 



0.8833333333333333

0.88

0.8825

0.8966666666666666

0.8866666666666667

