# Scenario 88
Mean curve: 0.6744333333333333,0.6848000000000001,0.6936666666666667,0.7085666666666667,0.7162666666666666,0.7222333333333334,0.7301,0.7360333333333333,0.7405999999999999,0.7471,0.7540666666666667,0.7598666666666667,0.7618,0.7638666666666667,0.7666333333333333,0.7731333333333333,0.7768666666666666,0.7814666666666668,0.7864666666666668,0.7914666666666668,0.7935000000000001,0.7935666666666668,0.7947333333333333,0.7984333333333333,0.7993333333333332,0.7995666666666666,0.8033666666666667,0.8075666666666667,0.8075999999999999,0.8081999999999999,0.8133666666666667,0.8153333333333335,0.8166666666666668,0.8174666666666667,0.8174666666666667,0.8178666666666666,0.8182666666666668,0.8196,0.8199666666666667,0.8216666666666667,0.8230000000000001,0.8238666666666667,0.8251,0.8263333333333334,0.8270333333333333,0.8272999999999999,0.8295666666666668,0.8308333333333333,0.8308333333333333,0.8308333333333333,0.8308333333333333,0.8317666666666668,0.8317666666666668,0.8320333333333334,0.8325333333333333,0.8325333333333333,0.8331666666666667,0.8331666666666667,0.8335666666666667,0.8347333333333335,0.8356000000000001,0.8356000000000001,0.8362666666666667,0.8362666666666667,0.8362666666666667,0.8362666666666667,0.8362666666666667,0.8373666666666667,0.8373666666666667,0.8381000000000001,0.8387,0.8387,0.8387,0.8394,0.8395666666666667,0.8395666666666667,0.8395666666666667,0.8395666666666667,0.8397333333333334,0.8397333333333334,0.8397333333333334,0.8397333333333334,0.8397333333333334,0.8397333333333334,0.8399333333333333,0.8399333333333333,0.8399333333333333,0.8399333333333333,0.8399333333333333,0.8412,0.8412,0.8421,0.8421,0.8421,0.8421,0.8421,0.8421,0.8427,0.8427,0.8427
Std curve: 0.007383615494984682,0.007809111487373089,0.008283182426526108,0.009635351576356699,0.006112464496602156,0.006862620166930115,0.005211738886611877,0.00730859463614964,0.005717031086538233,0.006044832503882955,0.008169455306200056,0.005482700064749117,0.005860792513721074,0.004970356571157078,0.005950163396449241,0.004528183349252148,0.0035424410918022085,0.006245353828602843,0.0036703012289335396,0.004235301379804963,0.00506403440395545,0.004988431060408098,0.004164132562731395,0.001474222959166422,0.002302172886644289,0.002141131580366918,0.004722758139524451,0.004659041389241635,0.004663808648638049,0.004275771535316432,0.0012622730819174378,0.003834057902536163,0.004119061381755177,0.0037879927255591245,0.0037879927255591245,0.0032581521688766625,0.0033109246778237596,0.004585726647859518,0.004293923354902574,0.007067138349038079,0.006712343521867444,0.007015379929523117,0.005564370784034987,0.0047667832153583745,0.004944581770876986,0.00511251188534343,0.007719815772125378,0.0070269323162940635,0.0070269323162940635,0.0070269323162940635,0.0070269323162940635,0.007706851208863157,0.007706851208863157,0.007594149795145666,0.007432212172548476,0.007432212172548476,0.006482454953350793,0.006482454953350793,0.00663542680532977,0.0053857837560253455,0.006503503329402948,0.006503503329402948,0.005976435206523831,0.005976435206523831,0.005976435206523831,0.005976435206523831,0.005976435206523831,0.007266666666666664,0.007266666666666664,0.006662998991111713,0.0061737796814881315,0.0061737796814881315,0.0061737796814881315,0.005623956693368922,0.005537347941228038,0.005537347941228038,0.005537347941228038,0.005537347941228038,0.005372357231441553,0.005372357231441553,0.005372357231441553,0.005372357231441553,0.005372357231441553,0.005372357231441553,0.005284778982028388,0.005284778982028388,0.005284778982028388,0.005284778982028388,0.005284778982028388,0.004583060597945937,0.004583060597945937,0.004887171415496351,0.004887171415496351,0.004887171415496351,0.004887171415496351,0.004887171415496351,0.004887171415496351,0.005422586508710086,0.005422586508710086,0.005422586508710086

mean_time: , 33343.76915984154
best_solution: , 0.8346666666666667
worst_solution: , 0.8485
mean_solution: , 0.8427
std_solution: , 0.005422586508710086



solutions runs are : 



0.8346666666666667

0.845

0.838

0.8485

0.8473333333333334

