# Scenario 472
Mean curve: 0.7350833333333333,0.7350833333333333,0.7386666666666667,0.7386666666666667,0.7388333333333332,0.7388333333333332,0.7388333333333332,0.7388333333333332,0.7388333333333332,0.7388333333333332,0.7388333333333332,0.7388333333333332,0.7388333333333332,0.739,0.739,0.739,0.739,0.739,0.739,0.739,0.739,0.739,0.739,0.739,0.739,0.739,0.739,0.73925,0.7393333333333333,0.7393333333333333,0.7393333333333333,0.7393333333333333,0.7393333333333333,0.7393333333333333,0.7396666666666667,0.7396666666666667,0.7396666666666667,0.7396666666666667,0.7396666666666667,0.7401666666666666,0.7401666666666666,0.7401666666666666,0.7401666666666666,0.7401666666666666,0.7401666666666666,0.7401666666666666,0.7401666666666666,0.7404166666666666,0.7404166666666666,0.7406666666666666,0.7406666666666666,0.7406666666666666,0.7406666666666666,0.7406666666666666,0.7406666666666666,0.7406666666666666,0.7420833333333333,0.7420833333333333,0.7420833333333333,0.7420833333333333,0.7420833333333333,0.7420833333333333,0.7420833333333333,0.7420833333333333,0.7420833333333333,0.7420833333333333,0.7420833333333333,0.7420833333333333,0.7420833333333333,0.7420833333333333,0.7420833333333333,0.7420833333333333,0.7420833333333333,0.7420833333333333,0.7420833333333333,0.7420833333333333,0.7420833333333333,0.7420833333333333,0.7420833333333333,0.7420833333333333,0.7420833333333333,0.7420833333333333,0.7420833333333333,0.7420833333333333,0.7420833333333333,0.7420833333333333,0.7420833333333333,0.7420833333333333,0.7420833333333333,0.7420833333333333,0.7420833333333333,0.7420833333333333,0.7420833333333333,0.7420833333333333,0.7420833333333333,0.7420833333333333,0.7420833333333333,0.7420833333333333,0.7423333333333333,0.7423333333333333
Std curve: 0.01044629120788809,0.01044629120788809,0.007561782564683784,0.007561782564683784,0.007543392988422247,0.007543392988422247,0.007543392988422247,0.007543392988422247,0.007543392988422247,0.007543392988422247,0.007543392988422247,0.007543392988422247,0.007543392988422247,0.007539709690845024,0.007539709690845024,0.007539709690845024,0.007539709690845024,0.007539709690845024,0.007539709690845024,0.007539709690845024,0.007539709690845024,0.007539709690845024,0.007539709690845024,0.007539709690845024,0.007539709690845024,0.007539709690845024,0.007539709690845024,0.0075755454515756835,0.007594771593376306,0.007594771593376306,0.007594771593376306,0.007594771593376306,0.007594771593376306,0.007594771593376306,0.007165697608901885,0.007165697608901885,0.007165697608901885,0.007165697608901885,0.007165697608901885,0.006596505809054443,0.006596505809054443,0.006596505809054443,0.006596505809054443,0.006596505809054443,0.006596505809054443,0.006596505809054443,0.006596505809054443,0.0065775290868903815,0.0065775290868903815,0.00632235891279688,0.00632235891279688,0.00632235891279688,0.00632235891279688,0.00632235891279688,0.00632235891279688,0.00632235891279688,0.006876893678592589,0.006876893678592589,0.006876893678592589,0.006876893678592589,0.006876893678592589,0.006876893678592589,0.006876893678592589,0.006876893678592589,0.006876893678592589,0.006876893678592589,0.006876893678592589,0.006876893678592589,0.006876893678592589,0.006876893678592589,0.006876893678592589,0.006876893678592589,0.006876893678592589,0.006876893678592589,0.006876893678592589,0.006876893678592589,0.006876893678592589,0.006876893678592589,0.006876893678592589,0.006876893678592589,0.006876893678592589,0.006876893678592589,0.006876893678592589,0.006876893678592589,0.006876893678592589,0.006876893678592589,0.006876893678592589,0.006876893678592589,0.006876893678592589,0.006876893678592589,0.006876893678592589,0.006876893678592589,0.006876893678592589,0.006876893678592589,0.006876893678592589,0.006876893678592589,0.006876893678592589,0.006876893678592589,0.006617527232030616,0.006617527232030616

mean_time: , 16030.734775733948
best_solution: , 0.735
worst_solution: , 0.7520833333333333
mean_solution: , 0.7423333333333333
std_solution: , 0.006617527232030616



solutions runs are : 



0.7358333333333333

0.7475

0.7520833333333333

0.74125

0.735

