# Scenario 320
Mean curve: 0.65607618113744,0.6608433856863218,0.6736265845697299,0.6777467167264312,0.6823838627998224,0.6887405516921227,0.6900781296248046,0.6920313071408696,0.6988358225232076,0.7049955058979724,0.7049955058979724,0.7049955058979724,0.7049955058979724,0.705667210637446,0.7115209994975068,0.7132553395970413,0.715219584705378,0.7182289827280207,0.719015790121259,0.7191766667740381,0.7192862414730495,0.7192862414730495,0.721639163251027,0.721639163251027,0.7218650140856366,0.7218650140856366,0.7243336756562073,0.7243336756562073,0.7243336756562073,0.7249219973018206,0.7285673420376093,0.7310279160810569,0.7310279160810569,0.7310279160810569,0.7310279160810569,0.7388097003379459,0.741383736787821,0.741383736787821,0.741383736787821,0.741383736787821,0.741383736787821,0.741383736787821,0.7427953151475325,0.7429668668162016,0.7443199574765667,0.744882110992472,0.744882110992472,0.744882110992472,0.74509257652194,0.7462444373577838,0.7471552808313356,0.7471552808313356,0.7471552808313356,0.7493119854461716,0.7493119854461716,0.7502359232966167,0.7510731718914537,0.7510731718914537,0.7510731718914537,0.7520600396003624,0.7529046535134964,0.7529046535134964,0.7529046535134964,0.7529046535134964,0.7549115060110485,0.7559815786190381,0.7566014047884522,0.7568537425124064,0.7572979645180864,0.7577056988117072,0.7589398929686649,0.7589398929686649,0.7595060833662628,0.7595060833662628,0.7596102070979265,0.7613191045417783,0.7613191045417783,0.7620699755743543,0.7642192668585265,0.7642192668585265,0.7643191920657938,0.7643191920657938,0.7661569124459835,0.7694957858858082,0.7701409096149795,0.7701409096149795,0.7701409096149795,0.7701409096149795,0.7705173433783127,0.7705173433783127,0.7705173433783127,0.7705173433783127,0.7705173433783127,0.7705805603610238,0.7707984651997882,0.7723724032574506,0.7730821792556852,0.7740334906166755,0.7749123418334178,0.7749123418334178
Std curve: 0.004213357405186595,0.005620796276126933,0.015335387783272652,0.01991983397098711,0.01839242773366001,0.01604961908578831,0.01744673334261207,0.01479381795604087,0.012032270829683039,0.01372677980006661,0.01372677980006661,0.01372677980006661,0.01372677980006661,0.014574409114884342,0.013193006029255116,0.0140302950715774,0.012564089855658725,0.017652920954878585,0.017318459123218874,0.017366243714796815,0.017304829815792035,0.017304829815792035,0.016640635673075017,0.016640635673075017,0.016531277592336965,0.016531277592336965,0.016131920107016008,0.016131920107016008,0.016131920107016008,0.01618625997202162,0.018292326733267018,0.021064648030794244,0.021064648030794244,0.021064648030794244,0.021064648030794244,0.024857418654503693,0.021518057683168338,0.021518057683168338,0.021518057683168338,0.021518057683168338,0.021518057683168338,0.021518057683168338,0.023228667069043314,0.022990926974608097,0.02252993700610609,0.022942088625440282,0.022942088625440282,0.022942088625440282,0.02302591352488398,0.023754028167132766,0.024580700677532756,0.024580700677532756,0.024580700677532756,0.026931108501071273,0.026931108501071273,0.02782564788610458,0.028714999112958873,0.028714999112958873,0.028714999112958873,0.02889307202807083,0.029150933213282913,0.029150933213282913,0.029150933213282913,0.029150933213282913,0.030136854109665094,0.03004804921599376,0.030037579843226143,0.030274528550857473,0.030558209468456145,0.030945275033159168,0.029731517905905693,0.029731517905905693,0.03019596370740717,0.03019596370740717,0.030298182932201344,0.028214429471640337,0.028214429471640337,0.027484457170864066,0.02481926814263384,0.02481926814263384,0.024673889952027548,0.024673889952027548,0.023148891004772503,0.019389826280433953,0.0199671365494836,0.0199671365494836,0.0199671365494836,0.0199671365494836,0.0196358167383628,0.0196358167383628,0.0196358167383628,0.0196358167383628,0.0196358167383628,0.019695768987647747,0.019907191639961005,0.018783718897565072,0.01950642546992437,0.020404640506102616,0.02138952907943179,0.02138952907943179

mean_time: , 24957.122671365738
best_solution: , 0.741009125067096
worst_solution: , 0.8000884564352057
mean_solution: , 0.7749123418334178
std_solution: , 0.02138952907943179



solutions runs are : 



0.7791823561054331

0.741009125067096

0.792570226004209

0.8000884564352057

0.7617115455551458

