# Scenario 201
Mean curve: 0.6946905444189823,0.7028884988615837,0.7137150412955325,0.7152810986102455,0.7214737607466761,0.7214737607466761,0.725923493517173,0.7276486310586832,0.7363773749896689,0.7425140231680543,0.750865505368822,0.7522647700736051,0.7571350553435414,0.7615314515364762,0.7662127229022174,0.7705511458343084,0.7713286128939915,0.7713286128939915,0.7756721509868205,0.7820175414230519,0.7862984323644723,0.7936130613391642,0.7936130613391642,0.7995122024850843,0.8014177311456561,0.8016868065591239,0.8047410090004975,0.8102344833734687,0.8111203792994633,0.8165487720449291,0.817713008060801,0.8209986935815203,0.8249078944555643,0.8249078944555643,0.8286095267871783,0.8354257712602895,0.8354257712602895,0.8368420306388904,0.837532989474856,0.8398150457109429,0.8398150457109429,0.8398150457109429,0.8401862505292875,0.8402527888414589,0.8402527888414589,0.8402527888414589,0.8410670030223439,0.8512025324457835,0.8523132709403274,0.8523132709403274,0.8523132709403274,0.8532481742225636,0.8533078841983818,0.8533078841983818,0.8533078841983818,0.8533078841983818,0.8600532579302052,0.8600532579302052,0.8645007523507363,0.866753499998722,0.870985148132475,0.870985148132475,0.8715714298702185,0.8715714298702185,0.8715714298702185,0.8715714298702185,0.8715714298702185,0.874898100255133,0.877050932212194,0.877050932212194,0.8778391566462013,0.8778391566462013,0.8789869336784311,0.8789869336784311,0.8789869336784311,0.8823038619732506,0.8823038619732506,0.8823038619732506,0.8823038619732506,0.8861290282854298,0.888621681106917,0.888621681106917,0.888621681106917,0.888621681106917,0.8910094982768191,0.8910094982768191,0.8933206545932546,0.8948236361746893,0.8948236361746893,0.8950220670130017,0.900121462720862,0.900121462720862,0.9018741724351964,0.9018741724351964,0.9018741724351964,0.9018741724351964,0.9039229781103654,0.9045221738711382,0.9056205629761266,0.9060646203228464
Std curve: 0.010582166131012384,0.0037297171744886974,0.01363546085216097,0.013251535893946153,0.009127511817915566,0.009127511817915566,0.0061705552149162665,0.003216758018779602,0.009177873639995237,0.008963472583619026,0.008713470137077845,0.007712353183910822,0.010583007217630652,0.009163771397338951,0.007202082825622487,0.004491332820484827,0.0035518170936195003,0.0035518170936195003,0.007288183343245638,0.007384297476817244,0.0077244820938862585,0.014341288937583066,0.014341288937583066,0.017892046720638762,0.01601538718100689,0.015806572204456075,0.012170900094129035,0.013581459157191517,0.013206700834905152,0.015811624255434344,0.016597836723093368,0.018185198374601686,0.015442638223340577,0.015442638223340577,0.013806628857343487,0.008951427329170947,0.008951427329170947,0.010629062242507176,0.009638353886794947,0.011575919173505032,0.011575919173505032,0.011575919173505032,0.011960708427091673,0.01196571314740233,0.01196571314740233,0.01196571314740233,0.011297646430825533,0.0127000636895119,0.012008186000658606,0.012008186000658606,0.012008186000658606,0.011724230768266524,0.01180398748693065,0.01180398748693065,0.01180398748693065,0.01180398748693065,0.016016352872231833,0.016016352872231833,0.013663079485269349,0.012472745962857119,0.00960076710362276,0.00960076710362276,0.009612078556319124,0.009612078556319124,0.009612078556319124,0.009612078556319124,0.009612078556319124,0.008783464352642281,0.012795949846781363,0.012795949846781363,0.012638197526271744,0.012638197526271744,0.012598876275690027,0.012598876275690027,0.012598876275690027,0.013736787723357928,0.013736787723357928,0.013736787723357928,0.013736787723357928,0.019845113893115957,0.019808210827973224,0.019808210827973224,0.019808210827973224,0.019808210827973224,0.017221566625946965,0.017221566625946965,0.0151619822609025,0.013639660219734048,0.013639660219734048,0.013623453980612875,0.0168019901826022,0.0168019901826022,0.016483634409764268,0.016483634409764268,0.016483634409764268,0.016483634409764268,0.018827092014572583,0.019042260548109046,0.020229134958641717,0.020755752041267204

mean_time: , 8211.188909769058
best_solution: , 0.8832434674408959
worst_solution: , 0.9312551610239471
mean_solution: , 0.9060646203228464
std_solution: , 0.020755752041267204



solutions runs are : 



0.8832434674408959

0.9041878172588832

0.9281229703399004

0.9312551610239471

0.8835136855506047

