# Scenario 421
Mean curve: 0.6346888917325574,0.6346888917325574,0.6374154052601252,0.639132761001864,0.6400480966358671,0.6410944795127665,0.6410944795127665,0.6443075111047856,0.6443075111047856,0.6447695785577616,0.6456505663539656,0.6456505663539656,0.6456505663539656,0.6456505663539656,0.6456505663539656,0.6456505663539656,0.6456505663539656,0.6456505663539656,0.6456505663539656,0.6460428091494963,0.6462694628734569,0.6462694628734569,0.6462694628734569,0.6462694628734569,0.6462694628734569,0.6462694628734569,0.6462694628734569,0.6462694628734569,0.6462694628734569,0.6462694628734569,0.6470012702533197,0.6470012702533197,0.6470012702533197,0.6470012702533197,0.6470012702533197,0.6495217112857286,0.6500030054020243,0.6500107148320933,0.6500107148320933,0.6500107148320933,0.6500107148320933,0.6500107148320933,0.6500107148320933,0.6500107148320933,0.6500107148320933,0.6500107148320933,0.6500107148320933,0.6500107148320933,0.6500619904324104,0.6505679783361665,0.6505679783361665,0.6515160934691252,0.6515160934691252,0.6515160934691252,0.6515160934691252,0.6515160934691252,0.6515160934691252,0.6515160934691252,0.6515160934691252,0.6515160934691252,0.6515160934691252,0.6515160934691252,0.6515160934691252,0.6515160934691252,0.6515160934691252,0.6518462625300059,0.6518462625300059,0.6518462625300059,0.6518462625300059,0.6518462625300059,0.6518462625300059,0.6518462625300059,0.6518462625300059,0.6518462625300059,0.6518462625300059,0.6536691540425107,0.6536691540425107,0.6536691540425107,0.6536691540425107,0.6541763286278355,0.6541763286278355,0.6541763286278355,0.6541763286278355,0.6541763286278355,0.6541763286278355,0.6541763286278355,0.6541763286278355,0.6541763286278355,0.6541763286278355,0.6541763286278355,0.6541763286278355,0.6541763286278355,0.6541763286278355,0.6541763286278355,0.6541763286278355,0.6541763286278355,0.6541763286278355,0.6542679674607907,0.6542679674607907,0.654608790318133
Std curve: 0.005506365861254657,0.005506365861254657,0.005932484755307061,0.0074306523931390155,0.007655531788983302,0.005734909127954209,0.005734909127954209,0.008770607659256684,0.008770607659256684,0.0090308440343446,0.007760139375292811,0.007760139375292811,0.007760139375292811,0.007760139375292811,0.007760139375292811,0.007760139375292811,0.007760139375292811,0.007760139375292811,0.007760139375292811,0.007260703401027064,0.007418721827032027,0.007418721827032027,0.007418721827032027,0.007418721827032027,0.007418721827032027,0.007418721827032027,0.007418721827032027,0.007418721827032027,0.007418721827032027,0.007418721827032027,0.008082854241027405,0.008082854241027405,0.008082854241027405,0.008082854241027405,0.008082854241027405,0.008402460822003176,0.008790989859641685,0.008797930781308897,0.008797930781308897,0.008797930781308897,0.008797930781308897,0.008797930781308897,0.008797930781308897,0.008797930781308897,0.008797930781308897,0.008797930781308897,0.008797930781308897,0.008797930781308897,0.008831710542034538,0.008128490587728009,0.008128490587728009,0.007017033408138313,0.007017033408138313,0.007017033408138313,0.007017033408138313,0.007017033408138313,0.007017033408138313,0.007017033408138313,0.007017033408138313,0.007017033408138313,0.007017033408138313,0.007017033408138313,0.007017033408138313,0.007017033408138313,0.007017033408138313,0.007253755752513923,0.007253755752513923,0.007253755752513923,0.007253755752513923,0.007253755752513923,0.007253755752513923,0.007253755752513923,0.007253755752513923,0.007253755752513923,0.007253755752513923,0.009318513225351831,0.009318513225351831,0.009318513225351831,0.009318513225351831,0.008692778202608066,0.008692778202608066,0.008692778202608066,0.008692778202608066,0.008692778202608066,0.008692778202608066,0.008692778202608066,0.008692778202608066,0.008692778202608066,0.008692778202608066,0.008692778202608066,0.008692778202608066,0.008692778202608066,0.008692778202608066,0.008692778202608066,0.008692778202608066,0.008692778202608066,0.008692778202608066,0.008592492580061863,0.008592492580061863,0.008244598577804657

mean_time: , 29241.323758363724
best_solution: , 0.6440798136331409
worst_solution: , 0.6667004973104638
mean_solution: , 0.654608790318133
std_solution: , 0.008244598577804657



solutions runs are : 



0.6440798136331409

0.6466972285892895

0.6576224868241265

0.6579439252336449

0.6667004973104638

