# Scenario 113
Mean curve: 0.819,0.842,0.8563333333333334,0.8733333333333333,0.8806666666666667,0.8823333333333334,0.885,0.8873333333333333,0.8879999999999999,0.8906666666666666,0.892,0.8936666666666667,0.899,0.899,0.899,0.899,0.8996666666666666,0.9040000000000001,0.907,0.9086666666666667,0.913,0.913,0.913,0.913,0.913,0.9143333333333332,0.9143333333333332,0.915,0.9156666666666669,0.916,0.916,0.916,0.916,0.916,0.9166666666666667,0.9173333333333333,0.9173333333333333,0.9173333333333333,0.9196666666666667,0.9209999999999999,0.9213333333333333,0.9216666666666666,0.9233333333333335,0.9233333333333335,0.9233333333333335,0.9233333333333335,0.9253333333333333,0.9266666666666667,0.9266666666666667,0.9266666666666667,0.9266666666666667,0.9266666666666667,0.9273333333333333,0.9273333333333333,0.9273333333333333,0.9273333333333333,0.9273333333333333,0.9273333333333333,0.9273333333333333,0.9273333333333333,0.9273333333333333,0.9273333333333333,0.9273333333333333,0.9273333333333333,0.9283333333333333,0.9293333333333333,0.9346666666666668,0.9346666666666668,0.9349999999999999,0.9349999999999999,0.9349999999999999,0.9363333333333334,0.9363333333333334,0.9366666666666668,0.9393333333333335,0.9393333333333335,0.942,0.942,0.942,0.942,0.9450000000000001,0.9450000000000001,0.9450000000000001,0.9450000000000001,0.9450000000000001,0.9450000000000001,0.9450000000000001,0.9450000000000001,0.9450000000000001,0.9450000000000001,0.9450000000000001,0.9450000000000001,0.9450000000000001,0.9450000000000001,0.9450000000000001,0.9450000000000001,0.9450000000000001,0.9450000000000001,0.9450000000000001,0.9450000000000001
Std curve: 0.01496662954709575,0.007630348761506419,0.015326085243430217,0.01197218999737864,0.00522812904711937,0.0068799224801834435,0.009006170724070854,0.006377042156569667,0.005517648452415598,0.0082056890833941,0.006944222218666535,0.0059999999999999845,0.0073484692283495474,0.0073484692283495474,0.0073484692283495474,0.0073484692283495474,0.0064463598686045655,0.007859884081701055,0.0075571893658364486,0.005811865258054237,0.0058118652580542215,0.0058118652580542215,0.0058118652580542215,0.0058118652580542215,0.0058118652580542215,0.00679869268479036,0.00679869268479036,0.005962847939999428,0.006110100926607777,0.005734883511361734,0.005734883511361734,0.005734883511361734,0.005734883511361734,0.005734883511361734,0.006497862896539312,0.005925462944877068,0.005925462944877068,0.005925462944877068,0.003858612300930086,0.004294699575575056,0.004642796092394705,0.004082482904638615,0.004346134936801747,0.004346134936801747,0.004346134936801747,0.004346134936801747,0.005906681715556438,0.0064117946872237685,0.0064117946872237685,0.0064117946872237685,0.0064117946872237685,0.0064117946872237685,0.006548960901462824,0.006548960901462824,0.006548960901462824,0.006548960901462824,0.006548960901462824,0.006548960901462824,0.006548960901462824,0.006548960901462824,0.006548960901462824,0.006548960901462824,0.006548960901462824,0.006548960901462824,0.004714045207910308,0.003091206165165229,0.01007747763855399,0.01007747763855399,0.010697871023920788,0.010697871023920788,0.010697871023920788,0.009741092797468294,0.009741092797468294,0.009718253158075492,0.010413666234542198,0.010413666234542198,0.008844332774281061,0.008844332774281061,0.008844332774281061,0.008844332774281061,0.010593499054713799,0.010593499054713799,0.010593499054713799,0.010593499054713799,0.010593499054713799,0.010593499054713799,0.010593499054713799,0.010593499054713799,0.010593499054713799,0.010593499054713799,0.010593499054713799,0.010593499054713799,0.010593499054713799,0.010593499054713799,0.010593499054713799,0.010593499054713799,0.010593499054713799,0.010593499054713799,0.010593499054713799,0.010593499054713799

mean_time: , 3770.5533252716064
best_solution: , 0.9316666666666666
worst_solution: , 0.9566666666666667
mean_solution: , 0.9450000000000001
std_solution: , 0.010593499054713799



solutions runs are : 



0.9316666666666666

0.9483333333333334

0.9333333333333333

0.955

0.9566666666666667

