# Scenario 490
Mean curve: 0.7392,0.7407333333333332,0.7407333333333332,0.7408,0.7408,0.7456666666666666,0.7456666666666666,0.7456666666666666,0.7456666666666666,0.7456666666666666,0.7456666666666666,0.7456666666666666,0.7463333333333333,0.7463333333333333,0.7463333333333333,0.7463333333333333,0.7463333333333333,0.7463333333333333,0.7463333333333333,0.7463333333333333,0.7463333333333333,0.7463333333333333,0.7463333333333333,0.7463333333333333,0.7463333333333333,0.7463333333333333,0.7463333333333333,0.7463333333333333,0.7463333333333333,0.7463333333333333,0.7463333333333333,0.7463333333333333,0.7463333333333333,0.7463333333333333,0.7463333333333333,0.7463333333333333,0.7463333333333333,0.7463333333333333,0.7463333333333333,0.7463333333333333,0.7463333333333333,0.7463333333333333,0.7463333333333333,0.7463333333333333,0.7463333333333333,0.7463333333333333,0.7463333333333333,0.7463333333333333,0.7463333333333333,0.7463333333333333,0.7463333333333333,0.7463333333333333,0.7463333333333333,0.7463333333333333,0.7463333333333333,0.7463333333333333,0.7463333333333333,0.7463333333333333,0.7463333333333333,0.7463333333333333,0.7463333333333333,0.7463333333333333,0.7463333333333333,0.7463333333333333,0.7463333333333333,0.7463333333333333,0.7463333333333333,0.7463333333333333,0.7463333333333333,0.7463333333333333,0.7463333333333333,0.7463333333333333,0.7463333333333333,0.7463333333333333,0.7463333333333333,0.7463333333333333,0.7463333333333333,0.7463333333333333,0.7463333333333333,0.7463333333333333,0.7463333333333333,0.7463333333333333,0.7463333333333333,0.7463333333333333,0.7463333333333333,0.7463333333333333,0.7463333333333333,0.7463333333333333,0.7463333333333333,0.7463333333333333,0.7463333333333333,0.7463333333333333,0.7463333333333333,0.7463333333333333,0.7463333333333333,0.7463333333333333,0.7463333333333333,0.7463333333333333,0.7463333333333333,0.7463333333333333
Std curve: 0.005690537955432863,0.0052805723595500806,0.0052805723595500806,0.005222174940684297,0.005222174940684297,0.004876246279442603,0.004876246279442603,0.004876246279442603,0.004876246279442603,0.004876246279442603,0.004876246279442603,0.004876246279442603,0.0039721250959376475,0.0039721250959376475,0.0039721250959376475,0.0039721250959376475,0.0039721250959376475,0.0039721250959376475,0.0039721250959376475,0.0039721250959376475,0.0039721250959376475,0.0039721250959376475,0.0039721250959376475,0.0039721250959376475,0.0039721250959376475,0.0039721250959376475,0.0039721250959376475,0.0039721250959376475,0.0039721250959376475,0.0039721250959376475,0.0039721250959376475,0.0039721250959376475,0.0039721250959376475,0.0039721250959376475,0.0039721250959376475,0.0039721250959376475,0.0039721250959376475,0.0039721250959376475,0.0039721250959376475,0.0039721250959376475,0.0039721250959376475,0.0039721250959376475,0.0039721250959376475,0.0039721250959376475,0.0039721250959376475,0.0039721250959376475,0.0039721250959376475,0.0039721250959376475,0.0039721250959376475,0.0039721250959376475,0.0039721250959376475,0.0039721250959376475,0.0039721250959376475,0.0039721250959376475,0.0039721250959376475,0.0039721250959376475,0.0039721250959376475,0.0039721250959376475,0.0039721250959376475,0.0039721250959376475,0.0039721250959376475,0.0039721250959376475,0.0039721250959376475,0.0039721250959376475,0.0039721250959376475,0.0039721250959376475,0.0039721250959376475,0.0039721250959376475,0.0039721250959376475,0.0039721250959376475,0.0039721250959376475,0.0039721250959376475,0.0039721250959376475,0.0039721250959376475,0.0039721250959376475,0.0039721250959376475,0.0039721250959376475,0.0039721250959376475,0.0039721250959376475,0.0039721250959376475,0.0039721250959376475,0.0039721250959376475,0.0039721250959376475,0.0039721250959376475,0.0039721250959376475,0.0039721250959376475,0.0039721250959376475,0.0039721250959376475,0.0039721250959376475,0.0039721250959376475,0.0039721250959376475,0.0039721250959376475,0.0039721250959376475,0.0039721250959376475,0.0039721250959376475,0.0039721250959376475,0.0039721250959376475,0.0039721250959376475,0.0039721250959376475,0.0039721250959376475

mean_time: , 20997.778519678115
best_solution: , 0.7416666666666667
worst_solution: , 0.7513333333333333
mean_solution: , 0.7463333333333333
std_solution: , 0.0039721250959376475



solutions runs are : 



0.7503333333333333

0.7513333333333333

0.746

0.7423333333333333

0.7416666666666667

