# Scenario 128
Mean curve: 0.7417499999999999,0.7444166666666666,0.7444166666666666,0.74475,0.74975,0.74975,0.7516666666666667,0.7520833333333334,0.7544166666666667,0.75775,0.7589166666666667,0.7591666666666667,0.7617499999999999,0.7617499999999999,0.7617499999999999,0.7617499999999999,0.7617499999999999,0.7617499999999999,0.7617499999999999,0.7668333333333333,0.7705833333333333,0.7705833333333333,0.7710000000000001,0.7710000000000001,0.7754166666666666,0.7754166666666666,0.7754166666666666,0.7754166666666666,0.7779166666666667,0.7779166666666667,0.7779166666666667,0.7808333333333334,0.7808333333333334,0.7808333333333334,0.7808333333333334,0.7810833333333334,0.7810833333333334,0.7810833333333334,0.7810833333333334,0.7810833333333334,0.7824166666666666,0.7847500000000001,0.7851666666666667,0.7851666666666667,0.7858333333333334,0.7858333333333334,0.7858333333333334,0.7858333333333334,0.7858333333333334,0.78625,0.78625,0.7878333333333333,0.7878333333333333,0.7878333333333333,0.7878333333333333,0.7878333333333333,0.7878333333333333,0.7878333333333333,0.7883333333333333,0.7893333333333332,0.7893333333333332,0.7893333333333332,0.7916666666666666,0.7916666666666666,0.7916666666666666,0.7916666666666666,0.7916666666666666,0.7916666666666666,0.7916666666666666,0.7916666666666666,0.7916666666666666,0.7916666666666666,0.7924166666666667,0.79525,0.7960833333333334,0.7960833333333334,0.7964166666666667,0.7964166666666667,0.7964166666666667,0.7964166666666667,0.7975,0.7975,0.7975,0.7975,0.7975,0.7975,0.7975,0.7975,0.7975,0.7975,0.7975,0.7975,0.7976666666666666,0.7976666666666666,0.7976666666666666,0.7976666666666666,0.7976666666666666,0.7976666666666666,0.7976666666666666,0.7980833333333333
Std curve: 0.006131657379715685,0.00236584492776306,0.00236584492776306,0.002276083380624607,0.005052502130408047,0.005052502130408047,0.0043381383616068,0.004174991683291793,0.002845561846493967,0.0043349356012133125,0.004254083006033389,0.003970376416523855,0.0030436637279582764,0.0030436637279582764,0.0030436637279582764,0.0030436637279582764,0.0030436637279582764,0.0030436637279582764,0.0030436637279582764,0.009583695645325052,0.00901233722306385,0.00901233722306385,0.008468077310306832,0.008468077310306832,0.007499999999999984,0.007499999999999984,0.007499999999999984,0.007499999999999984,0.005400617248673203,0.005400617248673203,0.005400617248673203,0.009483172230617542,0.009483172230617542,0.009483172230617542,0.009483172230617542,0.009236852518279423,0.009236852518279423,0.009236852518279423,0.009236852518279423,0.009236852518279423,0.00785900050190157,0.0076585101539253676,0.0072293767980987885,0.0072293767980987885,0.007260050504874849,0.007260050504874849,0.007260050504874849,0.007260050504874849,0.007260050504874849,0.007472170590486657,0.007472170590486657,0.006386835418786598,0.006386835418786598,0.006386835418786598,0.006386835418786598,0.006386835418786598,0.006386835418786598,0.006386835418786598,0.00669265766842044,0.0070148651685783305,0.0070148651685783305,0.0070148651685783305,0.010065756029451775,0.010065756029451775,0.010065756029451775,0.010065756029451775,0.010065756029451775,0.010065756029451775,0.010065756029451775,0.010065756029451775,0.010065756029451775,0.010065756029451775,0.009073006361975318,0.0071521170137084575,0.0065648474637437105,0.0065648474637437105,0.006149751575831686,0.006149751575831686,0.006149751575831686,0.006149751575831686,0.005177408189003015,0.005177408189003015,0.005177408189003015,0.005177408189003015,0.005177408189003015,0.005177408189003015,0.005177408189003015,0.005177408189003015,0.005177408189003015,0.005177408189003015,0.005177408189003015,0.005177408189003015,0.0055000000000000005,0.0055000000000000005,0.0055000000000000005,0.0055000000000000005,0.0055000000000000005,0.0055000000000000005,0.0055000000000000005,0.005518906896599484

mean_time: , 7624.205309343338
best_solution: , 0.7929166666666667
worst_solution: , 0.8083333333333333
mean_solution: , 0.7980833333333333
std_solution: , 0.005518906896599484



solutions runs are : 



0.8083333333333333

0.7991666666666667

0.7954166666666667

0.7945833333333333

0.7929166666666667

