# Scenario 461
Mean curve: 0.5708601997662505,0.5708601997662505,0.5710225371545684,0.5746221435029493,0.5746221435029493,0.5747066608242533,0.5754585934098752,0.5754585934098752,0.5754585934098752,0.5754585934098752,0.5754585934098752,0.5756366950964378,0.5756366950964378,0.5756366950964378,0.5756366950964378,0.5761304055534981,0.5761304055534981,0.5761304055534981,0.5761458569927552,0.5771164912891561,0.5771164912891561,0.5771164912891561,0.5771164912891561,0.5771164912891561,0.5773090628459003,0.5773090628459003,0.5773090628459003,0.5773090628459003,0.5773669422884274,0.5773669422884274,0.5773747178975523,0.5777224027461598,0.5777224027461598,0.5777224027461598,0.5777224027461598,0.5777224027461598,0.5777224027461598,0.5806381139541724,0.5806381139541724,0.5806797411259728,0.5806797411259728,0.5806797411259728,0.5806797411259728,0.5806797411259728,0.5806797411259728,0.5806797411259728,0.5807648498671717,0.5807648498671717,0.5810146490985101,0.5811316304589556,0.5811316304589556,0.5811316304589556,0.5811316304589556,0.5811316304589556,0.5811316304589556,0.5811316304589556,0.5811316304589556,0.5811316304589556,0.5811316304589556,0.5811316304589556,0.5811316304589556,0.5811316304589556,0.5811316304589556,0.5811316304589556,0.5811316304589556,0.5811316304589556,0.5811316304589556,0.5811316304589556,0.5811316304589556,0.5811316304589556,0.5811316304589556,0.5811316304589556,0.5811316304589556,0.5811316304589556,0.5811316304589556,0.5816913851757061,0.5816913851757061,0.5816913851757061,0.5816913851757061,0.5816913851757061,0.5816913851757061,0.5816913851757061,0.5816913851757061,0.5816913851757061,0.5816913851757061,0.5816913851757061,0.5816913851757061,0.5816913851757061,0.5816913851757061,0.5817955209234017,0.5817955209234017,0.5821378162371985,0.5821378162371985,0.5821378162371985,0.5821378162371985,0.5821378162371985,0.5821378162371985,0.5821378162371985,0.5821378162371985,0.5821378162371985
Std curve: 0.007360570487437675,0.007360570487437675,0.007399030877309791,0.0075975556842305825,0.0075975556842305825,0.0074670812709904345,0.006386395086818669,0.006386395086818669,0.006386395086818669,0.006386395086818669,0.006386395086818669,0.00633018321901256,0.00633018321901256,0.00633018321901256,0.00633018321901256,0.006278248442913683,0.006278248442913683,0.006278248442913683,0.006266775982476773,0.005029965624660959,0.005029965624660959,0.005029965624660959,0.005029965624660959,0.005029965624660959,0.004897293852585142,0.004897293852585142,0.004897293852585142,0.004897293852585142,0.004829771785993492,0.004829771785993492,0.004820840507046132,0.004458787242355249,0.004458787242355249,0.004458787242355249,0.004458787242355249,0.004458787242355249,0.004458787242355249,0.004989011910341013,0.004989011910341013,0.004928040225032361,0.004928040225032361,0.004928040225032361,0.004928040225032361,0.004928040225032361,0.004928040225032361,0.004928040225032361,0.004805462600591587,0.004805462600591587,0.004463772152621607,0.004358351684696085,0.004358351684696085,0.004358351684696085,0.004358351684696085,0.004358351684696085,0.004358351684696085,0.004358351684696085,0.004358351684696085,0.004358351684696085,0.004358351684696085,0.004358351684696085,0.004358351684696085,0.004358351684696085,0.004358351684696085,0.004358351684696085,0.004358351684696085,0.004358351684696085,0.004358351684696085,0.004358351684696085,0.004358351684696085,0.004358351684696085,0.004358351684696085,0.004358351684696085,0.004358351684696085,0.004358351684696085,0.004358351684696085,0.004635046080126518,0.004635046080126518,0.004635046080126518,0.004635046080126518,0.004635046080126518,0.004635046080126518,0.004635046080126518,0.004635046080126518,0.004635046080126518,0.004635046080126518,0.004635046080126518,0.004635046080126518,0.004635046080126518,0.004635046080126518,0.004491079762715874,0.004491079762715874,0.0040573868389080624,0.0040573868389080624,0.0040573868389080624,0.0040573868389080624,0.0040573868389080624,0.0040573868389080624,0.0040573868389080624,0.0040573868389080624,0.0040573868389080624

mean_time: , 75718.09134435654
best_solution: , 0.5773904623577826
worst_solution: , 0.5873451197414173
mean_solution: , 0.5821378162371985
std_solution: , 0.0040573868389080624



solutions runs are : 



0.5873451197414173

0.5850336742329758

0.5774068938193344

0.5773904623577826

0.5835129310344828

