# Scenario 72
Mean curve: 0.7296666666666667,0.7440833333333334,0.7600833333333333,0.7705833333333333,0.7741666666666667,0.7889166666666667,0.8018333333333333,0.80325,0.8156666666666667,0.8205833333333332,0.8234166666666667,0.8253333333333334,0.83125,0.8376666666666667,0.84175,0.8451666666666666,0.849,0.8530000000000001,0.8549166666666667,0.8609166666666667,0.8676666666666668,0.8710833333333333,0.8725833333333334,0.8746666666666666,0.8766666666666667,0.8786666666666667,0.8800833333333333,0.881,0.88325,0.8868333333333334,0.8901666666666668,0.8911666666666667,0.8934166666666666,0.8936666666666667,0.8951666666666667,0.8970833333333333,0.8975,0.8985,0.8985,0.8985,0.8985,0.9000833333333332,0.9000833333333332,0.9001666666666667,0.9032499999999999,0.9038333333333333,0.9039999999999999,0.9056666666666666,0.909,0.9124166666666665,0.9124166666666665,0.9124166666666665,0.9124166666666665,0.9124166666666665,0.9124166666666665,0.91375,0.91375,0.91375,0.91375,0.9138333333333334,0.9144166666666667,0.9153333333333334,0.9155833333333334,0.9163333333333334,0.9164166666666667,0.9164166666666667,0.9164166666666667,0.9164166666666667,0.9164166666666667,0.9168333333333333,0.9174166666666667,0.9174166666666667,0.9178333333333333,0.9178333333333333,0.9179166666666667,0.9183333333333333,0.9183333333333333,0.9183333333333333,0.9185833333333333,0.9185833333333333,0.9203333333333333,0.9206666666666667,0.9206666666666667,0.9206666666666667,0.9209999999999999,0.9209999999999999,0.9209999999999999,0.9209999999999999,0.9209999999999999,0.9209999999999999,0.9209999999999999,0.9209999999999999,0.9209999999999999,0.9209999999999999,0.9209999999999999,0.9209999999999999,0.9219166666666666,0.9219166666666666,0.9219166666666666,0.9219166666666666
Std curve: 0.006249444419750892,0.009314713569879047,0.00799913189734431,0.009236852518279368,0.007302967433402201,0.00699503792381109,0.0039668767451372985,0.005592653911854173,0.009474380659910672,0.005201495511442429,0.004811733344417351,0.0033270774629461882,0.005527707983925659,0.0057348835113617495,0.003683672684216695,0.005643334317779004,0.005093568929978706,0.005666666666666679,0.007126827251075105,0.005912557258355598,0.008439325934114773,0.007414325473178407,0.007068120919546674,0.007810249675906644,0.007940752833047711,0.007964330201313555,0.008479550564609972,0.0074935157154554476,0.007693792591722514,0.008602325267042646,0.006659371008002362,0.005721547964590652,0.0055239378063921775,0.005580223014261061,0.005948856099191566,0.007927623996016844,0.007490735018081408,0.005995368582868308,0.005995368582868308,0.005995368582868308,0.005995368582868308,0.0045597880067681194,0.0045597880067681194,0.004538416268063339,0.00612032134232616,0.0055677643628300145,0.005575242894559237,0.004651761912317608,0.007069103353482833,0.005173382731722937,0.005173382731722937,0.005173382731722937,0.005173382731722937,0.005173382731722937,0.005173382731722937,0.007046472718869928,0.007046472718869928,0.007046472718869928,0.007046472718869928,0.0069392202571886925,0.007367345368433441,0.006354132513569422,0.006144102863722244,0.005733672470589857,0.005710613899670601,0.005710613899670601,0.005710613899670601,0.005710613899670601,0.005710613899670601,0.006081620763506325,0.006017336066178579,0.006017336066178579,0.0056359461396369845,0.0056359461396369845,0.005571504883482279,0.005633481260385211,0.005633481260385211,0.005633481260385211,0.005449260908090611,0.005449260908090611,0.0046800403606996645,0.0047037219305566995,0.0047037219305566995,0.0047037219305566995,0.004366857502191297,0.004366857502191297,0.004366857502191297,0.004366857502191297,0.004366857502191297,0.004366857502191297,0.004366857502191297,0.004366857502191297,0.004366857502191297,0.004366857502191297,0.004366857502191297,0.004366857502191297,0.003905124837953326,0.003905124837953326,0.003905124837953326,0.003905124837953326

mean_time: , 12523.588369178771
best_solution: , 0.915
worst_solution: , 0.92625
mean_solution: , 0.9219166666666666
std_solution: , 0.003905124837953326



solutions runs are : 



0.915

0.9216666666666666

0.92625

0.9216666666666666

0.925

