# Scenario 162
Mean curve: 0.549178040124127,0.549178040124127,0.549178040124127,0.549178040124127,0.549178040124127,0.549178040124127,0.549178040124127,0.549178040124127,0.5536769574104278,0.5536769574104278,0.5543933897195631,0.5543933897195631,0.5543933897195631,0.5543933897195631,0.5543933897195631,0.5543933897195631,0.5553140174211302,0.5553140174211302,0.5553140174211302,0.5553140174211302,0.5553140174211302,0.5560671044254779,0.5560671044254779,0.5560671044254779,0.5560671044254779,0.5572434893456635,0.5573893032493675,0.557732127462659,0.557732127462659,0.557732127462659,0.557732127462659,0.557732127462659,0.557732127462659,0.557732127462659,0.5592186361959992,0.5592186361959992,0.5605003489165202,0.5610777515198639,0.565600471998349,0.565600471998349,0.565600471998349,0.5687395445083173,0.5687395445083173,0.5687395445083173,0.5689442732310597,0.5689442732310597,0.5689442732310597,0.5689442732310597,0.5689442732310597,0.5689442732310597,0.5689442732310597,0.5689442732310597,0.5689442732310597,0.5689442732310597,0.5689442732310597,0.5689442732310597,0.5719161241215556,0.5719161241215556,0.5719161241215556,0.5719161241215556,0.5719161241215556,0.5719161241215556,0.5719161241215556,0.5719161241215556,0.5740038641304567,0.5740038641304567,0.5740038641304567,0.5744398402888561,0.5744850355450244,0.5744850355450244,0.5744850355450244,0.5744850355450244,0.5744850355450244,0.5744850355450244,0.5744850355450244,0.5744850355450244,0.57510572809252,0.57510572809252,0.57510572809252,0.57510572809252,0.57510572809252,0.57510572809252,0.57510572809252,0.57510572809252,0.5756164818652689,0.5757915092692861,0.5770917755198552,0.5773203030803244,0.5773203030803244,0.5773203030803244,0.5773203030803244,0.5773203030803244,0.5785159135362479,0.5785159135362479,0.5785159135362479,0.5785159135362479,0.5785159135362479,0.5785159135362479,0.5785159135362479,0.5785159135362479
Std curve: 0.008387648846670856,0.008387648846670856,0.008387648846670856,0.008387648846670856,0.008387648846670856,0.008387648846670856,0.008387648846670856,0.008387648846670856,0.00906147691305418,0.00906147691305418,0.008702008871076377,0.008702008871076377,0.008702008871076377,0.008702008871076377,0.008702008871076377,0.008702008871076377,0.009424402573970063,0.009424402573970063,0.009424402573970063,0.009424402573970063,0.009424402573970063,0.008370338080128978,0.008370338080128978,0.008370338080128978,0.008370338080128978,0.0070598915264867,0.00696972977038138,0.0068024408625689805,0.0068024408625689805,0.0068024408625689805,0.0068024408625689805,0.0068024408625689805,0.0068024408625689805,0.0068024408625689805,0.005937057123645846,0.005937057123645846,0.007390198333027633,0.0067265371814607625,0.007631860804960879,0.007631860804960879,0.007631860804960879,0.004650971020444807,0.004650971020444807,0.004650971020444807,0.0046071897540157685,0.0046071897540157685,0.0046071897540157685,0.0046071897540157685,0.0046071897540157685,0.0046071897540157685,0.0046071897540157685,0.0046071897540157685,0.0046071897540157685,0.0046071897540157685,0.0046071897540157685,0.0046071897540157685,0.008068307870557916,0.008068307870557916,0.008068307870557916,0.008068307870557916,0.008068307870557916,0.008068307870557916,0.008068307870557916,0.008068307870557916,0.008093896742957123,0.008093896742957123,0.008093896742957123,0.007459519013013024,0.007525390872439362,0.007525390872439362,0.007525390872439362,0.007525390872439362,0.007525390872439362,0.007525390872439362,0.007525390872439362,0.007525390872439362,0.006719504587704094,0.006719504587704094,0.006719504587704094,0.006719504587704094,0.006719504587704094,0.006719504587704094,0.006719504587704094,0.006719504587704094,0.006165781840522204,0.005972726904292849,0.008226308253242097,0.008210966833484623,0.008210966833484623,0.008210966833484623,0.008210966833484623,0.008210966833484623,0.007403006260242883,0.007403006260242883,0.007403006260242883,0.007403006260242883,0.007403006260242883,0.007403006260242883,0.007403006260242883,0.007403006260242883

mean_time: , 73807.35085191726
best_solution: , 0.5694471865745311
worst_solution: , 0.5919969728502507
mean_solution: , 0.5785159135362479
std_solution: , 0.007403006260242883



solutions runs are : 



0.5694471865745311

0.5919969728502507

0.578278392063656

0.575631388242929

0.5772256279498725

