# Scenario 312
Mean curve: 0.786,0.7903333333333333,0.8103333333333333,0.8136666666666666,0.8136666666666666,0.8176666666666665,0.8176666666666665,0.8176666666666665,0.8176666666666665,0.8176666666666665,0.8230000000000001,0.8230000000000001,0.8260000000000002,0.8273333333333334,0.8273333333333334,0.8273333333333334,0.8300000000000001,0.8300000000000001,0.8343333333333334,0.8370000000000001,0.8393333333333333,0.8426666666666666,0.8426666666666666,0.8486666666666667,0.8506666666666668,0.8526666666666667,0.8526666666666667,0.8526666666666667,0.8533333333333333,0.8536666666666667,0.8556666666666667,0.8666666666666668,0.8686666666666667,0.8700000000000001,0.8723333333333333,0.8736666666666666,0.8743333333333334,0.8746666666666666,0.8746666666666666,0.8800000000000001,0.8800000000000001,0.8800000000000001,0.8800000000000001,0.8800000000000001,0.882,0.882,0.882,0.8843333333333334,0.8843333333333334,0.8846666666666667,0.885,0.8876666666666667,0.8879999999999999,0.893,0.893,0.8949999999999999,0.8949999999999999,0.8963333333333333,0.898,0.8983333333333332,0.8983333333333332,0.901,0.901,0.901,0.901,0.901,0.9016666666666666,0.9016666666666666,0.9023333333333333,0.9029999999999999,0.9029999999999999,0.9029999999999999,0.9029999999999999,0.9043333333333333,0.9043333333333333,0.906,0.9076666666666666,0.909,0.9109999999999999,0.9163333333333334,0.9163333333333334,0.9163333333333334,0.9203333333333333,0.9203333333333333,0.9203333333333333,0.9216666666666666,0.9216666666666666,0.923,0.923,0.9236666666666666,0.9236666666666666,0.9236666666666666,0.9236666666666666,0.9236666666666666,0.9243333333333335,0.9243333333333335,0.9243333333333335,0.9243333333333335,0.9263333333333333,0.9263333333333333
Std curve: 0.016248076809271934,0.01620699437485763,0.015180396715647616,0.014996295838935999,0.014996295838935999,0.011234866364235156,0.011234866364235156,0.011234866364235156,0.011234866364235156,0.011234866364235156,0.011075498483890773,0.011075498483890773,0.008981462390205006,0.009225568335398714,0.009225568335398714,0.009225568335398714,0.011105554165971797,0.011105554165971797,0.016451950239004087,0.014922019523732915,0.015832456116050542,0.014204850501775014,0.014204850501775014,0.018808981306221186,0.015972198067614584,0.014204850501775014,0.014204850501775014,0.014204850501775014,0.013165611772087644,0.012666666666666666,0.01420485050177501,0.009189365834726801,0.010666666666666654,0.012292725943057184,0.012364824660660932,0.012036980056845187,0.01271918935222593,0.013055437351710731,0.013055437351710731,0.016227548592850756,0.016227548592850756,0.016227548592850756,0.016227548592850756,0.016227548592850756,0.015470401847829699,0.015470401847829699,0.015470401847829699,0.01836663641860787,0.01836663641860787,0.01848122170083881,0.018618986725025242,0.019136933459209755,0.019160143817599874,0.01863091814997618,0.01863091814997618,0.014981470036162837,0.014981470036162837,0.01564892612574068,0.017365355036841477,0.01679947089113886,0.01679947089113886,0.018844392033470096,0.018844392033470096,0.018844392033470096,0.018844392033470096,0.018844392033470096,0.019090428084368484,0.019090428084368484,0.018000000000000023,0.018690461025168265,0.018690461025168265,0.018690461025168265,0.018690461025168265,0.020264912204760906,0.020264912204760906,0.017845011752432232,0.015762120556715862,0.01775136927425912,0.02101851036057925,0.018208667044996876,0.018208667044996876,0.018208667044996876,0.020286832072937248,0.020286832072937248,0.020286832072937248,0.019776529298921767,0.019776529298921767,0.017713773674115252,0.017713773674115252,0.01752458590412657,0.01752458590412657,0.01752458590412657,0.01752458590412657,0.01752458590412657,0.017307673314329575,0.017307673314329575,0.017307673314329575,0.017307673314329575,0.01927577639306796,0.01927577639306796

mean_time: , 3802.53077583313
best_solution: , 0.8966666666666666
worst_solution: , 0.9483333333333334
mean_solution: , 0.9263333333333333
std_solution: , 0.01927577639306796



solutions runs are : 



0.9483333333333334

0.92

0.8966666666666666

0.9466666666666667

0.92

