# Scenario 119
Mean curve: 0.8405000000000001,0.8560000000000001,0.883,0.8880000000000001,0.89,0.901,0.9025000000000001,0.9025000000000001,0.907,0.9110000000000001,0.9110000000000001,0.9120000000000001,0.9125,0.9165000000000001,0.9165000000000001,0.921,0.9235,0.924,0.924,0.9315,0.9315,0.9334999999999999,0.9359999999999999,0.9369999999999999,0.9369999999999999,0.9375,0.9375,0.9375,0.938,0.9389999999999998,0.9400000000000001,0.942,0.942,0.945,0.9465,0.9469999999999998,0.9469999999999998,0.9484999999999999,0.9504999999999999,0.952,0.952,0.9535,0.9549999999999998,0.9549999999999998,0.959,0.959,0.959,0.959,0.959,0.9605,0.9605,0.9605,0.9605,0.9605,0.9605,0.9615,0.9615,0.9615,0.9615,0.9615,0.9615,0.9615,0.9615,0.9615,0.962,0.962,0.966,0.9705,0.9705,0.9705,0.9705,0.9705,0.9715,0.9720000000000001,0.9724999999999999,0.9724999999999999,0.9734999999999999,0.9734999999999999,0.9734999999999999,0.9734999999999999,0.9734999999999999,0.9734999999999999,0.9734999999999999,0.9734999999999999,0.9734999999999999,0.9734999999999999,0.9734999999999999,0.9754999999999999,0.976,0.976,0.976,0.976,0.9765,0.9775,0.9775,0.9775,0.9775,0.9780000000000001,0.9815000000000002,0.9815000000000002
Std curve: 0.021988633427296032,0.02267156809750927,0.012288205727444483,0.012083045973594561,0.011180339887498938,0.02046948949045874,0.01968501968502954,0.01968501968502954,0.018124568960391857,0.015700318468107582,0.015700318468107582,0.015033296378372923,0.015083103128998373,0.011467344941179724,0.011467344941179724,0.009300537618869136,0.009027735042633893,0.008602325267042635,0.008602325267042635,0.011247221879201987,0.011247221879201987,0.008154753215150032,0.007,0.005099019513592783,0.005099019513592783,0.0054772255750516665,0.0054772255750516665,0.0054772255750516665,0.005999999999999992,0.006244997998398393,0.004472135954999571,0.00640312423743284,0.00640312423743284,0.006123724356957924,0.00489897948556634,0.005338539126015652,0.005338539126015652,0.005612486080160912,0.0018708286933869782,0.0043011626335213065,0.0043011626335213065,0.004636809247747849,0.006519202405202638,0.006519202405202638,0.006442049363362546,0.006442049363362546,0.006442049363362546,0.006442049363362546,0.006442049363362546,0.008276472678623427,0.008276472678623427,0.008276472678623427,0.008276472678623427,0.008276472678623427,0.008276472678623427,0.00845576726264388,0.00845576726264388,0.00845576726264388,0.00845576726264388,0.00845576726264388,0.00845576726264388,0.00845576726264388,0.00845576726264388,0.00845576726264388,0.00871779788708135,0.00871779788708135,0.004898979485566363,0.009797958971132722,0.009797958971132722,0.009797958971132722,0.009797958971132722,0.009797958971132722,0.008602325267042634,0.00871779788708135,0.008215838362577506,0.008215838362577506,0.007842193570679078,0.007842193570679078,0.007842193570679078,0.007842193570679078,0.007842193570679078,0.007842193570679078,0.007842193570679078,0.007842193570679078,0.007842193570679078,0.007842193570679078,0.007842193570679078,0.011554220008291363,0.011467344941179737,0.011467344941179737,0.011467344941179737,0.011467344941179737,0.011467344941179737,0.011726039399558599,0.011726039399558599,0.011726039399558599,0.011726039399558599,0.011224972160321837,0.009300537618869167,0.009300537618869167

mean_time: , 3595.500298166275
best_solution: , 0.97
worst_solution: , 0.9975
mean_solution: , 0.9815000000000002
std_solution: , 0.009300537618869167



solutions runs are : 



0.9825

0.97

0.9825

0.975

0.9975

