# Scenario 402
Mean curve: 0.6770685867587414,0.6770685867587414,0.6770685867587414,0.6790347620405383,0.6790347620405383,0.6790347620405383,0.6790347620405383,0.6806519784529176,0.6811071554965629,0.6855192422037125,0.6855192422037125,0.6855192422037125,0.6855192422037125,0.6876165077666163,0.6876165077666163,0.6906155235981885,0.6906155235981885,0.6906155235981885,0.6940559009415661,0.6940559009415661,0.6940559009415661,0.6940559009415661,0.6940559009415661,0.6952047720537908,0.6952047720537908,0.6955152644289131,0.6955152644289131,0.6955152644289131,0.6955152644289131,0.6955152644289131,0.6972611446422886,0.6972611446422886,0.6972611446422886,0.6972611446422886,0.6972611446422886,0.6972611446422886,0.6972611446422886,0.6972611446422886,0.6972611446422886,0.6972611446422886,0.6972611446422886,0.6981236525900278,0.6981236525900278,0.6981236525900278,0.6981236525900278,0.6981236525900278,0.6981236525900278,0.6987522228987981,0.6987522228987981,0.6987522228987981,0.6987522228987981,0.6987522228987981,0.6987522228987981,0.6987522228987981,0.6987522228987981,0.6987522228987981,0.6987522228987981,0.6987522228987981,0.6987522228987981,0.6987522228987981,0.6987522228987981,0.6987522228987981,0.6987522228987981,0.6987522228987981,0.6987522228987981,0.6987522228987981,0.6987522228987981,0.6987522228987981,0.6987522228987981,0.6987522228987981,0.6993135865911615,0.7002721722338202,0.7002721722338202,0.7002721722338202,0.7002721722338202,0.7002721722338202,0.7030030660405715,0.7030030660405715,0.7036209439133213,0.7036209439133213,0.7036209439133213,0.7036209439133213,0.7058642278016173,0.7058642278016173,0.7058642278016173,0.7058642278016173,0.7058642278016173,0.7058642278016173,0.7058642278016173,0.7058642278016173,0.7058642278016173,0.7058642278016173,0.7058642278016173,0.7058642278016173,0.7058642278016173,0.7058642278016173,0.7058642278016173,0.7058642278016173,0.7058642278016173,0.7058642278016173
Std curve: 0.010450672250882396,0.010450672250882396,0.010450672250882396,0.011727937836113124,0.011727937836113124,0.011727937836113124,0.011727937836113124,0.00933918918942141,0.009523969461951172,0.007470115896688822,0.007470115896688822,0.007470115896688822,0.007470115896688822,0.0035204910381268044,0.0035204910381268044,0.008061865686117227,0.008061865686117227,0.008061865686117227,0.007025402702639336,0.007025402702639336,0.007025402702639336,0.007025402702639336,0.007025402702639336,0.0059809963086551446,0.0059809963086551446,0.005823539917099529,0.005823539917099529,0.005823539917099529,0.005823539917099529,0.005823539917099529,0.006150039020184867,0.006150039020184867,0.006150039020184867,0.006150039020184867,0.006150039020184867,0.006150039020184867,0.006150039020184867,0.006150039020184867,0.006150039020184867,0.006150039020184867,0.006150039020184867,0.006574089699655812,0.006574089699655812,0.006574089699655812,0.006574089699655812,0.006574089699655812,0.006574089699655812,0.007036468449665119,0.007036468449665119,0.007036468449665119,0.007036468449665119,0.007036468449665119,0.007036468449665119,0.007036468449665119,0.007036468449665119,0.007036468449665119,0.007036468449665119,0.007036468449665119,0.007036468449665119,0.007036468449665119,0.007036468449665119,0.007036468449665119,0.007036468449665119,0.007036468449665119,0.007036468449665119,0.007036468449665119,0.007036468449665119,0.007036468449665119,0.007036468449665119,0.007036468449665119,0.007450851785613527,0.008461350456247718,0.008461350456247718,0.008461350456247718,0.008461350456247718,0.008461350456247718,0.0068188302312886424,0.0068188302312886424,0.007006741664183035,0.007006741664183035,0.007006741664183035,0.007006741664183035,0.0029798264675888896,0.0029798264675888896,0.0029798264675888896,0.0029798264675888896,0.0029798264675888896,0.0029798264675888896,0.0029798264675888896,0.0029798264675888896,0.0029798264675888896,0.0029798264675888896,0.0029798264675888896,0.0029798264675888896,0.0029798264675888896,0.0029798264675888896,0.0029798264675888896,0.0029798264675888896,0.0029798264675888896,0.0029798264675888896

mean_time: , 10500.475084543228
best_solution: , 0.7013873596124202
worst_solution: , 0.7105763141228626
mean_solution: , 0.7058642278016173
std_solution: , 0.0029798264675888896



solutions runs are : 



0.7013873596124202

0.7069590431315694

0.7053830690194327

0.7050153531218014

0.7105763141228626

