# Scenario 347
Mean curve: 0.6993333333333334,0.7106666666666668,0.7156666666666667,0.7176111111111111,0.7196111111111111,0.7196111111111111,0.7196111111111111,0.720111111111111,0.7211666666666666,0.7211666666666666,0.7211666666666666,0.7236666666666667,0.7254444444444444,0.7268333333333332,0.7268333333333332,0.7271666666666666,0.7308333333333333,0.7311666666666666,0.7336111111111112,0.7336111111111112,0.7340555555555556,0.7340555555555556,0.7354444444444445,0.7354444444444445,0.7354444444444445,0.7354444444444445,0.7365555555555556,0.7365555555555556,0.7380555555555557,0.7380555555555557,0.7380555555555557,0.7383333333333334,0.7385,0.7385,0.7404999999999999,0.7410555555555556,0.7412777777777778,0.7417777777777778,0.7440555555555555,0.7446666666666667,0.7484444444444444,0.7493333333333334,0.750388888888889,0.750388888888889,0.7530555555555556,0.7530555555555556,0.7530555555555556,0.7531666666666668,0.7531666666666668,0.7531666666666668,0.7531666666666668,0.7532222222222222,0.7555555555555555,0.7566666666666667,0.7587777777777779,0.7606111111111111,0.7606111111111111,0.7606111111111111,0.7606666666666666,0.7627222222222222,0.7627222222222222,0.7627222222222222,0.7656111111111111,0.7673333333333333,0.7673333333333333,0.7673333333333333,0.768,0.7688333333333334,0.7688333333333334,0.7688333333333334,0.7688333333333334,0.7688333333333334,0.769,0.7702222222222223,0.7702222222222223,0.7702222222222223,0.7702777777777777,0.7702777777777777,0.7718333333333333,0.7722222222222223,0.773611111111111,0.775,0.7752777777777778,0.7760555555555555,0.7760555555555555,0.7760555555555555,0.7762777777777778,0.776611111111111,0.7775000000000001,0.7779444444444443,0.7798333333333334,0.784611111111111,0.784611111111111,0.7884444444444444,0.7884444444444444,0.7884444444444444,0.7884444444444444,0.7887777777777778,0.7914444444444445,0.7917222222222222
Std curve: 0.015401619283153638,0.010395868125080943,0.007924411416395319,0.006036412146709197,0.00550420714511147,0.00550420714511147,0.00550420714511147,0.0047745467110812045,0.004403982485023653,0.004403982485023653,0.004403982485023653,0.0025055493963954925,0.003758118783397279,0.0033683347536053675,0.0033683347536053675,0.0034712220781807483,0.007915448249319461,0.007884975555204534,0.007973722274670721,0.007973722274670721,0.007852026552913205,0.007852026552913205,0.009350183202800144,0.009350183202800144,0.009350183202800144,0.009350183202800144,0.010915783113806098,0.010915783113806098,0.013328702899669344,0.013328702899669344,0.013328702899669344,0.013484101292052082,0.013419398157651476,0.013419398157651476,0.013452476939302618,0.013507428226126193,0.013520218056536524,0.013602151245980116,0.014275291612337867,0.013823624437628244,0.01727107765765617,0.018053931550896185,0.016756793352452313,0.016756793352452313,0.014941242944974181,0.014941242944974181,0.014941242944974181,0.015043763319555871,0.015043763319555871,0.015043763319555871,0.015043763319555871,0.01500678858729288,0.0144433760288622,0.013652431610848254,0.01674665988440531,0.016438625096452823,0.016438625096452823,0.016438625096452823,0.016425664952622248,0.016474259757813144,0.016474259757813144,0.016474259757813144,0.015925559857980623,0.0163115879433784,0.0163115879433784,0.0163115879433784,0.015089649792629304,0.015471399339777389,0.015471399339777389,0.015471399339777389,0.015471399339777389,0.015471399339777389,0.01549651494074206,0.015894521146267222,0.015894521146267222,0.015894521146267222,0.015889277384527882,0.015889277384527882,0.0167208378902819,0.016676848741612356,0.016815079945698953,0.017401397701774107,0.017595418876289907,0.017979240429443995,0.017979240429443995,0.017979240429443995,0.018094914366360678,0.0181704888945418,0.01848840143588194,0.018715379560638516,0.019128060958951965,0.021559278029094627,0.021559278029094627,0.018818988309355356,0.018818988309355356,0.018818988309355356,0.018818988309355356,0.01859626273352579,0.019358062090540824,0.0192525451259609

mean_time: , 13422.434700441361
best_solution: , 0.7547222222222222
worst_solution: , 0.8080555555555555
mean_solution: , 0.7917222222222222
std_solution: , 0.0192525451259609



solutions runs are : 



0.8044444444444444

0.7991666666666667

0.7547222222222222

0.7922222222222223

0.8080555555555555

