# Scenario 429
Mean curve: 0.7146666666666667,0.7161666666666667,0.7195,0.7242500000000001,0.7242500000000001,0.7251666666666667,0.7251666666666667,0.7251666666666667,0.73,0.73,0.73,0.73,0.7304999999999999,0.7304999999999999,0.7304999999999999,0.7335833333333334,0.7335833333333334,0.7335833333333334,0.7335833333333334,0.7335833333333334,0.7335833333333334,0.7335833333333334,0.7335833333333334,0.7335833333333334,0.7335833333333334,0.7335833333333334,0.7349166666666667,0.7349166666666667,0.7349166666666667,0.7349166666666667,0.7349166666666667,0.7362499999999998,0.7362499999999998,0.7364166666666666,0.7364166666666666,0.7364166666666666,0.7364166666666666,0.7364166666666666,0.7369999999999999,0.7369999999999999,0.7373333333333333,0.7373333333333333,0.7373333333333333,0.7375,0.7375,0.7375,0.7375,0.7375,0.7385833333333334,0.7385833333333334,0.7385833333333334,0.7411666666666668,0.7411666666666668,0.7419166666666667,0.7419166666666667,0.7419166666666667,0.7419166666666667,0.7419166666666667,0.7419166666666667,0.7419166666666667,0.7419166666666667,0.7419166666666667,0.7445833333333333,0.7445833333333333,0.7445833333333333,0.7445833333333333,0.7445833333333333,0.7445833333333333,0.7445833333333333,0.7445833333333333,0.7445833333333333,0.7445833333333333,0.7445833333333333,0.7445833333333333,0.7445833333333333,0.7445833333333333,0.7445833333333333,0.7445833333333333,0.7445833333333333,0.7445833333333333,0.7445833333333333,0.7445833333333333,0.7445833333333333,0.7445833333333333,0.7445833333333333,0.7445833333333333,0.7445833333333333,0.7445833333333333,0.7445833333333333,0.7445833333333333,0.7445833333333333,0.7445833333333333,0.7445833333333333,0.7445833333333333,0.7445833333333333,0.7445833333333333,0.7445833333333333,0.7445833333333333,0.7445833333333333,0.7445833333333333
Std curve: 0.006939220257188712,0.00640854464324345,0.011053531361314128,0.00817091726117017,0.00817091726117017,0.00784661993755555,0.00784661993755555,0.00784661993755555,0.008211611020716677,0.008211611020716677,0.008211611020716677,0.008211611020716677,0.008145380422191604,0.008145380422191604,0.008145380422191604,0.0029650744791094984,0.0029650744791094984,0.0029650744791094984,0.0029650744791094984,0.0029650744791094984,0.0029650744791094984,0.0029650744791094984,0.0029650744791094984,0.0029650744791094984,0.0029650744791094984,0.0029650744791094984,0.0038676004619574308,0.0038676004619574308,0.0038676004619574308,0.0038676004619574308,0.0038676004619574308,0.0031732387941099793,0.0031732387941099793,0.0030799531020960706,0.0030799531020960706,0.0030799531020960706,0.0030799531020960706,0.0030799531020960706,0.0038765677832043525,0.0038765677832043525,0.003760171390892842,0.003760171390892842,0.003760171390892842,0.003836954811073798,0.003836954811073798,0.003836954811073798,0.003836954811073798,0.003836954811073798,0.002423839928708163,0.002423839928708163,0.002423839928708163,0.007413388788761411,0.007413388788761411,0.007404953297174357,0.007404953297174357,0.007404953297174357,0.007404953297174357,0.007404953297174357,0.007404953297174357,0.007404953297174357,0.007404953297174357,0.007404953297174357,0.007434902674398495,0.007434902674398495,0.007434902674398495,0.007434902674398495,0.007434902674398495,0.007434902674398495,0.007434902674398495,0.007434902674398495,0.007434902674398495,0.007434902674398495,0.007434902674398495,0.007434902674398495,0.007434902674398495,0.007434902674398495,0.007434902674398495,0.007434902674398495,0.007434902674398495,0.007434902674398495,0.007434902674398495,0.007434902674398495,0.007434902674398495,0.007434902674398495,0.007434902674398495,0.007434902674398495,0.007434902674398495,0.007434902674398495,0.007434902674398495,0.007434902674398495,0.007434902674398495,0.007434902674398495,0.007434902674398495,0.007434902674398495,0.007434902674398495,0.007434902674398495,0.007434902674398495,0.007434902674398495,0.007434902674398495,0.007434902674398495

mean_time: , 9787.869643068314
best_solution: , 0.7366666666666667
worst_solution: , 0.7558333333333334
mean_solution: , 0.7445833333333333
std_solution: , 0.007434902674398495



solutions runs are : 



0.7558333333333334

0.7370833333333333

0.7366666666666667

0.7433333333333333

0.75

