# Scenario 387
Mean curve: 0.6789333333333334,0.6852,0.6873666666666667,0.6896666666666667,0.6914333333333332,0.6933333333333334,0.6940333333333333,0.6958333333333333,0.7002333333333335,0.7003000000000001,0.7003333333333334,0.7019333333333334,0.7027333333333333,0.7027333333333333,0.7027333333333333,0.7029333333333333,0.7042333333333334,0.7057666666666667,0.7057666666666667,0.7057666666666667,0.7061666666666666,0.7061666666666666,0.7062999999999999,0.7073333333333334,0.709,0.7099333333333334,0.7099333333333334,0.7106333333333333,0.7106333333333333,0.7107666666666667,0.7107666666666667,0.7115666666666667,0.7129333333333333,0.7135,0.7142,0.7142,0.7144999999999999,0.7144999999999999,0.7144999999999999,0.7144999999999999,0.7144999999999999,0.7156333333333332,0.7168666666666667,0.7168666666666667,0.7171,0.7174333333333334,0.7174333333333334,0.7174333333333334,0.7174333333333334,0.7174333333333334,0.7186666666666668,0.7187666666666667,0.7191666666666666,0.7201333333333333,0.7201333333333333,0.7201333333333333,0.7218666666666665,0.7221,0.7224999999999999,0.7224999999999999,0.7241333333333333,0.7241333333333333,0.7261,0.7270000000000001,0.7270666666666666,0.7271666666666667,0.7275666666666667,0.7279000000000001,0.7279666666666668,0.7283666666666667,0.7284666666666666,0.7287333333333332,0.7287333333333332,0.7290666666666666,0.7299,0.7299,0.7301666666666666,0.7301666666666666,0.7304999999999999,0.7308,0.7313,0.7319,0.7336666666666666,0.7352000000000001,0.7352000000000001,0.7352000000000001,0.7359666666666667,0.7359666666666667,0.7359666666666667,0.7363000000000001,0.7365333333333333,0.7367,0.7376333333333334,0.7396666666666667,0.7403,0.7404666666666666,0.7404666666666666,0.7413,0.7415999999999999,0.742
Std curve: 0.004557777236036586,0.006785114426284769,0.007101955912125732,0.0061210020966069425,0.007942571651829424,0.00738993309246511,0.007929130539416733,0.007817359599705706,0.0067746258609280696,0.006814526966545627,0.006838615844355231,0.008544393873568009,0.007188416608220045,0.007188416608220045,0.007188416608220045,0.007488212959934686,0.0063408727054457365,0.007101330078857681,0.007101330078857681,0.007101330078857681,0.006597137426355631,0.006597137426355631,0.006722598703874372,0.00808496547096317,0.007849274559544402,0.00701633015820156,0.00701633015820156,0.008165918333061037,0.008165918333061037,0.008080566536794053,0.008080566536794053,0.007208482657412895,0.008129233939581558,0.007628164188642578,0.007209869778451097,0.007209869778451097,0.007649981844568146,0.007649981844568146,0.007649981844568146,0.007649981844568146,0.007649981844568146,0.009472416094464335,0.0084639103124843,0.0084639103124843,0.00834172910399545,0.008210156311950883,0.008210156311950883,0.008210156311950883,0.008210156311950883,0.008210156311950883,0.007735200923914868,0.007607452486432868,0.007808115436305162,0.006735808126061136,0.006735808126061136,0.006735808126061136,0.006649477840819965,0.006958288423008776,0.007007139216541965,0.007007139216541965,0.00834092987089039,0.00834092987089039,0.01089066878876901,0.010860223038429966,0.010850806421644458,0.010761040841851702,0.010432641084595998,0.01001199280862707,0.010109621379875925,0.009808386434294093,0.009782864838299895,0.00961052663604978,0.00961052663604978,0.009881857675109035,0.011107354920652058,0.011107354920652058,0.010953436802108174,0.010953436802108174,0.011473641289688497,0.011327155178792458,0.011669237811918622,0.01217584128966501,0.014161371559437481,0.013717547561831587,0.013717547561831587,0.013717547561831587,0.012991193598400097,0.012991193598400097,0.012991193598400097,0.012693567925003082,0.01252082709373113,0.01240671860995755,0.013522573719525395,0.014266121484910398,0.013819631768691313,0.014002936200033999,0.014002936200033999,0.013362218711310233,0.013100720930120185,0.013069472487866954

mean_time: , 33039.21337938309
best_solution: , 0.7306666666666667
worst_solution: , 0.7626666666666667
mean_solution: , 0.742
std_solution: , 0.013069472487866954



solutions runs are : 



0.7306666666666667

0.7338333333333333

0.7306666666666667

0.7626666666666667

0.7521666666666667

