# Scenario 76
Mean curve: 0.74475,0.75975,0.77175,0.7837500000000001,0.795,0.8078749999999999,0.814125,0.821,0.8324999999999999,0.837375,0.843625,0.8495000000000001,0.8526250000000001,0.8556250000000001,0.8595,0.8618750000000001,0.8693750000000001,0.8714999999999999,0.8782499999999999,0.881375,0.88475,0.8848750000000001,0.8860000000000001,0.8891250000000002,0.89025,0.893,0.8945000000000001,0.8965,0.8965,0.8967499999999999,0.899,0.901,0.9015000000000001,0.905625,0.90625,0.907625,0.9087500000000001,0.9112499999999999,0.914375,0.914375,0.9151250000000001,0.917,0.9183749999999999,0.9185000000000001,0.9205,0.9205,0.92175,0.92175,0.9223750000000001,0.9223750000000001,0.924625,0.924625,0.9255000000000001,0.9261250000000001,0.9261250000000001,0.9261250000000001,0.9261250000000001,0.9261250000000001,0.9261250000000001,0.9261250000000001,0.9261250000000001,0.9261250000000001,0.9261250000000001,0.9272500000000001,0.92975,0.92975,0.92975,0.92975,0.92975,0.92975,0.92975,0.9305,0.9307500000000001,0.93125,0.93125,0.93125,0.93125,0.93125,0.93125,0.93125,0.93125,0.93125,0.93125,0.93125,0.93125,0.93125,0.93125,0.93125,0.93125,0.9321249999999999,0.9321249999999999,0.9321249999999999,0.9328749999999999,0.9328749999999999,0.9328749999999999,0.9328749999999999,0.9332499999999999,0.9332499999999999,0.9336249999999999,0.9336249999999999
Std curve: 0.0031024184114977304,0.006691879407162087,0.004943429983321273,0.006925947588597551,0.008477912478906582,0.006442049363362564,0.004687083314813176,0.009139543205215466,0.007875992001011689,0.006390911515582104,0.006166948191771991,0.008095137429346075,0.005279678020485731,0.004348131782731509,0.008007808689023488,0.0064347688381168845,0.005448623679425863,0.004376785350002892,0.0027499999999999886,0.005052845732851952,0.005040461288414009,0.004990616194419296,0.005414101956926931,0.0033680483963268483,0.0029208303613869582,0.0027782638463615963,0.0031474195780035264,0.00480234317807464,0.00480234317807464,0.004599592373243533,0.0034369317712168892,0.004720301897124808,0.005341465154805363,0.005929270612815697,0.005796011559684799,0.004134458852135295,0.0049686517285879505,0.006823672031978084,0.006059599821770394,0.006059599821770394,0.005855019214315169,0.0035663356544217628,0.005009366227378471,0.004930770730829009,0.005129571132170815,0.005129571132170815,0.004513867521316971,0.004513867521316971,0.0033400973039718553,0.0033400973039718553,0.0019605483926697716,0.0019605483926697716,0.002069118169655851,0.0028885550020728416,0.0028885550020728416,0.0028885550020728416,0.0028885550020728416,0.0028885550020728416,0.0028885550020728416,0.0028885550020728416,0.0028885550020728416,0.0028885550020728416,0.0028885550020728416,0.0019605483926697616,0.005485777064372892,0.005485777064372892,0.005485777064372892,0.005485777064372892,0.005485777064372892,0.005485777064372892,0.005485777064372892,0.00511431813636967,0.005144778906814145,0.0051082041854256105,0.0051082041854256105,0.0051082041854256105,0.0051082041854256105,0.0051082041854256105,0.0051082041854256105,0.0051082041854256105,0.0051082041854256105,0.0051082041854256105,0.0051082041854256105,0.0051082041854256105,0.0051082041854256105,0.0051082041854256105,0.0051082041854256105,0.0051082041854256105,0.0051082041854256105,0.004268342769740956,0.004268342769740956,0.004268342769740956,0.00404274040719904,0.00404274040719904,0.00404274040719904,0.00404274040719904,0.0035881750236018205,0.0035881750236018205,0.003245188746436767,0.003245188746436767

mean_time: , 9429.073471832275
best_solution: , 0.93125
worst_solution: , 0.94
mean_solution: , 0.9336249999999999
std_solution: , 0.003245188746436767



solutions runs are : 



0.93125

0.931875

0.931875

0.933125

0.94

