# Scenario 447
Mean curve: 0.6966666666666667,0.700388888888889,0.700388888888889,0.7047222222222222,0.7057222222222223,0.7057222222222223,0.7067222222222223,0.7067222222222223,0.709,0.709,0.7091111111111111,0.7114444444444444,0.7114444444444444,0.7114444444444444,0.7114444444444444,0.7117222222222221,0.7117222222222221,0.7117222222222221,0.7127777777777777,0.7130555555555556,0.7130555555555556,0.713388888888889,0.713388888888889,0.713388888888889,0.713388888888889,0.713388888888889,0.713388888888889,0.7137777777777777,0.7137777777777777,0.7137777777777777,0.7144999999999999,0.7164444444444444,0.7164444444444444,0.7164444444444444,0.7164444444444444,0.7164444444444444,0.7164444444444444,0.7164444444444444,0.7164444444444444,0.7164444444444444,0.7164444444444444,0.7164444444444444,0.7164444444444444,0.7164444444444444,0.7164444444444444,0.7164444444444444,0.7164444444444444,0.7164444444444444,0.7164444444444444,0.7164444444444444,0.7164444444444444,0.7164444444444444,0.7164444444444444,0.7164444444444444,0.7164444444444444,0.7164444444444444,0.7164444444444444,0.7164444444444444,0.7164444444444444,0.7164444444444444,0.7167777777777778,0.7167777777777778,0.717111111111111,0.717111111111111,0.717111111111111,0.717111111111111,0.717111111111111,0.717111111111111,0.717111111111111,0.717111111111111,0.717111111111111,0.717111111111111,0.717111111111111,0.717111111111111,0.717111111111111,0.717111111111111,0.717111111111111,0.717111111111111,0.717111111111111,0.717111111111111,0.717111111111111,0.717111111111111,0.717111111111111,0.717111111111111,0.717111111111111,0.717111111111111,0.717111111111111,0.7212222222222222,0.7212222222222222,0.7212222222222222,0.7212222222222222,0.7212222222222222,0.7212222222222222,0.7212222222222222,0.7212222222222222,0.7212222222222222,0.7212222222222222,0.7212222222222222,0.7212222222222222,0.7212222222222222
Std curve: 0.009910089633459934,0.008800953932583488,0.008800953932583488,0.006934437234057749,0.005997942033895907,0.005997942033895907,0.006966409706407663,0.006966409706407663,0.009448691855372258,0.009448691855372258,0.009295226439840053,0.006986318198830397,0.006986318198830397,0.006986318198830397,0.006986318198830397,0.006872740930752062,0.006872740930752062,0.006872740930752062,0.0076557893852372515,0.007554329965957811,0.007554329965957811,0.00798803117015129,0.00798803117015129,0.00798803117015129,0.00798803117015129,0.00798803117015129,0.00798803117015129,0.007901007905699493,0.007901007905699493,0.007901007905699493,0.007684761255598999,0.0049266220616434216,0.0049266220616434216,0.0049266220616434216,0.0049266220616434216,0.0049266220616434216,0.0049266220616434216,0.0049266220616434216,0.0049266220616434216,0.0049266220616434216,0.0049266220616434216,0.0049266220616434216,0.0049266220616434216,0.0049266220616434216,0.0049266220616434216,0.0049266220616434216,0.0049266220616434216,0.0049266220616434216,0.0049266220616434216,0.0049266220616434216,0.0049266220616434216,0.0049266220616434216,0.0049266220616434216,0.0049266220616434216,0.0049266220616434216,0.0049266220616434216,0.0049266220616434216,0.0049266220616434216,0.0049266220616434216,0.0049266220616434216,0.00522222222222224,0.00522222222222224,0.005582158527591324,0.005582158527591324,0.005582158527591324,0.005582158527591324,0.005582158527591324,0.005582158527591324,0.005582158527591324,0.005582158527591324,0.005582158527591324,0.005582158527591324,0.005582158527591324,0.005582158527591324,0.005582158527591324,0.005582158527591324,0.005582158527591324,0.005582158527591324,0.005582158527591324,0.005582158527591324,0.005582158527591324,0.005582158527591324,0.005582158527591324,0.005582158527591324,0.005582158527591324,0.005582158527591324,0.005582158527591324,0.007945804079458272,0.007945804079458272,0.007945804079458272,0.007945804079458272,0.007945804079458272,0.007945804079458272,0.007945804079458272,0.007945804079458272,0.007945804079458272,0.007945804079458272,0.007945804079458272,0.007945804079458272,0.007945804079458272

mean_time: , 17160.723238611223
best_solution: , 0.7113888888888888
worst_solution: , 0.7333333333333333
mean_solution: , 0.7212222222222222
std_solution: , 0.007945804079458272



solutions runs are : 



0.7241666666666666

0.7333333333333333

0.7236111111111111

0.7113888888888888

0.7136111111111111

