# Scenario 151
Mean curve: 0.7596666666666666,0.7723333333333333,0.7811111111111112,0.7831111111111111,0.784888888888889,0.7872222222222223,0.7895555555555556,0.7895555555555556,0.7923333333333333,0.8024444444444445,0.8035555555555556,0.8052222222222223,0.8073333333333335,0.8073333333333335,0.8073333333333335,0.8073333333333335,0.8073333333333335,0.8078888888888889,0.8078888888888889,0.8085555555555555,0.8085555555555555,0.8085555555555555,0.8098888888888889,0.8098888888888889,0.8098888888888889,0.8104444444444445,0.8104444444444445,0.8119999999999999,0.8119999999999999,0.812888888888889,0.812888888888889,0.812888888888889,0.8157777777777777,0.8157777777777777,0.8174444444444443,0.8174444444444443,0.8191111111111111,0.8214444444444444,0.8214444444444444,0.8214444444444444,0.8214444444444444,0.8214444444444444,0.8214444444444444,0.8214444444444444,0.8214444444444444,0.8214444444444444,0.8214444444444444,0.8245555555555555,0.825,0.825,0.825,0.825,0.825,0.825,0.825,0.825,0.825,0.827,0.8272222222222222,0.8272222222222222,0.8272222222222222,0.8272222222222222,0.8275555555555554,0.8275555555555554,0.8275555555555554,0.8275555555555554,0.8275555555555554,0.8283333333333334,0.8293333333333333,0.8293333333333333,0.8293333333333333,0.8293333333333333,0.8293333333333333,0.8293333333333333,0.8293333333333333,0.8293333333333333,0.8293333333333333,0.8306666666666667,0.8306666666666667,0.8306666666666667,0.8306666666666667,0.8306666666666667,0.8306666666666667,0.8311111111111111,0.8311111111111111,0.8311111111111111,0.8311111111111111,0.8311111111111111,0.8311111111111111,0.8311111111111111,0.8314444444444445,0.8314444444444445,0.8315555555555555,0.8315555555555555,0.8315555555555555,0.8324444444444443,0.8324444444444443,0.8328888888888889,0.8328888888888889,0.8328888888888889
Std curve: 0.012797569213634997,0.008023114754904779,0.0025337231668869703,0.004964068423041902,0.00699558943942096,0.006488356142513961,0.006951329919829783,0.006951329919829783,0.009063561559792467,0.007638434329909865,0.008596582726170986,0.007638434329909886,0.004351812450570267,0.004351812450570267,0.004351812450570267,0.004351812450570267,0.004351812450570267,0.005060132238549205,0.005060132238549205,0.004695677024247882,0.004695677024247882,0.004695677024247882,0.006807766080906853,0.006807766080906853,0.006807766080906853,0.006249938271300096,0.006249938271300096,0.006836720027962296,0.006836720027962296,0.00786773376315578,0.00786773376315578,0.00786773376315578,0.012345839505129639,0.012345839505129639,0.012144195382217855,0.012144195382217855,0.011405002151427857,0.009816841160494047,0.009816841160494047,0.009816841160494047,0.009816841160494047,0.009816841160494047,0.009816841160494047,0.009816841160494047,0.009816841160494047,0.009816841160494047,0.009816841160494047,0.007195677714974301,0.007412035591181298,0.007412035591181298,0.007412035591181298,0.007412035591181298,0.007412035591181298,0.007412035591181298,0.007412035591181298,0.007412035591181298,0.007412035591181298,0.009418919756676778,0.009718253158075493,0.009718253158075493,0.009718253158075493,0.009718253158075493,0.0093926685357369,0.0093926685357369,0.0093926685357369,0.0093926685357369,0.0093926685357369,0.010529206880428564,0.010478667335868743,0.010478667335868743,0.010478667335868743,0.010478667335868743,0.010478667335868743,0.010478667335868743,0.010478667335868743,0.010478667335868743,0.010478667335868743,0.009897000418508156,0.009897000418508156,0.009897000418508156,0.009897000418508156,0.009897000418508156,0.009897000418508156,0.009395296958493199,0.009395296958493199,0.009395296958493199,0.009395296958493199,0.009395296958493199,0.009395296958493199,0.009395296958493199,0.009339944748296667,0.009339944748296667,0.00949593805298732,0.00949593805298732,0.00949593805298732,0.01036137175722201,0.01036137175722201,0.009928136846083848,0.009928136846083848,0.009928136846083848

mean_time: , 8327.672555923462
best_solution: , 0.8211111111111111
worst_solution: , 0.845
mean_solution: , 0.8328888888888889
std_solution: , 0.009928136846083848



solutions runs are : 



0.8305555555555556

0.8211111111111111

0.8438888888888889

0.845

0.8238888888888889

