# Scenario 159
Mean curve: 0.7593333333333334,0.7748333333333334,0.7796666666666667,0.7823333333333334,0.7863333333333333,0.7888333333333334,0.7946666666666667,0.795,0.7973333333333333,0.7973333333333333,0.8029999999999999,0.8031666666666666,0.8045,0.8045,0.8045,0.8061666666666666,0.8061666666666666,0.8078333333333333,0.8078333333333333,0.8078333333333333,0.8084999999999999,0.8101666666666667,0.8111666666666666,0.8113333333333334,0.8113333333333334,0.8121666666666666,0.813,0.813,0.8141666666666666,0.8141666666666666,0.8156666666666667,0.8173333333333332,0.8173333333333332,0.818,0.8181666666666667,0.8183333333333334,0.8183333333333334,0.8183333333333334,0.8183333333333334,0.8226666666666667,0.8226666666666667,0.8226666666666667,0.8244999999999999,0.8254999999999999,0.8275,0.8275,0.8275,0.8275,0.8281666666666666,0.8281666666666666,0.8281666666666666,0.8308333333333333,0.8308333333333333,0.8308333333333333,0.8308333333333333,0.8308333333333333,0.8308333333333333,0.8308333333333333,0.8308333333333333,0.8308333333333333,0.8308333333333333,0.8324999999999999,0.8324999999999999,0.8324999999999999,0.8324999999999999,0.8324999999999999,0.8324999999999999,0.8324999999999999,0.8324999999999999,0.8324999999999999,0.8324999999999999,0.8324999999999999,0.8324999999999999,0.8324999999999999,0.8324999999999999,0.8324999999999999,0.8324999999999999,0.8324999999999999,0.8324999999999999,0.8324999999999999,0.8324999999999999,0.8324999999999999,0.8331666666666667,0.8351666666666666,0.8351666666666666,0.8351666666666666,0.8351666666666666,0.8351666666666666,0.8351666666666666,0.8351666666666666,0.8351666666666666,0.8363333333333334,0.8363333333333334,0.8363333333333334,0.8363333333333334,0.8363333333333334,0.8365,0.8370000000000001,0.8370000000000001,0.8370000000000001
Std curve: 0.005925462944877069,0.0029059326290271194,0.003999999999999972,0.004576510072581968,0.004847679857416309,0.007648529270389144,0.0037490739597339715,0.003689323936863084,0.005038738819277013,0.005038738819277013,0.009318440498996272,0.00921050125309876,0.008765462528203163,0.008765462528203163,0.008765462528203163,0.009137833441248551,0.009137833441248551,0.00803810370119166,0.00803810370119166,0.00803810370119166,0.007842193570679059,0.005254627590144826,0.004236088342379623,0.0041365578819969615,0.0041365578819969615,0.0036742346141747737,0.003358240279934992,0.003358240279934992,0.0036893239368631144,0.0036893239368631144,0.005710613899670589,0.0059953685828683006,0.0059953685828683006,0.005492419017761345,0.005410894360249289,0.005348935511960382,0.005348935511960382,0.005348935511960382,0.005348935511960382,0.004927248499698148,0.004927248499698148,0.004927248499698148,0.0058357138000038515,0.004731689855526112,0.006032320356951263,0.006032320356951263,0.006032320356951263,0.006032320356951263,0.005201495511442398,0.005201495511442398,0.005201495511442398,0.008349983366583548,0.008349983366583548,0.008349983366583548,0.008349983366583548,0.008349983366583548,0.008349983366583548,0.008349983366583548,0.008349983366583548,0.008349983366583548,0.008349983366583548,0.007129749878735788,0.007129749878735788,0.007129749878735788,0.007129749878735788,0.007129749878735788,0.007129749878735788,0.007129749878735788,0.007129749878735788,0.007129749878735788,0.007129749878735788,0.007129749878735788,0.007129749878735788,0.007129749878735788,0.007129749878735788,0.007129749878735788,0.007129749878735788,0.007129749878735788,0.007129749878735788,0.007129749878735788,0.007129749878735788,0.007129749878735788,0.006267198558987703,0.007912718313646127,0.007912718313646127,0.007912718313646127,0.007912718313646127,0.007912718313646127,0.007912718313646127,0.007912718313646127,0.007912718313646127,0.007352248333370918,0.007352248333370918,0.007352248333370918,0.007352248333370918,0.007352248333370918,0.007535103036971539,0.007276293317647693,0.007276293317647693,0.007276293317647693

mean_time: , 6632.422560405731
best_solution: , 0.8258333333333333
worst_solution: , 0.845
mean_solution: , 0.8370000000000001
std_solution: , 0.007276293317647693



solutions runs are : 



0.845

0.8341666666666666

0.845

0.835

0.8258333333333333

