# Scenario 237
Mean curve: 0.77475,0.7877500000000001,0.792,0.796,0.8009999999999999,0.8019999999999999,0.80525,0.818,0.8182500000000001,0.8215,0.8215,0.8230000000000001,0.8290000000000001,0.83125,0.8320000000000001,0.833,0.8332499999999999,0.83675,0.85,0.8560000000000001,0.8560000000000001,0.8575000000000002,0.8575000000000002,0.8575000000000002,0.85775,0.859,0.859,0.859,0.8627500000000001,0.8627500000000001,0.8632500000000001,0.8632500000000001,0.8632500000000001,0.8644999999999999,0.86875,0.87425,0.87425,0.87425,0.87525,0.87625,0.87625,0.8772499999999999,0.87775,0.87775,0.8785000000000001,0.8845000000000001,0.8845000000000001,0.8855000000000001,0.8855000000000001,0.8865000000000001,0.8865000000000001,0.8875,0.8875,0.8877499999999999,0.8877499999999999,0.8897499999999999,0.8907499999999999,0.8907499999999999,0.892,0.8939999999999999,0.8939999999999999,0.8939999999999999,0.8939999999999999,0.8945000000000001,0.8949999999999999,0.8949999999999999,0.8955,0.89625,0.89625,0.89625,0.8995,0.8995,0.8995,0.89975,0.89975,0.901,0.901,0.9012499999999999,0.9047499999999999,0.9047499999999999,0.90675,0.90725,0.90825,0.90825,0.9085000000000001,0.9085000000000001,0.9085000000000001,0.9092500000000001,0.9092500000000001,0.9105000000000001,0.9105000000000001,0.9107500000000002,0.9110000000000001,0.913,0.913,0.91325,0.9137500000000001,0.91425,0.91425,0.91525
Std curve: 0.016981607697741673,0.016035117710824578,0.012338962679253064,0.006344288770224768,0.003391164991562642,0.005099019513592796,0.005667892024377324,0.010565273304557709,0.010325938214031685,0.009759610647971572,0.009759610647971572,0.01088577052853862,0.006819090848492912,0.003061862178478962,0.0033166247903554094,0.0029154759474226545,0.0030207614933986425,0.006254998001598378,0.008366600265340737,0.007721722605740263,0.007721722605740263,0.009185586535436935,0.009185586535436935,0.009185586535436935,0.009096702699330146,0.007721722605740269,0.007721722605740269,0.007721722605740269,0.00695521387162179,0.00695521387162179,0.006254998001598431,0.006254998001598431,0.006254998001598431,0.007053367989832977,0.009617692030835704,0.0059476886266851495,0.0059476886266851495,0.0059476886266851495,0.007640353394968059,0.008177713616898051,0.008177713616898051,0.008602325267042623,0.00845576726264388,0.00845576726264388,0.007762087348130007,0.0068282501418738106,0.0068282501418738106,0.005159941860137589,0.005159941860137589,0.004962358310319814,0.004962358310319814,0.006373774391990989,0.006373774391990989,0.006442049363362571,0.006442049363362571,0.007762087348130037,0.007968688725254634,0.007968688725254634,0.006051859218455099,0.005884301147969895,0.005884301147969895,0.005884301147969895,0.005884301147969895,0.00573367247058984,0.006274950199005539,0.006274950199005539,0.005396758286230715,0.004183300132670355,0.004183300132670355,0.004183300132670355,0.0036742346141747737,0.0036742346141747737,0.0036742346141747737,0.0039051248379533493,0.0039051248379533493,0.003984344362627327,0.003984344362627327,0.0036228441865473896,0.00649037749287359,0.00649037749287359,0.004911720676097126,0.004703721930556701,0.004227883631321935,0.004227883631321935,0.004138236339311707,0.004138236339311707,0.004138236339311707,0.005567764362830032,0.005567764362830032,0.0055113519212621545,0.0055113519212621545,0.005947688626685155,0.0059895742753554625,0.009637167633698191,0.009637167633698191,0.009440603794249606,0.009453835200594523,0.009103570728016572,0.009103570728016572,0.009400797838481596

mean_time: , 4715.147720479965
best_solution: , 0.905
worst_solution: , 0.93125
mean_solution: , 0.91525
std_solution: , 0.009400797838481596



solutions runs are : 



0.90875

0.92

0.905

0.93125

0.91125

