# Scenario 497
Mean curve: 0.7346,0.7362,0.7365999999999999,0.7411999999999999,0.7417999999999999,0.7417999999999999,0.7421,0.7430999999999999,0.7436,0.7436,0.7436,0.7436,0.7436,0.7436,0.7436,0.7436,0.7436,0.7436,0.7436,0.7436,0.7436,0.7436,0.7436,0.7436,0.7436,0.7436,0.7436999999999999,0.744,0.7440999999999999,0.7455999999999999,0.7455999999999999,0.7455999999999999,0.7455999999999999,0.7455999999999999,0.7455999999999999,0.7455999999999999,0.7455999999999999,0.7455999999999999,0.7457,0.747,0.747,0.7476,0.7476,0.7476,0.7476,0.7476,0.7476,0.7476,0.7476,0.7476,0.7476,0.7476,0.7476,0.7476,0.7476,0.7476,0.7476,0.7476,0.7476,0.7476,0.7476,0.7476,0.7476,0.7476,0.7476,0.7476,0.7476,0.7476,0.7476,0.7476,0.7476,0.7476,0.7476,0.7476,0.7476,0.7476,0.7476,0.7476,0.7476,0.7476,0.7476,0.7476,0.7518,0.7518,0.7518,0.7518,0.7518,0.7518,0.7518,0.7518,0.7518,0.7518,0.7518,0.7518,0.7518,0.7518,0.7518,0.7518,0.7518,0.7518
Std curve: 0.00458693797647189,0.0032954514106568076,0.002887905815638713,0.007117583859709674,0.006546754921333143,0.006546754921333143,0.006327716807822537,0.005986651818838294,0.005360970061472058,0.005360970061472058,0.005360970061472058,0.005360970061472058,0.005360970061472058,0.005360970061472058,0.005360970061472058,0.005360970061472058,0.005360970061472058,0.005360970061472058,0.005360970061472058,0.005360970061472058,0.005360970061472058,0.005360970061472058,0.005360970061472058,0.005360970061472058,0.005360970061472058,0.005360970061472058,0.005249761899362661,0.004949747468305808,0.004862098312457272,0.004509988913511864,0.004509988913511864,0.004509988913511864,0.004509988913511864,0.004509988913511864,0.004509988913511864,0.004509988913511864,0.004509988913511864,0.004509988913511864,0.004456455991031424,0.004571651780264976,0.004571651780264976,0.003569313659514937,0.003569313659514937,0.003569313659514937,0.003569313659514937,0.003569313659514937,0.003569313659514937,0.003569313659514937,0.003569313659514937,0.003569313659514937,0.003569313659514937,0.003569313659514937,0.003569313659514937,0.003569313659514937,0.003569313659514937,0.003569313659514937,0.003569313659514937,0.003569313659514937,0.003569313659514937,0.003569313659514937,0.003569313659514937,0.003569313659514937,0.003569313659514937,0.003569313659514937,0.003569313659514937,0.003569313659514937,0.003569313659514937,0.003569313659514937,0.003569313659514937,0.003569313659514937,0.003569313659514937,0.003569313659514937,0.003569313659514937,0.003569313659514937,0.003569313659514937,0.003569313659514937,0.003569313659514937,0.003569313659514937,0.003569313659514937,0.003569313659514937,0.003569313659514937,0.003569313659514937,0.006021627686929834,0.006021627686929834,0.006021627686929834,0.006021627686929834,0.006021627686929834,0.006021627686929834,0.006021627686929834,0.006021627686929834,0.006021627686929834,0.006021627686929834,0.006021627686929834,0.006021627686929834,0.006021627686929834,0.006021627686929834,0.006021627686929834,0.006021627686929834,0.006021627686929834,0.006021627686929834

mean_time: , 15310.548208332062
best_solution: , 0.746
worst_solution: , 0.763
mean_solution: , 0.7518
std_solution: , 0.006021627686929834



solutions runs are : 



0.763

0.746

0.75

0.7525

0.7475

