# Scenario 79
Mean curve: 0.728875,0.742125,0.75875,0.767,0.7834999999999999,0.7922499999999999,0.8036249999999999,0.8084999999999999,0.8160000000000001,0.82325,0.830125,0.834,0.8405000000000001,0.844,0.8472500000000001,0.8518749999999999,0.85225,0.8571249999999999,0.8614999999999998,0.8688749999999998,0.8688749999999998,0.8701250000000001,0.8747499999999999,0.8782500000000001,0.8800000000000001,0.8866249999999999,0.8911250000000001,0.89225,0.89275,0.893,0.8956249999999999,0.8959999999999999,0.8965,0.89825,0.899875,0.9,0.900375,0.900375,0.90075,0.9012499999999999,0.9039999999999999,0.904125,0.906625,0.9075,0.9091249999999998,0.91325,0.9137500000000001,0.9145000000000001,0.9148750000000001,0.9172499999999999,0.9176249999999999,0.9179999999999999,0.9179999999999999,0.91875,0.91875,0.91875,0.91875,0.919125,0.919125,0.919125,0.919125,0.919125,0.919125,0.919125,0.9197500000000002,0.9203750000000002,0.9203750000000002,0.9203750000000002,0.9203750000000002,0.9203750000000002,0.9203750000000002,0.921875,0.921875,0.921875,0.921875,0.921875,0.921875,0.921875,0.92225,0.92225,0.92225,0.92225,0.92225,0.92225,0.92225,0.92225,0.92225,0.92225,0.92225,0.923,0.923,0.923,0.923,0.923,0.923,0.923,0.923,0.923,0.9232500000000001,0.9232500000000001
Std curve: 0.005205165703414271,0.004687083314813179,0.006059599821770432,0.0066895440801298155,0.007485402460789953,0.006750000000000013,0.0026634094690828254,0.0031024184114976966,0.0073590930147675124,0.00904329862384299,0.008304742620936532,0.007670967996283143,0.007130480348475838,0.007990228407248471,0.006219927652312362,0.008633148324915999,0.00816432789640394,0.006331962570956945,0.0076913100314575916,0.006724488828156384,0.006724488828156384,0.007399324293474374,0.009350802104632513,0.007346342627457529,0.008615030470056368,0.010417833268007317,0.01016581280567377,0.009308933880955463,0.009638788824328523,0.009349130975657606,0.008062257748298551,0.00785214938726969,0.007359093014767484,0.0060904638575398976,0.006403124237432844,0.006237487474937322,0.00605444051915617,0.00605444051915617,0.006415313710178166,0.00702673466127761,0.008728545125048077,0.00863857627158553,0.011440061188647554,0.011110243021644492,0.011309564536267528,0.00974198388419934,0.009818668443327724,0.010303215517497424,0.01081376437694109,0.010402824135781596,0.010026527315077749,0.010528235844622785,0.010528235844622785,0.010510411504788956,0.010510411504788956,0.010510411504788956,0.010510411504788956,0.010151970252123466,0.010151970252123466,0.010151970252123466,0.010151970252123466,0.010151970252123466,0.010151970252123466,0.010151970252123466,0.009654985758663758,0.009300537618869129,0.009300537618869129,0.009300537618869129,0.009300537618869129,0.009300537618869129,0.009300537618869129,0.00715891053163818,0.00715891053163818,0.00715891053163818,0.00715891053163818,0.00715891053163818,0.00715891053163818,0.00715891053163818,0.006898822363273323,0.006898822363273323,0.006898822363273323,0.006898822363273323,0.006898822363273323,0.006898822363273323,0.006898822363273323,0.006898822363273323,0.006898822363273323,0.006898822363273323,0.006898822363273323,0.00660728764320126,0.00660728764320126,0.00660728764320126,0.00660728764320126,0.00660728764320126,0.00660728764320126,0.00660728764320126,0.00660728764320126,0.00660728764320126,0.0062424954945918655,0.0062424954945918655

mean_time: , 9417.408942079544
best_solution: , 0.914375
worst_solution: , 0.9325
mean_solution: , 0.9232500000000001
std_solution: , 0.0062424954945918655



solutions runs are : 



0.9275

0.92

0.9325

0.914375

0.921875

