# Scenario 82
Mean curve: 0.5226510055552218,0.5287405944927984,0.5383481331950918,0.5457125599052733,0.5575855384309841,0.5604080783808465,0.5682486606830902,0.5777727271136824,0.5825076232284074,0.5898259131853413,0.5974168285825436,0.6016201760930938,0.6038580790448815,0.6079969569536354,0.6113814198170487,0.615103931056743,0.6187024188914961,0.6243473600671148,0.6273038881943889,0.6286204796079506,0.630897849774662,0.6339259565546606,0.6339259565546606,0.6345299199572072,0.6347320328182463,0.6377642828027585,0.6404623709876404,0.6409897298933072,0.6429099721293237,0.6438374847497378,0.6467695840552675,0.6468007603900774,0.6476720495313371,0.648510132806802,0.6527716926218485,0.6528344418650821,0.6530927396809414,0.6535465854335667,0.6556725701106533,0.6558311699001639,0.6566677392851421,0.6577251248651486,0.6592458638963656,0.6592458638963656,0.6630504587437496,0.6631440710442007,0.6632027627511523,0.6632200524223372,0.6632200524223372,0.6663545227673005,0.6681149988677058,0.6684508810501872,0.6697987047329086,0.6705126728654287,0.6705126728654287,0.6705126728654287,0.6705126728654287,0.6714007405985634,0.671557145340864,0.6720868993466503,0.673849268415314,0.6738853377501287,0.6738873587270957,0.6738873587270957,0.6738873587270957,0.6738873587270957,0.6745163982820391,0.6745163982820391,0.6754836906312515,0.6755072257775361,0.6758649456720104,0.6758649456720104,0.6758649456720104,0.6763522708753793,0.6767621493493808,0.6767621493493808,0.6772179145917915,0.6772179145917915,0.6779235055893535,0.6779235055893535,0.6782596621734911,0.6782596621734911,0.678452524586336,0.678452524586336,0.678452524586336,0.678452524586336,0.6787782342020943,0.6787782342020943,0.6787782342020943,0.6821601474352657,0.6830999206320101,0.6830999206320101,0.6832516315941172,0.6851679329460587,0.6851679329460587,0.6851679329460587,0.6851679329460587,0.6851679329460587,0.6851679329460587,0.6851679329460587
Std curve: 0.0068330343864878166,0.006101548605826295,0.009462283146902511,0.007094481545930184,0.009307215100766673,0.006240474295508335,0.005174661267064826,0.007410163913067983,0.006004960741428741,0.006625464760389046,0.0067861877346668984,0.005980250096756277,0.007002092046796474,0.003754677132366086,0.002844434556146737,0.003011056907377514,0.00428135591450714,0.00916580564789445,0.009307003625820669,0.009088286947979465,0.006353623866772318,0.005705460218247394,0.005705460218247394,0.006409856695281449,0.006308375396329482,0.008523884535708102,0.006822577820391339,0.006441767061421175,0.005282308593721806,0.005203477017577433,0.006530815498085352,0.006540360250136625,0.006048419120690164,0.005129272401565738,0.005495988955000483,0.005441177843080334,0.005615452668484468,0.005231568034032703,0.004841641018133012,0.004778487126420733,0.005631051859838265,0.0057897883478323885,0.007198027423453662,0.007198027423453662,0.004700036856354703,0.004644815109203496,0.0046137321672902265,0.004589316773800554,0.004589316773800554,0.006179577082947558,0.006042247205286995,0.006385338728519268,0.005929110102902747,0.00494384282327102,0.00494384282327102,0.00494384282327102,0.00494384282327102,0.004347626506268815,0.004308515151865249,0.00431522756815994,0.004756827083131213,0.004768245526646169,0.004768916781051623,0.004768916781051623,0.004768916781051623,0.004768916781051623,0.005025235062885479,0.005025235062885479,0.003168697293665971,0.003168984228003818,0.0032394443961365183,0.0032394443961365183,0.0032394443961365183,0.0035434190393404327,0.003970005846073463,0.003970005846073463,0.0041469113553545675,0.0041469113553545675,0.004623058201954084,0.004623058201954084,0.004798147353827634,0.004798147353827634,0.004745541798995017,0.004745541798995017,0.004745541798995017,0.004745541798995017,0.0049854913590877195,0.0049854913590877195,0.0049854913590877195,0.008514049891094956,0.007233920993558407,0.007233920993558407,0.007289988287585138,0.006441463631611972,0.006441463631611972,0.006441463631611972,0.006441463631611972,0.006441463631611972,0.006441463631611972,0.006441463631611972

mean_time: , 133845.80309438705
best_solution: , 0.67753667111165
worst_solution: , 0.6958556958960493
mean_solution: , 0.6851679329460587
std_solution: , 0.006441463631611972



solutions runs are : 



0.683014068833956

0.6808467741935483

0.6958556958960493

0.6885864546950902

0.67753667111165

