# Scenario 407
Mean curve: 0.7835,0.7866666666666667,0.7866666666666667,0.789,0.79,0.79,0.79,0.7936666666666666,0.7936666666666666,0.7936666666666666,0.7936666666666666,0.7936666666666666,0.7936666666666666,0.7936666666666666,0.7936666666666666,0.7936666666666666,0.7936666666666666,0.7936666666666666,0.7936666666666666,0.7936666666666666,0.7936666666666666,0.7936666666666666,0.7936666666666666,0.7936666666666666,0.7936666666666666,0.7936666666666666,0.7936666666666666,0.7936666666666666,0.7936666666666666,0.7936666666666666,0.7936666666666666,0.7949999999999999,0.7949999999999999,0.7949999999999999,0.7949999999999999,0.7949999999999999,0.7949999999999999,0.7949999999999999,0.7949999999999999,0.7949999999999999,0.7949999999999999,0.7983333333333332,0.7983333333333332,0.7983333333333332,0.7983333333333332,0.7983333333333332,0.7983333333333332,0.7983333333333332,0.7983333333333332,0.7983333333333332,0.7983333333333332,0.7983333333333332,0.7983333333333332,0.8021666666666667,0.8021666666666667,0.8021666666666667,0.8021666666666667,0.8021666666666667,0.8021666666666667,0.8021666666666667,0.8021666666666667,0.8021666666666667,0.8021666666666667,0.8021666666666667,0.8021666666666667,0.8021666666666667,0.8023333333333333,0.8023333333333333,0.8041666666666666,0.8041666666666666,0.8041666666666666,0.8041666666666666,0.8041666666666666,0.8041666666666666,0.8041666666666666,0.8041666666666666,0.8041666666666666,0.8051666666666668,0.8051666666666668,0.8051666666666668,0.8051666666666668,0.8051666666666668,0.8051666666666668,0.8051666666666668,0.8051666666666668,0.8051666666666668,0.8051666666666668,0.8051666666666668,0.8051666666666668,0.8051666666666668,0.8051666666666668,0.8051666666666668,0.8051666666666668,0.8051666666666668,0.8051666666666668,0.8051666666666668,0.8051666666666668,0.8051666666666668,0.8055,0.8055
Std curve: 0.016628289148315906,0.01604680653588123,0.01604680653588123,0.012554326390177662,0.011118053386771947,0.011118053386771947,0.011118053386771947,0.008209073570683166,0.008209073570683166,0.008209073570683166,0.008209073570683166,0.008209073570683166,0.008209073570683166,0.008209073570683166,0.008209073570683166,0.008209073570683166,0.008209073570683166,0.008209073570683166,0.008209073570683166,0.008209073570683166,0.008209073570683166,0.008209073570683166,0.008209073570683166,0.008209073570683166,0.008209073570683166,0.008209073570683166,0.008209073570683166,0.008209073570683166,0.008209073570683166,0.008209073570683166,0.008209073570683166,0.007168604389202195,0.007168604389202195,0.007168604389202195,0.007168604389202195,0.007168604389202195,0.007168604389202195,0.007168604389202195,0.007168604389202195,0.007168604389202195,0.007168604389202195,0.00857969178415583,0.00857969178415583,0.00857969178415583,0.00857969178415583,0.00857969178415583,0.00857969178415583,0.00857969178415583,0.00857969178415583,0.00857969178415583,0.00857969178415583,0.00857969178415583,0.00857969178415583,0.008653836657164788,0.008653836657164788,0.008653836657164788,0.008653836657164788,0.008653836657164788,0.008653836657164788,0.008653836657164788,0.008653836657164788,0.008653836657164788,0.008653836657164788,0.008653836657164788,0.008653836657164788,0.008653836657164788,0.008809716857601664,0.008809716857601664,0.011055415967851314,0.011055415967851314,0.011055415967851314,0.011055415967851314,0.011055415967851314,0.011055415967851314,0.011055415967851314,0.011055415967851314,0.011055415967851314,0.011671427600007717,0.011671427600007717,0.011671427600007717,0.011671427600007717,0.011671427600007717,0.011671427600007717,0.011671427600007717,0.011671427600007717,0.011671427600007717,0.011671427600007717,0.011671427600007717,0.011671427600007717,0.011671427600007717,0.011671427600007717,0.011671427600007717,0.011671427600007717,0.011671427600007717,0.011671427600007717,0.011671427600007717,0.011671427600007717,0.011671427600007717,0.011944315244779253,0.011944315244779253

mean_time: , 5674.109279823303
best_solution: , 0.79
worst_solution: , 0.82
mean_solution: , 0.8055
std_solution: , 0.011944315244779253



solutions runs are : 



0.7933333333333333

0.82

0.79

0.8158333333333333

0.8083333333333333

