# Scenario 251
Mean curve: 0.7375555555555555,0.7458888888888889,0.7495555555555555,0.758,0.7622222222222221,0.7641111111111112,0.7641111111111112,0.7696666666666666,0.7736666666666666,0.7798888888888887,0.7851111111111111,0.7877777777777778,0.7886666666666666,0.7904444444444444,0.7911111111111111,0.7916666666666666,0.7951111111111111,0.7979999999999999,0.8044444444444444,0.8044444444444444,0.8044444444444444,0.8044444444444444,0.8049999999999999,0.8049999999999999,0.8049999999999999,0.8049999999999999,0.8074444444444444,0.8105555555555555,0.8113333333333334,0.8133333333333332,0.8141111111111112,0.8147777777777778,0.8160000000000001,0.8172222222222223,0.8175555555555556,0.8175555555555556,0.8180000000000002,0.8180000000000002,0.8182222222222222,0.8207777777777778,0.820888888888889,0.820888888888889,0.8223333333333332,0.8236666666666667,0.8240000000000001,0.8265555555555556,0.8265555555555556,0.8271111111111111,0.8275555555555554,0.8275555555555554,0.8275555555555554,0.830111111111111,0.830111111111111,0.8303333333333333,0.8322222222222223,0.8322222222222223,0.8326666666666668,0.8326666666666668,0.833,0.833,0.8374444444444444,0.8390000000000001,0.8390000000000001,0.8391111111111111,0.8391111111111111,0.8391111111111111,0.8397777777777777,0.8423333333333332,0.8423333333333332,0.8423333333333332,0.8423333333333332,0.8427777777777777,0.8427777777777777,0.8433333333333332,0.8433333333333332,0.8433333333333332,0.844,0.844,0.844,0.8447777777777778,0.8447777777777778,0.8466666666666667,0.8466666666666667,0.8466666666666667,0.8471111111111111,0.8471111111111111,0.8478888888888889,0.8478888888888889,0.849,0.849,0.849,0.849,0.8492222222222221,0.8492222222222221,0.8512222222222222,0.8537777777777779,0.8537777777777779,0.8537777777777779,0.8540000000000001,0.8540000000000001
Std curve: 0.009722063490767733,0.0071371052678896535,0.00708327886689299,0.007845734863959883,0.009013022129188109,0.009306840707276404,0.009306840707276404,0.011635407859176368,0.01155555555555556,0.006299127903581514,0.01315810786052221,0.011116665278471794,0.010247553155705627,0.009318771709449674,0.009101621073898855,0.008685165442605707,0.009345230512584119,0.009206814438162932,0.0036683497820487214,0.0036683497820487214,0.0036683497820487214,0.0036683497820487214,0.003668349782048725,0.003668349782048725,0.003668349782048725,0.003668349782048725,0.003193357302933323,0.004052129450846784,0.003453393392871132,0.0037018513886572847,0.003678432301610429,0.0031348302177035595,0.001662958838566207,0.002434322477800744,0.0025962936545662024,0.0025962936545662024,0.002779999111821501,0.002779999111821501,0.0026152449546532905,0.006908574025204371,0.006899633198337797,0.006899633198337797,0.005852086258783864,0.0052657758271434625,0.005286834334831254,0.00603896810742277,0.00603896810742277,0.005459163776239239,0.005025859056843859,0.005025859056843859,0.005025859056843859,0.0037745083892140206,0.0037745083892140206,0.0035590260840104616,0.003239417719358508,0.003239417719358508,0.0035030850600965553,0.0035030850600965553,0.0028888888888889287,0.0028888888888889287,0.0067549707349203155,0.007390350732584856,0.007390350732584856,0.007375300789011608,0.007375300789011608,0.007375300789011608,0.007171617583602207,0.008376923033320367,0.008376923033320367,0.008376923033320367,0.008376923033320367,0.0076173940004456275,0.0076173940004456275,0.006712803318663677,0.006712803318663677,0.006712803318663677,0.005724109721062785,0.005724109721062785,0.005724109721062785,0.0052186749181410644,0.0052186749181410644,0.005826715823167507,0.005826715823167507,0.005826715823167507,0.006210306049992036,0.006210306049992036,0.006140334168732469,0.006140334168732469,0.006698074165822888,0.006698074165822888,0.006698074165822888,0.006698074165822888,0.006579053930261082,0.006579053930261082,0.0030102704853653293,0.007381993440832475,0.007381993440832475,0.007381993440832475,0.007365250408522899,0.007365250408522899

mean_time: , 8351.155158185958
best_solution: , 0.8466666666666667
worst_solution: , 0.8677777777777778
mean_solution: , 0.8540000000000001
std_solution: , 0.007365250408522899



solutions runs are : 



0.8466666666666667

0.8527777777777777

0.8488888888888889

0.8677777777777778

0.8538888888888889

