# Scenario 94
Mean curve: 0.7090666666666666,0.7186,0.7362666666666666,0.7437999999999999,0.7524,0.7642666666666666,0.7668666666666667,0.7738666666666667,0.7792666666666667,0.7849999999999999,0.7906,0.7989333333333333,0.8066666666666666,0.8096,0.8126000000000001,0.8149333333333335,0.8190666666666667,0.8223333333333332,0.8270666666666667,0.8278000000000001,0.8298,0.8360666666666667,0.8364,0.8368,0.8430666666666667,0.8430666666666667,0.8435333333333335,0.8475333333333334,0.8500666666666667,0.8528,0.8529333333333333,0.8544,0.8544,0.8550000000000001,0.8550666666666666,0.8556000000000001,0.8566,0.8571333333333333,0.8599333333333334,0.8604666666666667,0.8624666666666666,0.8624666666666666,0.8646,0.8654,0.8655333333333333,0.8655333333333333,0.8667333333333334,0.8672666666666666,0.8688,0.8688,0.8688,0.8688,0.8708666666666668,0.8708666666666668,0.8708666666666668,0.8708666666666668,0.8710666666666667,0.8715999999999999,0.8732,0.8732,0.8732,0.8744666666666667,0.8744666666666667,0.8749333333333332,0.8749333333333332,0.8749333333333332,0.8760666666666668,0.8760666666666668,0.8760666666666668,0.8762666666666666,0.8762666666666666,0.8762666666666666,0.8769333333333333,0.8769333333333333,0.8773333333333333,0.8773333333333333,0.8773333333333333,0.8773333333333333,0.8773333333333333,0.8773333333333333,0.8773333333333333,0.8773333333333333,0.8775333333333333,0.8777999999999999,0.8777999999999999,0.8777999999999999,0.8777999999999999,0.8777999999999999,0.8777999999999999,0.8777999999999999,0.8778666666666666,0.8778666666666666,0.8778666666666666,0.8781333333333332,0.8781333333333332,0.8781333333333332,0.8781333333333332,0.8781333333333332,0.8781333333333332,0.8783333333333333
Std curve: 0.008319722217585026,0.00648896499194338,0.01017054570807287,0.003815756805667775,0.00511381570953735,0.006304848222686347,0.004480079364376385,0.006547603463184909,0.008333066662399852,0.008110350040397628,0.005778888782071819,0.0026948510575210195,0.008498365855987964,0.006392356546863003,0.005575342540548035,0.00567802782663132,0.007430866556316126,0.0060772800933751045,0.007841201721958494,0.007550128770057163,0.006506748633363516,0.008677941384145606,0.00860335851733367,0.007861580276537565,0.0072338709477629435,0.0072338709477629435,0.007541293729268945,0.005414384134465835,0.007781459446087925,0.008220840724781256,0.008212186067059112,0.005503130422263717,0.005503130422263717,0.005206833117271094,0.00524256086702332,0.005634812429097442,0.0053929995776417685,0.005503937984146727,0.005199999999999979,0.004860726968948836,0.004851574772976064,0.004851574772976064,0.0069550940563973315,0.00635400136397007,0.006287907265360862,0.006287907265360862,0.00737684063659897,0.006980608060111161,0.007467261881037792,0.007467261881037792,0.007467261881037792,0.007467261881037792,0.006990787588756438,0.006990787588756438,0.006990787588756438,0.006990787588756438,0.006763956764432417,0.006158643429269877,0.005302410353372847,0.005302410353372847,0.005302410353372847,0.0032221455929585725,0.0032221455929585725,0.0035615227704515013,0.0035615227704515013,0.0035615227704515013,0.0036721171610454495,0.0036721171610454495,0.0036721171610454495,0.0033492951165547975,0.0033492951165547975,0.0033492951165547975,0.0030868898407440705,0.0030868898407440705,0.0031972210155418223,0.0031972210155418223,0.0031972210155418223,0.0031972210155418223,0.0031972210155418223,0.0031972210155418223,0.0031972210155418223,0.0031972210155418223,0.003283629428273273,0.0034163007934183923,0.0034163007934183923,0.0034163007934183923,0.0034163007934183923,0.0034163007934183923,0.0034163007934183923,0.0034163007934183923,0.00345510893862665,0.00345510893862665,0.00345510893862665,0.0036551333764994073,0.0036551333764994073,0.0036551333764994073,0.0036551333764994073,0.0036551333764994073,0.0036551333764994073,0.003847076812334263

mean_time: , 18199.035310983658
best_solution: , 0.871
worst_solution: , 0.8823333333333333
mean_solution: , 0.8783333333333333
std_solution: , 0.003847076812334263



solutions runs are : 



0.88

0.8823333333333333

0.879

0.871

0.8793333333333333

