# Scenario 439
Mean curve: 0.77425,0.7807499999999999,0.78325,0.78325,0.78775,0.78775,0.78775,0.78775,0.78775,0.78775,0.78775,0.78775,0.78775,0.78775,0.78775,0.78775,0.78775,0.78775,0.78775,0.78775,0.7885,0.7885,0.7885,0.7885,0.7885,0.7885,0.7885,0.7885,0.7885,0.7885,0.7885,0.7885,0.7885,0.7885,0.78975,0.78975,0.78975,0.78975,0.78975,0.78975,0.78975,0.78975,0.78975,0.78975,0.78975,0.78975,0.78975,0.78975,0.78975,0.78975,0.78975,0.78975,0.78975,0.78975,0.78975,0.78975,0.78975,0.78975,0.78975,0.78975,0.78975,0.78975,0.78975,0.78975,0.78975,0.79025,0.79025,0.79025,0.79025,0.79025,0.79025,0.79025,0.79025,0.79025,0.79025,0.79025,0.79025,0.79025,0.79025,0.79025,0.79025,0.79025,0.7917500000000001,0.7917500000000001,0.7917500000000001,0.7917500000000001,0.7917500000000001,0.7917500000000001,0.7917500000000001,0.7917500000000001,0.7917500000000001,0.7925,0.7925,0.7925,0.7925,0.7927500000000001,0.7927500000000001,0.7927500000000001,0.7927500000000001,0.7927500000000001
Std curve: 0.011795126112085434,0.016251922963144993,0.013661076092314242,0.013661076092314242,0.01263427876849327,0.01263427876849327,0.01263427876849327,0.01263427876849327,0.01263427876849327,0.01263427876849327,0.01263427876849327,0.01263427876849327,0.01263427876849327,0.01263427876849327,0.01263427876849327,0.01263427876849327,0.01263427876849327,0.01263427876849327,0.01263427876849327,0.01263427876849327,0.011467344941179698,0.011467344941179698,0.011467344941179698,0.011467344941179698,0.011467344941179698,0.011467344941179698,0.011467344941179698,0.011467344941179698,0.011467344941179698,0.011467344941179698,0.011467344941179698,0.011467344941179698,0.011467344941179698,0.011467344941179698,0.009727538229171844,0.009727538229171844,0.009727538229171844,0.009727538229171844,0.009727538229171844,0.009727538229171844,0.009727538229171844,0.009727538229171844,0.009727538229171844,0.009727538229171844,0.009727538229171844,0.009727538229171844,0.009727538229171844,0.009727538229171844,0.009727538229171844,0.009727538229171844,0.009727538229171844,0.009727538229171844,0.009727538229171844,0.009727538229171844,0.009727538229171844,0.009727538229171844,0.009727538229171844,0.009727538229171844,0.009727538229171844,0.009727538229171844,0.009727538229171844,0.009727538229171844,0.009727538229171844,0.009727538229171844,0.009727538229171844,0.009981232388838556,0.009981232388838556,0.009981232388838556,0.009981232388838556,0.009981232388838556,0.009981232388838556,0.009981232388838556,0.009981232388838556,0.009981232388838556,0.009981232388838556,0.009981232388838556,0.009981232388838556,0.009981232388838556,0.009981232388838556,0.009981232388838556,0.009981232388838556,0.009981232388838556,0.008824681297361397,0.008824681297361397,0.008824681297361397,0.008824681297361397,0.008824681297361397,0.008824681297361397,0.008824681297361397,0.008824681297361397,0.008824681297361397,0.009117291264405237,0.009117291264405237,0.009117291264405237,0.009117291264405237,0.00926687649642532,0.00926687649642532,0.00926687649642532,0.00926687649642532,0.00926687649642532

mean_time: , 5999.96801776886
best_solution: , 0.7775
worst_solution: , 0.80375
mean_solution: , 0.7927500000000001
std_solution: , 0.00926687649642532



solutions runs are : 



0.7875

0.80375

0.79625

0.79875

0.7775

