# Scenario 266
Mean curve: 0.7025,0.7028333333333333,0.7133333333333334,0.71625,0.717875,0.7209166666666667,0.7219166666666667,0.7246666666666666,0.72475,0.7275833333333334,0.730375,0.7332916666666667,0.7368750000000001,0.7377916666666666,0.7435,0.7449583333333333,0.7449583333333333,0.7449583333333333,0.7498750000000001,0.7498750000000001,0.7502916666666667,0.75125,0.7528333333333334,0.755125,0.756375,0.759,0.7598333333333332,0.7598333333333332,0.7600833333333333,0.7600833333333333,0.7605416666666666,0.7619166666666666,0.7620416666666666,0.7620833333333332,0.7620833333333332,0.7641666666666667,0.7645416666666667,0.7654583333333334,0.7661666666666667,0.767,0.767,0.767,0.7691666666666667,0.7695833333333333,0.7695833333333333,0.77025,0.772,0.77275,0.7729166666666666,0.7729166666666666,0.7751249999999998,0.7772499999999999,0.7780416666666665,0.7780416666666665,0.7780416666666665,0.7780416666666665,0.778125,0.778125,0.7785,0.778875,0.779625,0.7844166666666667,0.7847083333333333,0.7852916666666666,0.786125,0.7865,0.786875,0.788375,0.788375,0.788375,0.79075,0.7925833333333333,0.7925833333333333,0.7925833333333333,0.7925833333333333,0.7933749999999999,0.7933749999999999,0.7933749999999999,0.7933749999999999,0.7933749999999999,0.7933749999999999,0.7933749999999999,0.7933749999999999,0.7971666666666667,0.7971666666666667,0.7971666666666667,0.7975833333333333,0.7980833333333333,0.8008750000000001,0.8008750000000001,0.8008750000000001,0.8008750000000001,0.8013333333333333,0.8013333333333333,0.8013333333333333,0.8013333333333333,0.8013333333333333,0.8013333333333333,0.80375,0.80375
Std curve: 0.003569741665100633,0.0035000000000000005,0.011049132695978126,0.010131085276952731,0.009460627475079114,0.009429563439877069,0.010115993936995658,0.007155999813676142,0.007056813098779852,0.005666666666666649,0.003236617747656401,0.0036261971203391126,0.005332682251925372,0.004797279321541402,0.00806161170817184,0.006364779388687924,0.006364779388687924,0.006364779388687924,0.010196506754766552,0.010196506754766552,0.010294786976372499,0.009528830521691045,0.009473647660748203,0.008314144574157946,0.007538788585265758,0.008218373723959433,0.008298259523003084,0.008298259523003084,0.008134716412457856,0.008134716412457856,0.00790854846914964,0.00865564202638309,0.00859525870595076,0.008576655978747077,0.008576655978747077,0.008365562676167598,0.008528343267533756,0.008822516962610797,0.007435603166148945,0.006512008138815547,0.006512008138815547,0.006512008138815547,0.0025447385807670746,0.002865624810674891,0.002865624810674891,0.0028363954041862372,0.003585754995658345,0.0039029013424488196,0.004046174462103378,0.004046174462103378,0.006505339687091224,0.004270375991772974,0.004223775299158051,0.004223775299158051,0.004223775299158051,0.004223775299158051,0.004370036867375643,0.004370036867375643,0.004308824923598344,0.0043771819955563005,0.00564333431777898,0.014802754060571906,0.014714646898017419,0.014287232062229557,0.013864798552048608,0.013741411459121994,0.01365815283590315,0.013452204486832472,0.013452204486832472,0.013452204486832472,0.013583972377605738,0.01293654384550476,0.01293654384550476,0.01293654384550476,0.01293654384550476,0.012150245767976173,0.012150245767976173,0.012150245767976173,0.012150245767976173,0.012150245767976173,0.012150245767976173,0.012150245767976173,0.012150245767976173,0.010419666234791061,0.010419666234791061,0.010419666234791061,0.009789095407078705,0.009075684853252438,0.007573024128077547,0.007573024128077547,0.007573024128077547,0.007573024128077547,0.0072929760729074245,0.0072929760729074245,0.0072929760729074245,0.0072929760729074245,0.0072929760729074245,0.0072929760729074245,0.007553053098655606,0.007553053098655606

mean_time: , 21792.952908468247
best_solution: , 0.795625
worst_solution: , 0.815625
mean_solution: , 0.80375
std_solution: , 0.007553053098655606



solutions runs are : 



0.809375

0.795625

0.8002083333333333

0.7979166666666667

0.815625

