# Scenario 264
Mean curve: 0.515778940121778,0.5185795637995645,0.524463553046278,0.5268267970788347,0.5291902275233987,0.5353225243539164,0.5364187151542984,0.537975693387333,0.5391216869780828,0.5391216869780828,0.5392653245804986,0.5429548171104074,0.5479471916139176,0.5481486116681952,0.549282902136967,0.5544251414977458,0.5556826570994738,0.5559141797191124,0.5578179377281098,0.5596075369605814,0.5596075369605814,0.560003647089814,0.5610500423552256,0.5610500423552256,0.5650047429744366,0.5693636352863772,0.5697187506202459,0.5704444768867803,0.5704444768867803,0.5734778665121815,0.573953498561465,0.5740590326605155,0.5740590326605155,0.5740590326605155,0.5740590326605155,0.577994415421513,0.577994415421513,0.5786484506655084,0.5786484506655084,0.5811429467338415,0.5824201620094571,0.5824201620094571,0.5837294845063882,0.5837294845063882,0.5837294845063882,0.5840475769603609,0.5840475769603609,0.5840475769603609,0.585421235212124,0.5864328893822959,0.5878734434122679,0.5878734434122679,0.5882015287681137,0.5886954597666273,0.5886954597666273,0.5891004293577723,0.590197794858309,0.590197794858309,0.5914833505112707,0.5914833505112707,0.5914833505112707,0.5925417864595188,0.5941508205774608,0.5955373945199396,0.5984894681357545,0.5984894681357545,0.5984894681357545,0.5992099488900748,0.599703467482229,0.599703467482229,0.599703467482229,0.599703467482229,0.6001944340220278,0.6001944340220278,0.6001944340220278,0.6005246923046934,0.6014256158218119,0.6014256158218119,0.6033888825939372,0.6041318519619813,0.6041318519619813,0.6050248319433673,0.6050248319433673,0.6078771765638336,0.6079665527182756,0.6098665174124123,0.6107695536075256,0.6107695536075256,0.6116272871200923,0.612942350698275,0.6139558027769844,0.6139558027769844,0.6139558027769844,0.6143607564989298,0.614364810434445,0.6145523657261752,0.6145523657261752,0.6170057873752618,0.6178413014132887,0.6189959197988346
Std curve: 0.008403575227170366,0.007936887480985453,0.004982381245382149,0.004654875803154611,0.0033435525403143706,0.005430788980469911,0.004066268481702055,0.0037012993368720284,0.0026194409781318383,0.0026194409781318383,0.0026195542769744482,0.001799678801129792,0.009040286093307483,0.008941171558060552,0.008430113284234137,0.008267037108427541,0.00852613321362116,0.008143028144884575,0.006762940388264978,0.003698618305732857,0.003698618305732857,0.0038706096007328685,0.004360403342110468,0.004360403342110468,0.007535126877155776,0.00916777520087978,0.00864311746146178,0.008365847243752457,0.008365847243752457,0.009374119072289126,0.008565207365160405,0.008389774025207887,0.008389774025207887,0.008389774025207887,0.008389774025207887,0.01160656485230083,0.01160656485230083,0.011306809864503014,0.011306809864503014,0.008206153250158029,0.007577773840728822,0.007577773840728822,0.007797530336539369,0.007797530336539369,0.007797530336539369,0.007980790614596547,0.007980790614596547,0.007980790614596547,0.008410000609734335,0.008576005199007869,0.010024148934714438,0.010024148934714438,0.009483889743540821,0.00927981621532009,0.00927981621532009,0.008640650320141337,0.008259590579306232,0.008259590579306232,0.009707543789387211,0.009707543789387211,0.009707543789387211,0.009585532299039677,0.009198857430785348,0.010959104428045248,0.014035800979256982,0.014035800979256982,0.014035800979256982,0.01339082210472207,0.01270695474075421,0.01270695474075421,0.01270695474075421,0.01270695474075421,0.0125684665110486,0.0125684665110486,0.0125684665110486,0.01215901167710695,0.012154168694418935,0.012154168694418935,0.010099965657536548,0.010010521211207315,0.010010521211207315,0.010399276462795981,0.010399276462795981,0.013958744020108695,0.013892878904497466,0.012815776480378198,0.012077355826719038,0.012077355826719038,0.011595005679066978,0.010343164189789379,0.01096392681503996,0.01096392681503996,0.01096392681503996,0.011699575105962494,0.011696713731784077,0.012040679006390654,0.012040679006390654,0.010613209975873573,0.011999559642748325,0.011488037097894524

mean_time: , 83889.85814704894
best_solution: , 0.6061160606790272
worst_solution: , 0.6405128205128205
mean_solution: , 0.6189959197988346
std_solution: , 0.011488037097894524



solutions runs are : 



0.6149752152361075

0.6061160606790272

0.6405128205128205

0.6181344450234497

0.6152410575427683

