# Scenario 355
Mean curve: 0.7251666666666667,0.7343333333333334,0.737,0.7433333333333334,0.7453333333333334,0.7471666666666668,0.7495,0.7501666666666666,0.752,0.7526666666666666,0.7526666666666666,0.7526666666666666,0.7526666666666666,0.7526666666666666,0.7543333333333334,0.7565000000000001,0.7575000000000001,0.7575000000000001,0.758,0.7593333333333334,0.7593333333333334,0.7593333333333334,0.7598333333333334,0.7598333333333334,0.7608333333333334,0.7608333333333334,0.762,0.7641666666666667,0.7641666666666667,0.7641666666666667,0.7641666666666667,0.7641666666666667,0.765,0.765,0.7686666666666666,0.7701666666666667,0.7701666666666667,0.7701666666666667,0.7706666666666667,0.7706666666666667,0.7713333333333333,0.7713333333333333,0.7713333333333333,0.7713333333333333,0.7715,0.7715,0.7718333333333334,0.772,0.7723333333333333,0.7723333333333333,0.7723333333333333,0.7723333333333333,0.7746666666666666,0.7748333333333333,0.7748333333333333,0.7755,0.7755,0.7755,0.7755,0.7755,0.7791666666666667,0.7801666666666667,0.7818333333333334,0.7826666666666667,0.7846666666666667,0.7848333333333335,0.7848333333333335,0.7849999999999999,0.7849999999999999,0.7849999999999999,0.7849999999999999,0.7849999999999999,0.7849999999999999,0.7853333333333333,0.7853333333333333,0.7853333333333333,0.786,0.7866666666666667,0.7873333333333333,0.7873333333333333,0.7881666666666667,0.7881666666666667,0.7881666666666667,0.7885,0.7898333333333334,0.7898333333333334,0.7915,0.7915,0.7923333333333333,0.7923333333333333,0.7929999999999999,0.7929999999999999,0.7931666666666667,0.7931666666666667,0.7931666666666667,0.7931666666666667,0.7945,0.7951666666666667,0.796,0.797
Std curve: 0.005333333333333344,0.010360180178613353,0.008242842012585468,0.014414498873626398,0.01343296111973989,0.01354621718414404,0.015171244730300343,0.01442798207188608,0.014275075403575872,0.013646326326972455,0.013646326326972455,0.013646326326972455,0.013646326326972455,0.013646326326972455,0.012565384549980485,0.012420860589257782,0.013176156917368226,0.013176156917368226,0.013308309851784729,0.014628738838327781,0.014628738838327781,0.014628738838327781,0.015215124054702916,0.015215124054702916,0.01650757401921916,0.01650757401921916,0.017131841699011798,0.018081605140154024,0.018081605140154024,0.018081605140154024,0.018081605140154024,0.018081605140154024,0.018461672008063985,0.018461672008063985,0.023001207697761327,0.023495862519932204,0.023495862519932204,0.023495862519932204,0.022702178064866137,0.022702178064866137,0.022916515151014283,0.022916515151014283,0.022916515151014283,0.022916515151014283,0.02298791953275556,0.02298791953275556,0.022805944644129765,0.023031379560166272,0.02318045153428495,0.02318045153428495,0.02318045153428495,0.02318045153428495,0.022395436042987778,0.022437567703395236,0.022437567703395236,0.0223830292855994,0.0223830292855994,0.0223830292855994,0.0223830292855994,0.0223830292855994,0.02474312474652751,0.025778975067980412,0.026772705835940037,0.026611401065458142,0.0280158685192676,0.028039654459750794,0.028039654459750794,0.02824004249288589,0.02824004249288589,0.02824004249288589,0.02824004249288589,0.02824004249288589,0.02824004249288589,0.02818884728241139,0.02818884728241139,0.02818884728241139,0.02813360979327041,0.028328430948430582,0.02841849945213699,0.02841849945213699,0.0268917583409242,0.0268917583409242,0.0268917583409242,0.026285822118481354,0.023894443798599764,0.023894443798599764,0.021797043632362414,0.021797043632362414,0.020353814821251023,0.020353814821251023,0.02128249149992654,0.02128249149992654,0.021261598142086037,0.021261598142086037,0.021261598142086037,0.021261598142086037,0.01908023992395158,0.020106660035365834,0.01999583289921511,0.021019831905449027

mean_time: , 6671.099428844452
best_solution: , 0.7641666666666667
worst_solution: , 0.83
mean_solution: , 0.797
std_solution: , 0.021019831905449027



solutions runs are : 



0.7925

0.7641666666666667

0.83

0.8016666666666666

0.7966666666666666

