# Scenario 481
Mean curve: 0.5287554960609547,0.5305759097852947,0.5362342663735645,0.5390443276778119,0.5394263220972073,0.5418363804602366,0.5431349888809591,0.5431349888809591,0.5431349888809591,0.5439033677019369,0.5439033677019369,0.5439033677019369,0.5439033677019369,0.5439033677019369,0.5439033677019369,0.5439033677019369,0.5439033677019369,0.5439033677019369,0.5439033677019369,0.5439033677019369,0.5439033677019369,0.5439033677019369,0.5439033677019369,0.5443434766961868,0.5443434766961868,0.5445243948883034,0.5445243948883034,0.5452347584918988,0.5452347584918988,0.5452347584918988,0.5452347584918988,0.5452347584918988,0.5452347584918988,0.5452347584918988,0.5452347584918988,0.5452347584918988,0.5453880327248222,0.5455810557432743,0.5455810557432743,0.5455810557432743,0.5455810557432743,0.5455810557432743,0.5455810557432743,0.5455810557432743,0.5455810557432743,0.5468186897874924,0.5468186897874924,0.5468186897874924,0.5470505775298202,0.5470505775298202,0.5470505775298202,0.5470505775298202,0.5470505775298202,0.5470505775298202,0.5470505775298202,0.5470505775298202,0.5470505775298202,0.5470505775298202,0.5470505775298202,0.5471548414637823,0.5471548414637823,0.5471548414637823,0.5472367271363721,0.5472367271363721,0.5473985186562382,0.5473985186562382,0.5473985186562382,0.5473985186562382,0.5473985186562382,0.5473985186562382,0.5474712068167473,0.5474712068167473,0.5474712068167473,0.5474712068167473,0.5474712068167473,0.5474712068167473,0.5502042075817964,0.5502042075817964,0.5503853488137791,0.5503853488137791,0.5503853488137791,0.5503853488137791,0.5503853488137791,0.5503853488137791,0.5503853488137791,0.5503853488137791,0.5503853488137791,0.5503853488137791,0.5503853488137791,0.5503853488137791,0.5503853488137791,0.5508602130796516,0.5508602130796516,0.5508602130796516,0.5512354711563637,0.5512354711563637,0.5512354711563637,0.5512354711563637,0.5512354711563637,0.5512354711563637
Std curve: 0.004219931901098965,0.003865476026526268,0.0065897302807577315,0.006266003041494504,0.006531511581708108,0.003939969281016109,0.0054355171315197395,0.0054355171315197395,0.0054355171315197395,0.0046252153389897,0.0046252153389897,0.0046252153389897,0.0046252153389897,0.0046252153389897,0.0046252153389897,0.0046252153389897,0.0046252153389897,0.0046252153389897,0.0046252153389897,0.0046252153389897,0.0046252153389897,0.0046252153389897,0.0046252153389897,0.004431153604595772,0.004431153604595772,0.0042487890515128385,0.0042487890515128385,0.0037907170674649445,0.0037907170674649445,0.0037907170674649445,0.0037907170674649445,0.0037907170674649445,0.0037907170674649445,0.0037907170674649445,0.0037907170674649445,0.0037907170674649445,0.003755585723000734,0.0037467230989862307,0.0037467230989862307,0.0037467230989862307,0.0037467230989862307,0.0037467230989862307,0.0037467230989862307,0.0037467230989862307,0.0037467230989862307,0.002585572050037562,0.002585572050037562,0.002585572050037562,0.002287913824756913,0.002287913824756913,0.002287913824756913,0.002287913824756913,0.002287913824756913,0.002287913824756913,0.002287913824756913,0.002287913824756913,0.002287913824756913,0.002287913824756913,0.002287913824756913,0.0021731299809959453,0.0021731299809959453,0.0021731299809959453,0.002127578505069376,0.002127578505069376,0.002072973519510495,0.002072973519510495,0.002072973519510495,0.002072973519510495,0.002072973519510495,0.002072973519510495,0.0020645447762746385,0.0020645447762746385,0.0020645447762746385,0.0020645447762746385,0.0020645447762746385,0.0020645447762746385,0.0059108006174231386,0.0059108006174231386,0.005834762569011114,0.005834762569011114,0.005834762569011114,0.005834762569011114,0.005834762569011114,0.005834762569011114,0.005834762569011114,0.005834762569011114,0.005834762569011114,0.005834762569011114,0.005834762569011114,0.005834762569011114,0.005834762569011114,0.005453828841898607,0.005453828841898607,0.005453828841898607,0.005523644820276519,0.005523644820276519,0.005523644820276519,0.005523644820276519,0.005523644820276519,0.005523644820276519

mean_time: , 96110.32123203277
best_solution: , 0.5463234710874911
worst_solution: , 0.5612822124450031
mean_solution: , 0.5512354711563637
std_solution: , 0.005523644820276519



solutions runs are : 



0.5482824009919043

0.5612822124450031

0.5463234710874911

0.5530071552891124

0.5472821159683078

