# Scenario 348
Mean curve: 0.6941111111111111,0.7024444444444444,0.7074444444444444,0.7118333333333334,0.7120555555555556,0.7178333333333333,0.7178333333333333,0.7195,0.720388888888889,0.724111111111111,0.7249444444444444,0.7263888888888888,0.728611111111111,0.7299999999999999,0.7304999999999999,0.7307777777777777,0.7316666666666667,0.7319444444444445,0.7323888888888888,0.7348333333333332,0.7364444444444445,0.7368333333333335,0.7371111111111112,0.7416111111111111,0.7418333333333333,0.7418333333333333,0.7418333333333333,0.7428333333333332,0.7428333333333332,0.7432777777777777,0.7445555555555556,0.7445555555555556,0.7445555555555556,0.7448333333333335,0.7449444444444444,0.7492222222222221,0.7492222222222221,0.7492222222222221,0.7492222222222221,0.7492222222222221,0.7492222222222221,0.7492222222222221,0.75,0.75,0.7510555555555556,0.7510555555555556,0.7510555555555556,0.7511111111111111,0.7518333333333332,0.7528333333333332,0.7528333333333332,0.7533888888888889,0.7533888888888889,0.7533888888888889,0.7533888888888889,0.7533888888888889,0.7533888888888889,0.7533888888888889,0.7535555555555555,0.7549444444444443,0.7549444444444443,0.7562777777777777,0.7562777777777777,0.7568333333333334,0.7568333333333334,0.757611111111111,0.757611111111111,0.7576666666666666,0.7576666666666666,0.7576666666666666,0.7582777777777776,0.7582777777777776,0.7585,0.7585,0.7585,0.7585,0.7585,0.7585,0.7585,0.7585,0.7601111111111111,0.7601111111111111,0.7601111111111111,0.7601666666666667,0.7606666666666667,0.7606666666666667,0.7606666666666667,0.7606666666666667,0.7611666666666668,0.7611666666666668,0.761388888888889,0.7633333333333334,0.7633888888888889,0.7633888888888889,0.7633888888888889,0.7633888888888889,0.7633888888888889,0.7652222222222222,0.7659444444444444,0.7659444444444444
Std curve: 0.009544243950811021,0.008076409787877822,0.010155275950442175,0.010809232450680264,0.010613292387786267,0.004619470334663856,0.004619470334663856,0.003311968569064166,0.0034898441721198424,0.005888364756549347,0.005489608589793584,0.006268183425585919,0.007521573909367237,0.009350843363298233,0.009766407530375906,0.009495613022162766,0.009852304361649005,0.01015314826805393,0.009909466729557021,0.009977753031397172,0.008981118740288454,0.009433981132056594,0.009213851622877096,0.007571470167267856,0.007244836390215298,0.007244836390215298,0.007244836390215298,0.0066141449621433795,0.0066141449621433795,0.006386231331331779,0.005248750586191847,0.005248750586191847,0.005248750586191847,0.005108695081143387,0.005068664323536453,0.006879473852979394,0.006879473852979394,0.006879473852979394,0.006879473852979394,0.006879473852979394,0.006879473852979394,0.006879473852979394,0.006538112386633226,0.006538112386633226,0.005856830980641537,0.005856830980641537,0.005856830980641537,0.005778846055087034,0.005716016051951983,0.004372331637766881,0.004372331637766881,0.004414482338959774,0.004414482338959774,0.004414482338959774,0.004414482338959774,0.004414482338959774,0.004414482338959774,0.004414482338959774,0.004243368100872967,0.0037818605389150196,0.0037818605389150196,0.004563002044084696,0.004563002044084696,0.004917843550295728,0.004917843550295728,0.004889520161264035,0.004889520161264035,0.004949123878071146,0.004949123878071146,0.004949123878071146,0.004802905499233572,0.004802905499233572,0.004902128537434632,0.004902128537434632,0.004902128537434632,0.004902128537434632,0.004902128537434632,0.004902128537434632,0.004902128537434632,0.004902128537434632,0.005365067624670194,0.005365067624670194,0.005365067624670194,0.005272219295163705,0.004474205909266863,0.004474205909266863,0.004474205909266863,0.004474205909266863,0.0052511021770742464,0.0052511021770742464,0.005451809077932049,0.004093807428209009,0.004091545031004882,0.004091545031004882,0.004091545031004882,0.004091545031004882,0.004091545031004882,0.0034129383452016966,0.0033175552504074615,0.0033175552504074615

mean_time: , 13420.719508075714
best_solution: , 0.7608333333333334
worst_solution: , 0.7705555555555555
mean_solution: , 0.7659444444444444
std_solution: , 0.0033175552504074615



solutions runs are : 



0.7675

0.7608333333333334

0.7638888888888888

0.7669444444444444

0.7705555555555555

