# Scenario 186
Mean curve: 0.6889333333333333,0.6889333333333333,0.6916333333333332,0.6927999999999999,0.6927999999999999,0.6927999999999999,0.6965333333333332,0.6965333333333332,0.6965333333333332,0.6992999999999999,0.7004333333333334,0.7004333333333334,0.7004333333333334,0.7021333333333333,0.7021666666666666,0.7029333333333334,0.7029333333333334,0.7029333333333334,0.7029333333333334,0.7029333333333334,0.7029333333333334,0.7029333333333334,0.7029333333333334,0.7029333333333334,0.7029333333333334,0.7029333333333334,0.7033333333333334,0.7033333333333334,0.7033333333333334,0.7039333333333333,0.7039333333333333,0.7039333333333333,0.7039333333333333,0.7039333333333333,0.7039333333333333,0.7039333333333333,0.7039333333333333,0.7039333333333333,0.7039333333333333,0.7049000000000001,0.7049000000000001,0.7049000000000001,0.7049000000000001,0.7049000000000001,0.7049000000000001,0.7049000000000001,0.7049000000000001,0.7049000000000001,0.7049000000000001,0.7049000000000001,0.7058666666666666,0.7058666666666666,0.7058666666666666,0.7058666666666666,0.7061666666666666,0.7061666666666666,0.7061666666666666,0.7083,0.7083666666666667,0.7083666666666667,0.7088333333333333,0.7090333333333333,0.7095999999999999,0.7095999999999999,0.7095999999999999,0.71,0.7101999999999999,0.7101999999999999,0.7101999999999999,0.7101999999999999,0.7101999999999999,0.7106000000000001,0.7106000000000001,0.7106000000000001,0.7113,0.7113,0.7117666666666668,0.7117666666666668,0.7117666666666668,0.7117666666666668,0.7117666666666668,0.7128666666666666,0.7128666666666666,0.7128666666666666,0.7141666666666666,0.7141666666666666,0.7141666666666666,0.7141666666666666,0.7141666666666666,0.7141666666666666,0.7141666666666666,0.7145666666666667,0.7145666666666667,0.7145666666666667,0.7145666666666667,0.7145666666666667,0.7148333333333333,0.7148333333333333,0.7148333333333333,0.7148999999999999
Std curve: 0.007548068185524912,0.007548068185524912,0.006647806655832695,0.005305552646886924,0.005305552646886924,0.005305552646886924,0.0026444911293731746,0.0026444911293731746,0.0026444911293731746,0.002904785323871272,0.001753092505640656,0.001753092505640656,0.001753092505640656,0.003780652501002088,0.003759432581299119,0.0031368774282716184,0.0031368774282716184,0.0031368774282716184,0.0031368774282716184,0.0031368774282716184,0.0031368774282716184,0.0031368774282716184,0.0031368774282716184,0.0031368774282716184,0.0031368774282716184,0.0031368774282716184,0.003011090610836323,0.003011090610836323,0.003011090610836323,0.00291661904723031,0.00291661904723031,0.00291661904723031,0.00291661904723031,0.00291661904723031,0.00291661904723031,0.00291661904723031,0.00291661904723031,0.00291661904723031,0.00291661904723031,0.0020779263167344697,0.0020779263167344697,0.0020779263167344697,0.0020779263167344697,0.0020779263167344697,0.0020779263167344697,0.0020779263167344697,0.0020779263167344697,0.0020779263167344697,0.0020779263167344697,0.0020779263167344697,0.0021689731313329678,0.0021689731313329678,0.0021689731313329678,0.0021689731313329678,0.002084333093448439,0.002084333093448439,0.002084333093448439,0.005510999102804409,0.005450178386479145,0.005450178386479145,0.005102287068887181,0.004999333288882962,0.004618321003231463,0.004618321003231463,0.004618321003231463,0.004504318915095696,0.00489035331602488,0.00489035331602488,0.00489035331602488,0.00489035331602488,0.00489035331602488,0.0048985258553523574,0.0048985258553523574,0.0048985258553523574,0.004547771126851279,0.004547771126851279,0.004662617290749896,0.004662617290749896,0.004662617290749896,0.004662617290749896,0.004662617290749896,0.0037762415176998427,0.0037762415176998427,0.0037762415176998427,0.003221455847559877,0.003221455847559877,0.003221455847559877,0.003221455847559877,0.003221455847559877,0.003221455847559877,0.003221455847559877,0.0034182516648784615,0.0034182516648784615,0.0034182516648784615,0.0034182516648784615,0.0034182516648784615,0.003642343567906066,0.003642343567906066,0.003642343567906066,0.003732142667274234

mean_time: , 33002.546965694426
best_solution: , 0.7103333333333334
worst_solution: , 0.72
mean_solution: , 0.7148999999999999
std_solution: , 0.003732142667274234



solutions runs are : 



0.7116666666666667

0.7103333333333334

0.7183333333333334

0.72

0.7141666666666666

