# Scenario 154
Mean curve: 0.7318888888888889,0.7352222222222222,0.7396666666666666,0.7443333333333333,0.7527777777777779,0.7527777777777779,0.7530000000000001,0.7533333333333333,0.7533333333333333,0.7537777777777779,0.7544444444444445,0.7550000000000001,0.762,0.762,0.7623333333333334,0.7655555555555555,0.7681111111111112,0.7681111111111112,0.7681111111111112,0.7681111111111112,0.7704444444444445,0.770888888888889,0.7782222222222223,0.7782222222222223,0.7782222222222223,0.7782222222222223,0.7782222222222223,0.7782222222222223,0.7782222222222223,0.779,0.7814444444444445,0.7814444444444445,0.7814444444444445,0.7814444444444445,0.7815555555555556,0.7815555555555556,0.7815555555555556,0.7822222222222223,0.7822222222222223,0.7822222222222223,0.7822222222222223,0.7822222222222223,0.7822222222222223,0.7822222222222223,0.7822222222222223,0.7822222222222223,0.7822222222222223,0.7822222222222223,0.7822222222222223,0.7822222222222223,0.7822222222222223,0.7822222222222223,0.7822222222222223,0.7822222222222223,0.7822222222222223,0.7822222222222223,0.7822222222222223,0.7835555555555557,0.7835555555555557,0.7835555555555557,0.7835555555555557,0.7835555555555557,0.7835555555555557,0.7835555555555557,0.7835555555555557,0.7835555555555557,0.7835555555555557,0.7835555555555557,0.7835555555555557,0.7835555555555557,0.7835555555555557,0.7853333333333334,0.7853333333333334,0.7853333333333334,0.7853333333333334,0.7874444444444445,0.7874444444444445,0.7874444444444445,0.7874444444444445,0.7874444444444445,0.7874444444444445,0.7874444444444445,0.7876666666666666,0.7876666666666666,0.7876666666666666,0.7876666666666666,0.7876666666666666,0.7876666666666666,0.7876666666666666,0.7876666666666666,0.7876666666666666,0.7876666666666666,0.7885555555555557,0.7885555555555557,0.7885555555555557,0.7885555555555557,0.7885555555555557,0.7885555555555557,0.7885555555555557,0.7885555555555557
Std curve: 0.004181086160494832,0.005171145012542254,0.0021829869671542643,0.005228129047119382,0.0032010800646417744,0.0032010800646417744,0.0030751894451329148,0.003513641844631527,0.003513641844631527,0.0038554114606438932,0.004274529791482549,0.0044859176084858805,0.012134025214298601,0.012134025214298601,0.011943281597142464,0.010470416879457545,0.011928801125691401,0.011928801125691401,0.011928801125691401,0.011928801125691401,0.009752492558885191,0.009064923579720496,0.01573075936258187,0.01573075936258187,0.01573075936258187,0.01573075936258187,0.01573075936258187,0.01573075936258187,0.01573075936258187,0.015142940334535735,0.012661792434498421,0.012661792434498421,0.012661792434498421,0.012661792434498421,0.012553097104443203,0.012553097104443203,0.012553097104443203,0.012629575323006955,0.012629575323006955,0.012629575323006955,0.012629575323006955,0.012629575323006955,0.012629575323006955,0.012629575323006955,0.012629575323006955,0.012629575323006955,0.012629575323006955,0.012629575323006955,0.012629575323006955,0.012629575323006955,0.012629575323006955,0.012629575323006955,0.012629575323006955,0.012629575323006955,0.012629575323006955,0.012629575323006955,0.012629575323006955,0.01151274119732323,0.01151274119732323,0.01151274119732323,0.01151274119732323,0.01151274119732323,0.01151274119732323,0.01151274119732323,0.01151274119732323,0.01151274119732323,0.01151274119732323,0.01151274119732323,0.01151274119732323,0.01151274119732323,0.01151274119732323,0.011426631228606628,0.011426631228606628,0.011426631228606628,0.011426631228606628,0.012123846515070535,0.012123846515070535,0.012123846515070535,0.012123846515070535,0.012123846515070535,0.012123846515070535,0.012123846515070535,0.011849884095906607,0.011849884095906607,0.011849884095906607,0.011849884095906607,0.011849884095906607,0.011849884095906607,0.011849884095906607,0.011849884095906607,0.011849884095906607,0.011849884095906607,0.010867325587838952,0.010867325587838952,0.010867325587838952,0.010867325587838952,0.010867325587838952,0.010867325587838952,0.010867325587838952,0.010867325587838952

mean_time: , 8307.313008022309
best_solution: , 0.7761111111111111
worst_solution: , 0.805
mean_solution: , 0.7885555555555557
std_solution: , 0.010867325587838952



solutions runs are : 



0.7777777777777778

0.805

0.7955555555555556

0.7883333333333333

0.7761111111111111

