# Scenario 408
Mean curve: 0.7785,0.7823333333333333,0.7823333333333333,0.7823333333333333,0.7823333333333333,0.7885000000000001,0.7885000000000001,0.7885000000000001,0.7893333333333333,0.7893333333333333,0.7898333333333334,0.7898333333333334,0.7898333333333334,0.7898333333333334,0.7898333333333334,0.7898333333333334,0.7898333333333334,0.7898333333333334,0.7903333333333334,0.7903333333333334,0.7903333333333334,0.7903333333333334,0.7903333333333334,0.7903333333333334,0.7903333333333334,0.7903333333333334,0.7903333333333334,0.7903333333333334,0.7903333333333334,0.7903333333333334,0.7903333333333334,0.7903333333333334,0.7903333333333334,0.7903333333333334,0.7903333333333334,0.7903333333333334,0.7906666666666666,0.7906666666666666,0.7906666666666666,0.7941666666666667,0.7941666666666667,0.7941666666666667,0.7941666666666667,0.7941666666666667,0.7941666666666667,0.7941666666666667,0.7941666666666667,0.7941666666666667,0.7941666666666667,0.7941666666666667,0.7941666666666667,0.7941666666666667,0.7941666666666667,0.7941666666666667,0.7941666666666667,0.7941666666666667,0.7941666666666667,0.7941666666666667,0.7941666666666667,0.7941666666666667,0.7941666666666667,0.7941666666666667,0.7941666666666667,0.7941666666666667,0.7955,0.7955,0.7955,0.7955,0.7955,0.7955,0.7955,0.7955,0.7955,0.7955,0.7955,0.7955,0.7955,0.7955,0.7955,0.7955,0.7955,0.7955,0.7955,0.7955,0.7955,0.7955,0.7955,0.7955,0.7955,0.7955,0.7955,0.7955,0.7955,0.7955,0.7955,0.7955,0.7955,0.7955,0.7955,0.8016666666666665
Std curve: 0.017602083210044587,0.012762793146051117,0.012762793146051117,0.012762793146051117,0.012762793146051117,0.0114915427839588,0.0114915427839588,0.0114915427839588,0.01092143661693725,0.01092143661693725,0.010088497300281055,0.010088497300281055,0.010088497300281055,0.010088497300281055,0.010088497300281055,0.010088497300281055,0.010088497300281055,0.010088497300281055,0.010548828265631112,0.010548828265631112,0.010548828265631112,0.010548828265631112,0.010548828265631112,0.010548828265631112,0.010548828265631112,0.010548828265631112,0.010548828265631112,0.010548828265631112,0.010548828265631112,0.010548828265631112,0.010548828265631112,0.010548828265631112,0.010548828265631112,0.010548828265631112,0.010548828265631112,0.010548828265631112,0.01034676546344584,0.01034676546344584,0.01034676546344584,0.010788368221788176,0.010788368221788176,0.010788368221788176,0.010788368221788176,0.010788368221788176,0.010788368221788176,0.010788368221788176,0.010788368221788176,0.010788368221788176,0.010788368221788176,0.010788368221788176,0.010788368221788176,0.010788368221788176,0.010788368221788176,0.010788368221788176,0.010788368221788176,0.010788368221788176,0.010788368221788176,0.010788368221788176,0.010788368221788176,0.010788368221788176,0.010788368221788176,0.010788368221788176,0.010788368221788176,0.010788368221788176,0.00824284201258548,0.00824284201258548,0.00824284201258548,0.00824284201258548,0.00824284201258548,0.00824284201258548,0.00824284201258548,0.00824284201258548,0.00824284201258548,0.00824284201258548,0.00824284201258548,0.00824284201258548,0.00824284201258548,0.00824284201258548,0.00824284201258548,0.00824284201258548,0.00824284201258548,0.00824284201258548,0.00824284201258548,0.00824284201258548,0.00824284201258548,0.00824284201258548,0.00824284201258548,0.00824284201258548,0.00824284201258548,0.00824284201258548,0.00824284201258548,0.00824284201258548,0.00824284201258548,0.00824284201258548,0.00824284201258548,0.00824284201258548,0.00824284201258548,0.00824284201258548,0.00824284201258548,0.0053748384988656795

mean_time: , 5665.068316841125
best_solution: , 0.7941666666666667
worst_solution: , 0.8108333333333333
mean_solution: , 0.8016666666666665
std_solution: , 0.0053748384988656795



solutions runs are : 



0.8

0.8025

0.8008333333333333

0.7941666666666667

0.8108333333333333

