# Scenario 178
Mean curve: 0.75525,0.761875,0.7625000000000001,0.764,0.766,0.7703749999999999,0.7706249999999999,0.772125,0.77425,0.778,0.7825,0.7825,0.7825,0.7825,0.7833749999999999,0.7858750000000001,0.7858750000000001,0.786375,0.787125,0.787125,0.787125,0.7886249999999999,0.7886249999999999,0.7886249999999999,0.78875,0.7909999999999999,0.7909999999999999,0.792125,0.792125,0.7976249999999999,0.7976249999999999,0.7976249999999999,0.7976249999999999,0.7985,0.7985,0.7989999999999999,0.7989999999999999,0.7994999999999999,0.7994999999999999,0.7994999999999999,0.7994999999999999,0.7994999999999999,0.7994999999999999,0.7994999999999999,0.8003750000000001,0.8003750000000001,0.8003750000000001,0.8003750000000001,0.8011250000000001,0.8011250000000001,0.8011250000000001,0.8011250000000001,0.8011250000000001,0.8011250000000001,0.8011250000000001,0.8011250000000001,0.8011250000000001,0.8011250000000001,0.8011250000000001,0.8011250000000001,0.8018750000000001,0.8018750000000001,0.8018750000000001,0.8018750000000001,0.8018750000000001,0.8018750000000001,0.8023750000000002,0.8023750000000002,0.8023750000000002,0.8023750000000002,0.8023750000000002,0.8026250000000001,0.80275,0.802875,0.802875,0.805125,0.805125,0.805125,0.805125,0.805125,0.805125,0.805125,0.80575,0.80575,0.80575,0.80575,0.80575,0.80575,0.80575,0.80575,0.80575,0.80575,0.8065,0.8065,0.8077500000000001,0.8077500000000001,0.8083750000000002,0.8083750000000002,0.8083750000000002,0.8083750000000002
Std curve: 0.00606733054975579,0.004558645632202632,0.004383919479187563,0.0032258719751410017,0.003925079617026908,0.004194490433890617,0.004011701633970293,0.004194490433890617,0.005651327277728647,0.004927600836106734,0.006708203932499385,0.006708203932499385,0.006708203932499385,0.006708203932499385,0.0063565910675455715,0.00618213150943915,0.00618213150943915,0.006038936164590609,0.005736396952791907,0.005736396952791907,0.005736396952791907,0.006116064911362552,0.006116064911362552,0.006116064911362552,0.005902859476558782,0.006621461319074492,0.006621461319074492,0.00525297534736268,0.00525297534736268,0.011190118408667548,0.011190118408667548,0.011190118408667548,0.011190118408667548,0.010972978173677385,0.010972978173677385,0.010297147663309483,0.010297147663309483,0.009677615925422966,0.009677615925422966,0.009677615925422966,0.009677615925422966,0.009677615925422966,0.009677615925422966,0.009677615925422966,0.008764274071479058,0.008764274071479058,0.008764274071479058,0.008764274071479058,0.008200609733428364,0.008200609733428364,0.008200609733428364,0.008200609733428364,0.008200609733428364,0.008200609733428364,0.008200609733428364,0.008200609733428364,0.008200609733428364,0.008200609733428364,0.008200609733428364,0.008200609733428364,0.007945124291035355,0.007945124291035355,0.007945124291035355,0.007945124291035355,0.007945124291035355,0.007945124291035355,0.00772981241687015,0.00772981241687015,0.00772981241687015,0.00772981241687015,0.00772981241687015,0.007668930825088982,0.007589054618330269,0.0075684377516103025,0.0075684377516103025,0.007949056547792316,0.007949056547792316,0.007949056547792316,0.007949056547792316,0.007949056547792316,0.007949056547792316,0.007949056547792316,0.007597285699511374,0.007597285699511374,0.007597285699511374,0.007597285699511374,0.007597285699511374,0.007597285699511374,0.007597285699511374,0.007597285699511374,0.007597285699511374,0.007597285699511374,0.006761564168149255,0.006761564168149255,0.0063565910675455525,0.0063565910675455525,0.0058843011479698965,0.0058843011479698965,0.0058843011479698965,0.0058843011479698965

mean_time: , 9426.728448057174
best_solution: , 0.8
worst_solution: , 0.8175
mean_solution: , 0.8083750000000002
std_solution: , 0.0058843011479698965



solutions runs are : 



0.8

0.8175

0.805

0.81125

0.808125

