# Scenario 195
Mean curve: 0.7745,0.7875,0.7892,0.7909,0.7961,0.7985,0.7996000000000001,0.8005000000000001,0.8010000000000002,0.8053000000000001,0.8069,0.8081999999999999,0.8081999999999999,0.8097,0.8105,0.8105,0.8105,0.8115,0.8118000000000001,0.8121,0.8122999999999999,0.8122999999999999,0.8125,0.8129,0.8129,0.8129,0.8161999999999999,0.8191,0.8213000000000001,0.8213000000000001,0.8213000000000001,0.8213000000000001,0.8213000000000001,0.8224,0.8224,0.826,0.8268000000000001,0.8268000000000001,0.8268000000000001,0.8268000000000001,0.8271999999999998,0.8271999999999998,0.8274999999999999,0.8274999999999999,0.8274999999999999,0.8274999999999999,0.8291000000000001,0.8295000000000001,0.8295000000000001,0.8295000000000001,0.8304,0.8304,0.8304,0.8304,0.8304,0.8304,0.8304,0.8304,0.8304,0.8308,0.8308,0.8309000000000001,0.8309000000000001,0.8309000000000001,0.8309000000000001,0.8311,0.8311,0.8311,0.8311,0.8311,0.8311,0.8317,0.8317,0.8317,0.8317,0.8323,0.8337,0.8337,0.8337,0.8337,0.8347999999999999,0.8347999999999999,0.8347999999999999,0.8363999999999999,0.837,0.837,0.837,0.8372999999999999,0.8372999999999999,0.8372999999999999,0.8372999999999999,0.8372999999999999,0.8372999999999999,0.8372999999999999,0.8372999999999999,0.8372999999999999,0.8372999999999999,0.8372999999999999,0.8372999999999999,0.8372999999999999
Std curve: 0.007375635565834305,0.0020493901531919213,0.0031717503054307416,0.0020346989949375834,0.0035552777669262386,0.003464101615137758,0.005063595560468888,0.004159326868617099,0.004159326868617099,0.005818934610390476,0.004127953488110045,0.003325657829663162,0.003325657829663162,0.004411349000022539,0.0033615472627943053,0.0033615472627943053,0.0033615472627943053,0.0028809720581775776,0.003140063693621495,0.003527038417709645,0.0038157568056677482,0.0038157568056677482,0.0039749213828703224,0.0035832945734337496,0.0035832945734337496,0.0035832945734337496,0.006104096984812736,0.00625619692784681,0.005221110992882647,0.005221110992882647,0.005221110992882647,0.005221110992882647,0.005221110992882647,0.0032465366161496096,0.0032465366161496096,0.0020736441353327684,0.00290860791444979,0.00290860791444979,0.00290860791444979,0.00290860791444979,0.0035298725189445504,0.0035298725189445504,0.004037325847637282,0.004037325847637282,0.004037325847637282,0.004037325847637282,0.005598214000911364,0.00618869937870632,0.00618869937870632,0.00618869937870632,0.007109149034870479,0.007109149034870479,0.007109149034870479,0.007109149034870479,0.007109149034870479,0.007109149034870479,0.007109149034870479,0.007109149034870479,0.007109149034870479,0.006816157275180781,0.006816157275180781,0.006938299503480668,0.006938299503480668,0.006938299503480668,0.006938299503480668,0.0071930522033417845,0.0071930522033417845,0.0071930522033417845,0.0071930522033417845,0.0071930522033417845,0.0071930522033417845,0.008028698524667628,0.008028698524667628,0.008028698524667628,0.008028698524667628,0.007447147104764353,0.00675721836261046,0.00675721836261046,0.00675721836261046,0.00675721836261046,0.005887274411814016,0.005887274411814016,0.005887274411814016,0.005994997914928745,0.006774953874381734,0.006774953874381734,0.006774953874381734,0.006321392251711665,0.006321392251711665,0.006321392251711665,0.006321392251711665,0.006321392251711665,0.006321392251711665,0.006321392251711665,0.006321392251711665,0.006321392251711665,0.006321392251711665,0.006321392251711665,0.006321392251711665,0.006321392251711665

mean_time: , 13193.409993886948
best_solution: , 0.828
worst_solution: , 0.8465
mean_solution: , 0.8372999999999999
std_solution: , 0.006321392251711665



solutions runs are : 



0.84

0.839

0.828

0.8465

0.833

