# Scenario 474
Mean curve: 0.7119166666666666,0.7122499999999999,0.7133333333333333,0.7149166666666666,0.7159166666666665,0.7159166666666665,0.71675,0.7185833333333334,0.7185833333333334,0.7185833333333334,0.7185833333333334,0.7185833333333334,0.7185833333333334,0.7185833333333334,0.7185833333333334,0.7188333333333332,0.7188333333333332,0.7188333333333332,0.7188333333333332,0.7188333333333332,0.7188333333333332,0.7188333333333332,0.7188333333333332,0.7188333333333332,0.7188333333333332,0.7188333333333332,0.7188333333333332,0.7188333333333332,0.7188333333333332,0.7188333333333332,0.7188333333333332,0.7188333333333332,0.7188333333333332,0.7188333333333332,0.7188333333333332,0.7188333333333332,0.7188333333333332,0.7188333333333332,0.7188333333333332,0.7188333333333332,0.7188333333333332,0.7188333333333332,0.7189166666666666,0.7201666666666666,0.7201666666666666,0.7201666666666666,0.7222500000000001,0.7222500000000001,0.7222500000000001,0.7222500000000001,0.7222500000000001,0.7222500000000001,0.7222500000000001,0.725,0.725,0.725,0.725,0.725,0.725,0.725,0.725,0.725,0.725,0.725,0.725,0.725,0.725,0.725,0.725,0.725,0.725,0.725,0.725,0.725,0.725,0.7259166666666668,0.7259166666666668,0.7259166666666668,0.7259166666666668,0.7259166666666668,0.7259166666666668,0.7259166666666668,0.7260833333333334,0.7260833333333334,0.7260833333333334,0.7260833333333334,0.7276666666666667,0.7276666666666667,0.7276666666666667,0.7276666666666667,0.7276666666666667,0.7276666666666667,0.7285833333333334,0.7288333333333333,0.7288333333333333,0.7288333333333333,0.7288333333333333,0.7288333333333333,0.7288333333333333,0.729
Std curve: 0.0024804793443562096,0.002845561846493991,0.0022821773229382085,0.0037305048809332477,0.004051748593714414,0.004051748593714414,0.0041866188956934955,0.0048131763593979,0.0048131763593979,0.0048131763593979,0.0048131763593979,0.0048131763593979,0.0048131763593979,0.0048131763593979,0.0048131763593979,0.0048691203859972014,0.0048691203859972014,0.0048691203859972014,0.0048691203859972014,0.0048691203859972014,0.0048691203859972014,0.0048691203859972014,0.0048691203859972014,0.0048691203859972014,0.0048691203859972014,0.0048691203859972014,0.0048691203859972014,0.0048691203859972014,0.0048691203859972014,0.0048691203859972014,0.0048691203859972014,0.0048691203859972014,0.0048691203859972014,0.0048691203859972014,0.0048691203859972014,0.0048691203859972014,0.0048691203859972014,0.0048691203859972014,0.0048691203859972014,0.0048691203859972014,0.0048691203859972014,0.0048691203859972014,0.004703721930556689,0.0022453655975512472,0.0022453655975512472,0.0022453655975512472,0.004841946348777987,0.004841946348777987,0.004841946348777987,0.004841946348777987,0.004841946348777987,0.004841946348777987,0.004841946348777987,0.004289845892077928,0.004289845892077928,0.004289845892077928,0.004289845892077928,0.004289845892077928,0.004289845892077928,0.004289845892077928,0.004289845892077928,0.004289845892077928,0.004289845892077928,0.004289845892077928,0.004289845892077928,0.004289845892077928,0.004289845892077928,0.004289845892077928,0.004289845892077928,0.004289845892077928,0.004289845892077928,0.004289845892077928,0.004289845892077928,0.004289845892077928,0.004289845892077928,0.003758324094593236,0.003758324094593236,0.003758324094593236,0.003758324094593236,0.003758324094593236,0.003758324094593236,0.003758324094593236,0.0035804251764901445,0.0035804251764901445,0.0035804251764901445,0.0035804251764901445,0.004553692030771408,0.004553692030771408,0.004553692030771408,0.004553692030771408,0.004553692030771408,0.004553692030771408,0.00349205447329283,0.0032638593379276967,0.0032638593379276967,0.0032638593379276967,0.0032638593379276967,0.0032638593379276967,0.0032638593379276967,0.0030345235760055223

mean_time: , 15773.799947500229
best_solution: , 0.725
worst_solution: , 0.7333333333333333
mean_solution: , 0.729
std_solution: , 0.0030345235760055223



solutions runs are : 



0.72625

0.725

0.7295833333333334

0.7308333333333333

0.7333333333333333

