# Scenario 457
Mean curve: 0.7483333333333333,0.7548333333333332,0.7555000000000001,0.7611666666666667,0.7611666666666667,0.7611666666666667,0.7611666666666667,0.7611666666666667,0.7623333333333333,0.7623333333333333,0.7623333333333333,0.7623333333333333,0.7623333333333333,0.7631666666666667,0.7631666666666667,0.7663333333333334,0.7663333333333334,0.7663333333333334,0.7663333333333334,0.7663333333333334,0.7663333333333334,0.7663333333333334,0.7663333333333334,0.7663333333333334,0.7663333333333334,0.7663333333333334,0.7663333333333334,0.7663333333333334,0.7663333333333334,0.7663333333333334,0.7663333333333334,0.7663333333333334,0.7663333333333334,0.7663333333333334,0.7663333333333334,0.7663333333333334,0.7663333333333334,0.7663333333333334,0.7663333333333334,0.7663333333333334,0.7663333333333334,0.7663333333333334,0.7663333333333334,0.7663333333333334,0.7663333333333334,0.7663333333333334,0.7663333333333334,0.7663333333333334,0.7663333333333334,0.7663333333333334,0.7663333333333334,0.7663333333333334,0.7663333333333334,0.7663333333333334,0.7663333333333334,0.7663333333333334,0.7663333333333334,0.7663333333333334,0.7663333333333334,0.7663333333333334,0.7663333333333334,0.7663333333333334,0.7663333333333334,0.7663333333333334,0.7663333333333334,0.7663333333333334,0.7663333333333334,0.7663333333333334,0.7676666666666667,0.7676666666666667,0.7676666666666667,0.7676666666666667,0.7676666666666667,0.7676666666666667,0.7676666666666667,0.7676666666666667,0.7676666666666667,0.7676666666666667,0.7676666666666667,0.7676666666666667,0.7676666666666667,0.7676666666666667,0.7676666666666667,0.7676666666666667,0.7676666666666667,0.7676666666666667,0.7676666666666667,0.7676666666666667,0.7676666666666667,0.7676666666666667,0.7676666666666667,0.7676666666666667,0.7676666666666667,0.7676666666666667,0.7676666666666667,0.7676666666666667,0.7676666666666667,0.7676666666666667,0.7676666666666667,0.7676666666666667
Std curve: 0.006055300708194992,0.006737127643802578,0.006381396573025551,0.012025436005031614,0.012025436005031614,0.012025436005031614,0.012025436005031614,0.012025436005031614,0.011563832505801085,0.011563832505801085,0.011563832505801085,0.011563832505801085,0.011563832505801085,0.010440306508910535,0.010440306508910535,0.009952665751222401,0.009952665751222401,0.009952665751222401,0.009952665751222401,0.009952665751222401,0.009952665751222401,0.009952665751222401,0.009952665751222401,0.009952665751222401,0.009952665751222401,0.009952665751222401,0.009952665751222401,0.009952665751222401,0.009952665751222401,0.009952665751222401,0.009952665751222401,0.009952665751222401,0.009952665751222401,0.009952665751222401,0.009952665751222401,0.009952665751222401,0.009952665751222401,0.009952665751222401,0.009952665751222401,0.009952665751222401,0.009952665751222401,0.009952665751222401,0.009952665751222401,0.009952665751222401,0.009952665751222401,0.009952665751222401,0.009952665751222401,0.009952665751222401,0.009952665751222401,0.009952665751222401,0.009952665751222401,0.009952665751222401,0.009952665751222401,0.009952665751222401,0.009952665751222401,0.009952665751222401,0.009952665751222401,0.009952665751222401,0.009952665751222401,0.009952665751222401,0.009952665751222401,0.009952665751222401,0.009952665751222401,0.009952665751222401,0.009952665751222401,0.009952665751222401,0.009952665751222401,0.009952665751222401,0.008455767262643861,0.008455767262643861,0.008455767262643861,0.008455767262643861,0.008455767262643861,0.008455767262643861,0.008455767262643861,0.008455767262643861,0.008455767262643861,0.008455767262643861,0.008455767262643861,0.008455767262643861,0.008455767262643861,0.008455767262643861,0.008455767262643861,0.008455767262643861,0.008455767262643861,0.008455767262643861,0.008455767262643861,0.008455767262643861,0.008455767262643861,0.008455767262643861,0.008455767262643861,0.008455767262643861,0.008455767262643861,0.008455767262643861,0.008455767262643861,0.008455767262643861,0.008455767262643861,0.008455767262643861,0.008455767262643861,0.008455767262643861

mean_time: , 8519.38632593155
best_solution: , 0.7591666666666667
worst_solution: , 0.7816666666666666
mean_solution: , 0.7676666666666667
std_solution: , 0.008455767262643861



solutions runs are : 



0.765

0.7725

0.76

0.7816666666666666

0.7591666666666667

