# Scenario 466
Mean curve: 0.70275,0.7045,0.7045,0.7045,0.7045,0.7045,0.7064999999999999,0.7064999999999999,0.7064999999999999,0.7068749999999999,0.7068749999999999,0.7070000000000001,0.7074166666666667,0.7082916666666665,0.7084999999999999,0.7090416666666666,0.710125,0.710125,0.710125,0.710125,0.710125,0.710125,0.710125,0.710125,0.710125,0.710125,0.710125,0.710125,0.710125,0.710125,0.710125,0.710125,0.710125,0.710125,0.7104166666666666,0.7104166666666666,0.7104166666666666,0.7104166666666666,0.7104166666666666,0.7104166666666666,0.7104166666666666,0.7104166666666666,0.7104166666666666,0.7104166666666666,0.7104166666666666,0.7104166666666666,0.7104166666666666,0.7104166666666666,0.7104166666666666,0.7104166666666666,0.7104166666666666,0.7104166666666666,0.7104166666666666,0.7104166666666666,0.7104583333333333,0.7104583333333333,0.7104583333333333,0.7104583333333333,0.7104583333333333,0.7104583333333333,0.7108333333333333,0.7113333333333334,0.7119583333333334,0.7119583333333334,0.712,0.712,0.7131666666666667,0.7131666666666667,0.7131666666666667,0.7131666666666667,0.7131666666666667,0.7131666666666667,0.7131666666666667,0.7131666666666667,0.7131666666666667,0.7131666666666667,0.7132083333333334,0.7132083333333334,0.7132083333333334,0.7132083333333334,0.7132083333333334,0.7132083333333334,0.7132083333333334,0.7132083333333334,0.7132083333333334,0.7132083333333334,0.7132083333333334,0.7132083333333334,0.7132083333333334,0.7132083333333334,0.7132083333333334,0.7132083333333334,0.7132083333333334,0.7134583333333333,0.7134583333333333,0.7136250000000001,0.7139583333333335,0.7139583333333335,0.7139583333333335,0.7139583333333335
Std curve: 0.001378152950711781,0.0029831703866114545,0.0029831703866114545,0.0029831703866114545,0.0029831703866114545,0.0029831703866114545,0.0039029013424488074,0.0039029013424488074,0.0039029013424488074,0.00429186892727269,0.00429186892727269,0.004213486943402361,0.0037421213532196117,0.003479603266018822,0.003711375156940541,0.004217605297374859,0.003319241044442404,0.003319241044442404,0.003319241044442404,0.003319241044442404,0.003319241044442404,0.003319241044442404,0.003319241044442404,0.003319241044442404,0.003319241044442404,0.003319241044442404,0.003319241044442404,0.003319241044442404,0.003319241044442404,0.003319241044442404,0.003319241044442404,0.003319241044442404,0.003319241044442404,0.003319241044442404,0.0032861240255217185,0.0032861240255217185,0.0032861240255217185,0.0032861240255217185,0.0032861240255217185,0.0032861240255217185,0.0032861240255217185,0.0032861240255217185,0.0032861240255217185,0.0032861240255217185,0.0032861240255217185,0.0032861240255217185,0.0032861240255217185,0.0032861240255217185,0.0032861240255217185,0.0032861240255217185,0.0032861240255217185,0.0032861240255217185,0.0032861240255217185,0.0032861240255217185,0.003215090287310091,0.003215090287310091,0.003215090287310091,0.003215090287310091,0.003215090287310091,0.003215090287310091,0.002608745973749753,0.0027563059014235336,0.0018938863628939308,0.0018938863628939308,0.0019211903138997672,0.0019211903138997672,0.002113941815660966,0.002113941815660966,0.002113941815660966,0.002113941815660966,0.002113941815660966,0.002113941815660966,0.002113941815660966,0.002113941815660966,0.002113941815660966,0.002113941815660966,0.0021674678006066627,0.0021674678006066627,0.0021674678006066627,0.0021674678006066627,0.0021674678006066627,0.0021674678006066627,0.0021674678006066627,0.0021674678006066627,0.0021674678006066627,0.0021674678006066627,0.0021674678006066627,0.0021674678006066627,0.0021674678006066627,0.0021674678006066627,0.0021674678006066627,0.0021674678006066627,0.0021674678006066627,0.002395742751910842,0.002395742751910842,0.002151388440570959,0.0017529736639969036,0.0017529736639969036,0.0017529736639969036,0.0017529736639969036

mean_time: , 27400.49040336609
best_solution: , 0.7120833333333333
worst_solution: , 0.7160416666666667
mean_solution: , 0.7139583333333335
std_solution: , 0.0017529736639969036



solutions runs are : 



0.7160416666666667

0.7133333333333334

0.7120833333333333

0.7122916666666667

0.7160416666666667

