# Scenario 140
Mean curve: 0.6019459389727997,0.6019459389727997,0.6037013961750406,0.6040714390738191,0.6040714390738191,0.6040714390738191,0.6079895601866179,0.6079895601866179,0.6079895601866179,0.6079895601866179,0.6087406538133318,0.6087406538133318,0.6087406538133318,0.6091901652022286,0.6104484947708341,0.6104484947708341,0.6130364501424047,0.6130364501424047,0.6130364501424047,0.6142871256875418,0.6142871256875418,0.6142871256875418,0.6153820268367036,0.6160549675920062,0.6160549675920062,0.6160549675920062,0.6160549675920062,0.6160549675920062,0.6160549675920062,0.6160549675920062,0.6160549675920062,0.6169682238319993,0.6169682238319993,0.620313876139894,0.620313876139894,0.620313876139894,0.620313876139894,0.620313876139894,0.620313876139894,0.620313876139894,0.6208916137438265,0.6208916137438265,0.6216992434870374,0.6237778247096296,0.6237778247096296,0.6237778247096296,0.6237778247096296,0.6254246333375968,0.6254246333375968,0.6257847718935272,0.6257847718935272,0.6271123404658592,0.6273397690270723,0.6273397690270723,0.6273397690270723,0.6273397690270723,0.6273397690270723,0.6277484711776269,0.6277484711776269,0.6277484711776269,0.6311311574699573,0.6311311574699573,0.6311311574699573,0.6311311574699573,0.6311311574699573,0.6311311574699573,0.6311311574699573,0.6322817898656033,0.6322817898656033,0.6328304603184401,0.6328304603184401,0.6328304603184401,0.6328304603184401,0.6331608362281612,0.6345763905240795,0.6345763905240795,0.6345763905240795,0.6345763905240795,0.6345763905240795,0.6345763905240795,0.6345763905240795,0.6345763905240795,0.6370090659906507,0.6378501540867503,0.6378501540867503,0.6378501540867503,0.6378501540867503,0.6378501540867503,0.6378501540867503,0.6388730903046659,0.6401588644874049,0.6401588644874049,0.6401588644874049,0.6401588644874049,0.6401588644874049,0.6401588644874049,0.6401588644874049,0.6405658884744818,0.6405658884744818,0.6405658884744818
Std curve: 0.007983764504272144,0.007983764504272144,0.006233143454928737,0.005738939392114893,0.005738939392114893,0.005738939392114893,0.00326189764691249,0.00326189764691249,0.00326189764691249,0.00326189764691249,0.003991035153756432,0.003991035153756432,0.003991035153756432,0.004609997284957045,0.0037409089437345304,0.0037409089437345304,0.007275377256554756,0.007275377256554756,0.007275377256554756,0.006871461123401954,0.006871461123401954,0.006871461123401954,0.005667719481486489,0.006918697121495697,0.006918697121495697,0.006918697121495697,0.006918697121495697,0.006918697121495697,0.006918697121495697,0.006918697121495697,0.006918697121495697,0.006954980940967091,0.006954980940967091,0.00626847849183413,0.00626847849183413,0.00626847849183413,0.00626847849183413,0.00626847849183413,0.00626847849183413,0.00626847849183413,0.005539443809000604,0.005539443809000604,0.0052004056989432175,0.005280804623319537,0.005280804623319537,0.005280804623319537,0.005280804623319537,0.0029149121354921383,0.0029149121354921383,0.0034150563170713757,0.0034150563170713757,0.0027408194454297914,0.0030727884113105064,0.0030727884113105064,0.0030727884113105064,0.0030727884113105064,0.0030727884113105064,0.0032888947952112463,0.0032888947952112463,0.0032888947952112463,0.0048289657594050945,0.0048289657594050945,0.0048289657594050945,0.0048289657594050945,0.0048289657594050945,0.0048289657594050945,0.0048289657594050945,0.003953340762988773,0.003953340762988773,0.003961238424770492,0.003961238424770492,0.003961238424770492,0.003961238424770492,0.003950203177569805,0.005011573464978062,0.005011573464978062,0.005011573464978062,0.005011573464978062,0.005011573464978062,0.005011573464978062,0.005011573464978062,0.005011573464978062,0.004178633948192833,0.005158739450861245,0.005158739450861245,0.005158739450861245,0.005158739450861245,0.005158739450861245,0.005158739450861245,0.005984350191528448,0.004499435444900357,0.004499435444900357,0.004499435444900357,0.004499435444900357,0.004499435444900357,0.004499435444900357,0.004499435444900357,0.004251224396268684,0.004251224396268684,0.004251224396268684

mean_time: , 45342.83010439873
best_solution: , 0.6339847631666115
worst_solution: , 0.6454157506789086
mean_solution: , 0.6405658884744818
std_solution: , 0.004251224396268684



solutions runs are : 



0.6397444816899627

0.6454157506789086

0.638711776187378

0.6339847631666115

0.6449726706495488

