# Scenario 98
Mean curve: 0.7245000000000001,0.7426999999999999,0.7516,0.7593000000000001,0.7736,0.7809999999999999,0.7861,0.7936000000000001,0.8013999999999999,0.8096,0.819,0.8233,0.8247,0.8288,0.834,0.8365,0.8374,0.8394999999999999,0.8412,0.8465,0.8502000000000001,0.8526,0.8536000000000001,0.8583999999999999,0.8600999999999999,0.8608,0.8623,0.8637,0.8685,0.8693000000000002,0.8704000000000001,0.8723000000000001,0.874,0.8756999999999999,0.8765000000000001,0.8765000000000001,0.8775000000000001,0.8776999999999999,0.8812,0.8829,0.8832000000000001,0.8835000000000001,0.8835000000000001,0.8836,0.8836,0.8840999999999999,0.8853,0.8862,0.8898999999999999,0.8918999999999999,0.8929,0.8931999999999999,0.8931999999999999,0.8931999999999999,0.8931999999999999,0.8955,0.8956,0.8958,0.8958,0.8958,0.8968999999999999,0.8968999999999999,0.8981,0.8981,0.8981,0.8985,0.8985,0.8985,0.8999,0.9012,0.9012,0.9012,0.9014000000000001,0.9014000000000001,0.9014000000000001,0.9014000000000001,0.9014000000000001,0.9022,0.9022,0.9022,0.9022,0.9028,0.9028,0.9028,0.9028,0.9028,0.9028,0.9028,0.9028,0.9029,0.9029,0.9029,0.9029,0.9039999999999999,0.9044000000000001,0.9044000000000001,0.9044000000000001,0.9044000000000001,0.9044000000000001,0.9044000000000001
Std curve: 0.006107372593841008,0.0074067536748564635,0.00592790013411155,0.002293468988235942,0.003307567081708242,0.003240370349203926,0.0035128336140500395,0.0032000000000000214,0.0014628738838327944,0.0006633249580710873,0.005244044240850782,0.004664761515876244,0.002785677655436826,0.0027313000567495203,0.003492849839314612,0.0024494897427831805,0.003583294573433769,0.003646916505762085,0.0028390139133156905,0.004593473631142338,0.004388621651498364,0.004282522621072782,0.004140048308896896,0.004597825573029052,0.0036796738985948145,0.0036959437225152613,0.0033256578296631733,0.0030757112998459363,0.00494974746830581,0.005045790324617131,0.004152107898405322,0.0022271057451319688,0.0020736441353327527,0.003280243893371345,0.0024083189157584613,0.0024083189157584613,0.0018973665961010352,0.0022715633383201175,0.0037762415176998223,0.004305810028322181,0.0043886216514983254,0.004449719092257387,0.004449719092257387,0.0044877611344633596,0.0044877611344633596,0.004420407221060054,0.006185466837676834,0.005173006862551027,0.00849352694703444,0.006822023160324219,0.005894064811316554,0.005670978751503142,0.005670978751503142,0.005670978751503142,0.005670978751503142,0.005009990019950142,0.005053711507397318,0.005163332257370242,0.005163332257370242,0.005163332257370242,0.0036386810797320365,0.0036386810797320365,0.0049030602688525,0.0049030602688525,0.0049030602688525,0.0054954526656136315,0.0054954526656136315,0.0054954526656136315,0.0047581509013481255,0.003385262175962156,0.003385262175962156,0.003385262175962156,0.0037336309405188992,0.0037336309405188992,0.0037336309405188992,0.0037336309405188992,0.0037336309405188992,0.005201922721455991,0.005201922721455991,0.005201922721455991,0.005201922721455991,0.004718050444834193,0.004718050444834193,0.004718050444834193,0.004718050444834193,0.004718050444834193,0.004718050444834193,0.004718050444834193,0.004718050444834193,0.0046518813398452085,0.0046518813398452085,0.0046518813398452085,0.0046518813398452085,0.004483302354291983,0.004684015371452149,0.004684015371452149,0.004684015371452149,0.004684015371452149,0.004684015371452149,0.004684015371452149

mean_time: , 13246.880104064941
best_solution: , 0.9
worst_solution: , 0.912
mean_solution: , 0.9044000000000001
std_solution: , 0.004684015371452149



solutions runs are : 



0.9

0.9075

0.9

0.9025

0.912

