# Scenario 295
Mean curve: 0.7483000000000001,0.7496,0.7574,0.7633,0.7661999999999999,0.7684,0.7724,0.7776,0.7812,0.7828,0.7875,0.7916000000000001,0.7939,0.7976000000000001,0.7983,0.7983,0.8028000000000001,0.8034000000000001,0.8048,0.8048,0.8048,0.8056000000000001,0.8067,0.8074,0.8122999999999999,0.8151999999999999,0.8151999999999999,0.8151999999999999,0.8151999999999999,0.8157,0.8192,0.8196999999999999,0.8199,0.821,0.821,0.821,0.821,0.8224,0.8256,0.8267999999999999,0.8267999999999999,0.8267999999999999,0.8267999999999999,0.8267999999999999,0.8276,0.8276,0.8276,0.8280999999999998,0.8297999999999999,0.8297999999999999,0.8297999999999999,0.8307,0.8307,0.8313,0.8313,0.8313,0.8322,0.835,0.8352999999999999,0.8352999999999999,0.8352999999999999,0.8356,0.8356,0.8362,0.8373000000000002,0.8389000000000001,0.8389000000000001,0.8389000000000001,0.8400000000000001,0.8400000000000001,0.8400000000000001,0.8400000000000001,0.8401000000000002,0.8401000000000002,0.8401000000000002,0.8401000000000002,0.8419000000000001,0.8463,0.8463,0.8463,0.8465,0.8465,0.8480000000000001,0.8494000000000002,0.8494000000000002,0.8494000000000002,0.8499000000000001,0.8502000000000001,0.8503000000000001,0.8503000000000001,0.8503000000000001,0.8503000000000001,0.8503000000000001,0.8503000000000001,0.8503000000000001,0.8503000000000001,0.8503000000000001,0.8503000000000001,0.8503999999999999,0.8523
Std curve: 0.006830812543175213,0.005756735185849693,0.0037202150475476583,0.0030265491900843024,0.00441134900002254,0.004862098312457272,0.00787019694798042,0.010485227703774521,0.009047651629014046,0.009303762679690426,0.008105553651663799,0.003152776554086903,0.0011999999999999956,0.00802122185206218,0.007871467461661756,0.007871467461661756,0.007839642849007835,0.007151223671512429,0.006185466837676825,0.006185466837676825,0.006185466837676825,0.00547174560812176,0.005390732788777401,0.005323532661682456,0.0052971690552596025,0.0053347914673396325,0.0053347914673396325,0.0053347914673396325,0.0053347914673396325,0.005500909015790006,0.00744714710476432,0.0065772334609621305,0.006643794096749229,0.007218032973047423,0.007218032973047423,0.007218032973047423,0.007218032973047423,0.004993996395673496,0.0057740800133008335,0.005409251334519428,0.005409251334519428,0.005409251334519428,0.005409251334519428,0.005409251334519428,0.004017461885320152,0.004017461885320152,0.004017461885320152,0.0032465366161495888,0.006360817557515691,0.006360817557515691,0.006360817557515691,0.005758472019555186,0.005758472019555186,0.00549181208709839,0.00549181208709839,0.00549181208709839,0.006217716622683923,0.00518652099195598,0.005075431016179818,0.005075431016179818,0.005075431016179818,0.004789572005931218,0.004789572005931218,0.004739198244429111,0.003982461550347961,0.0033970575502925986,0.0033970575502925986,0.0033970575502925986,0.0034928498393145867,0.0034928498393145867,0.0034928498393145867,0.0034928498393145867,0.0033376638536557345,0.0033376638536557345,0.0033376638536557345,0.0033376638536557345,0.0014628738838327639,0.00707530918052348,0.00707530918052348,0.00707530918052348,0.00700713921654193,0.00700713921654193,0.006090976933136417,0.0062401923047290765,0.0062401923047290765,0.0062401923047290765,0.005877074101966036,0.0057323642591866,0.005635601121442154,0.005635601121442154,0.005635601121442154,0.005635601121442154,0.005635601121442154,0.005635601121442154,0.005635601121442154,0.005635601121442154,0.005635601121442154,0.005635601121442154,0.005642694391866359,0.006968500556073757

mean_time: , 13200.22321205139
best_solution: , 0.845
worst_solution: , 0.861
mean_solution: , 0.8523
std_solution: , 0.006968500556073757



solutions runs are : 



0.845

0.861

0.847

0.8605

0.848

