# Scenario 432
Mean curve: 0.7603333333333333,0.768,0.7696666666666667,0.7696666666666667,0.7696666666666667,0.7696666666666667,0.7696666666666667,0.7696666666666667,0.7701666666666667,0.7705,0.7705,0.7705,0.7705,0.7705,0.7705,0.7718333333333334,0.7718333333333334,0.7718333333333334,0.7718333333333334,0.7718333333333334,0.7718333333333334,0.7718333333333334,0.7718333333333334,0.7725000000000001,0.7725000000000001,0.7725000000000001,0.7725000000000001,0.7725000000000001,0.7725000000000001,0.7771666666666668,0.7771666666666668,0.7771666666666668,0.7771666666666668,0.7771666666666668,0.7771666666666668,0.7771666666666668,0.7771666666666668,0.7771666666666668,0.7771666666666668,0.7771666666666668,0.7771666666666668,0.7771666666666668,0.7771666666666668,0.7776666666666667,0.7776666666666667,0.7776666666666667,0.7776666666666667,0.7776666666666667,0.7776666666666667,0.7776666666666667,0.7776666666666667,0.7776666666666667,0.7776666666666667,0.7776666666666667,0.7776666666666667,0.7776666666666667,0.7776666666666667,0.7776666666666667,0.7776666666666667,0.7776666666666667,0.7776666666666667,0.7776666666666667,0.7776666666666667,0.7776666666666667,0.7778333333333334,0.7783333333333334,0.7783333333333334,0.7783333333333334,0.7783333333333334,0.7783333333333334,0.7783333333333334,0.7783333333333334,0.7788333333333334,0.7788333333333334,0.7788333333333334,0.7788333333333334,0.7788333333333334,0.7788333333333334,0.7788333333333334,0.7788333333333334,0.7788333333333334,0.7790000000000001,0.7790000000000001,0.7790000000000001,0.7803333333333333,0.7803333333333333,0.7803333333333333,0.7803333333333333,0.7803333333333333,0.7803333333333333,0.7803333333333333,0.7803333333333333,0.7803333333333333,0.7803333333333333,0.7803333333333333,0.7803333333333333,0.7803333333333333,0.7803333333333333,0.7803333333333333,0.7803333333333333
Std curve: 0.009137833441248544,0.010295630140987002,0.008875684637129575,0.008875684637129575,0.008875684637129575,0.008875684637129575,0.008875684637129575,0.008875684637129575,0.009270622656782255,0.009015418890865674,0.009015418890865674,0.009015418890865674,0.009015418890865674,0.009015418890865674,0.009015418890865674,0.008455767262643873,0.008455767262643873,0.008455767262643873,0.008455767262643873,0.008455767262643873,0.008455767262643873,0.008455767262643873,0.008455767262643873,0.008482007099999639,0.008482007099999639,0.008482007099999639,0.008482007099999639,0.008482007099999639,0.008482007099999639,0.01461163919620244,0.01461163919620244,0.01461163919620244,0.01461163919620244,0.01461163919620244,0.01461163919620244,0.01461163919620244,0.01461163919620244,0.01461163919620244,0.01461163919620244,0.01461163919620244,0.01461163919620244,0.01461163919620244,0.01461163919620244,0.014600228308717168,0.014600228308717168,0.014600228308717168,0.014600228308717168,0.014600228308717168,0.014600228308717168,0.014600228308717168,0.014600228308717168,0.014600228308717168,0.014600228308717168,0.014600228308717168,0.014600228308717168,0.014600228308717168,0.014600228308717168,0.014600228308717168,0.014600228308717168,0.014600228308717168,0.014600228308717168,0.014600228308717168,0.014600228308717168,0.014600228308717168,0.014611639196202442,0.014691267247359323,0.014691267247359323,0.014691267247359323,0.014691267247359323,0.014691267247359323,0.014691267247359323,0.014691267247359323,0.014838014242703307,0.014838014242703307,0.014838014242703307,0.014838014242703307,0.014838014242703307,0.014838014242703307,0.014838014242703307,0.014838014242703307,0.014838014242703307,0.014581190318732916,0.014581190318732916,0.014581190318732916,0.01265569700437975,0.01265569700437975,0.01265569700437975,0.01265569700437975,0.01265569700437975,0.01265569700437975,0.01265569700437975,0.01265569700437975,0.01265569700437975,0.01265569700437975,0.01265569700437975,0.01265569700437975,0.01265569700437975,0.01265569700437975,0.01265569700437975,0.01265569700437975

mean_time: , 6920.839612579346
best_solution: , 0.7633333333333333
worst_solution: , 0.8016666666666666
mean_solution: , 0.7803333333333333
std_solution: , 0.01265569700437975



solutions runs are : 



0.7633333333333333

0.7783333333333333

0.7741666666666667

0.7841666666666667

0.8016666666666666

