# Scenario 339
Mean curve: 0.73175,0.74275,0.75175,0.7522500000000001,0.772,0.7739999999999999,0.775,0.7775000000000001,0.7775000000000001,0.7802500000000001,0.7802500000000001,0.7817500000000001,0.782,0.7837500000000001,0.7837500000000001,0.788,0.79,0.79,0.79025,0.7915000000000001,0.7915000000000001,0.7945,0.7965,0.7972499999999999,0.7982499999999999,0.7982499999999999,0.7995,0.7995,0.8022499999999999,0.8022499999999999,0.8025,0.8045,0.805,0.805,0.805,0.8057500000000001,0.8077500000000001,0.8082499999999999,0.8115,0.8119999999999999,0.8119999999999999,0.8119999999999999,0.8145,0.8145,0.8147500000000001,0.8162500000000001,0.8162500000000001,0.8162500000000001,0.8162500000000001,0.817,0.8215,0.8230000000000001,0.826,0.827,0.827,0.8274999999999999,0.8274999999999999,0.8274999999999999,0.8274999999999999,0.8274999999999999,0.82775,0.8284999999999998,0.829,0.829,0.829,0.829,0.82975,0.82975,0.82975,0.8314999999999999,0.8324999999999999,0.8324999999999999,0.8324999999999999,0.8324999999999999,0.8324999999999999,0.8324999999999999,0.8327499999999999,0.833,0.8347499999999999,0.8347499999999999,0.8362499999999999,0.8362499999999999,0.837,0.837,0.837,0.83775,0.8400000000000001,0.8400000000000001,0.8400000000000001,0.8400000000000001,0.8400000000000001,0.8400000000000001,0.8400000000000001,0.8414999999999999,0.842,0.842,0.843,0.8459999999999999,0.8459999999999999,0.8465
Std curve: 0.006828250141873833,0.013587678241701205,0.011028372500056411,0.010588909292273687,0.010080922576827989,0.010588909292273697,0.010277402395547247,0.010752906583803292,0.010752906583803292,0.013167194082263701,0.013167194082263701,0.012160386507015326,0.012057155551787511,0.013624426593438715,0.013624426593438715,0.013842868199907132,0.011208255885729946,0.011208255885729946,0.011051018052650173,0.011816302298096474,0.011816302298096474,0.010325938214031698,0.008923284148787368,0.008038967595406775,0.00995615387586995,0.00995615387586995,0.009701803955966136,0.009701803955966136,0.01052971984432636,0.01052971984432636,0.010752906583803297,0.012464950862317912,0.01191112924957161,0.01191112924957161,0.01191112924957161,0.011197097838279354,0.010167349703831386,0.009637167633698212,0.009400797838481573,0.009440603794249592,0.009440603794249592,0.009440603794249592,0.006451743950281944,0.006451743950281944,0.006144102863722233,0.006614378277661461,0.006614378277661461,0.006614378277661461,0.006614378277661461,0.005841660722773964,0.003657184709581948,0.004513867521316943,0.004962358310319805,0.005159941860137573,0.005159941860137573,0.005968668193156678,0.005968668193156678,0.005968668193156678,0.005968668193156678,0.005968668193156678,0.005830951894845319,0.005830951894845323,0.006633249580710806,0.006633249580710806,0.006633249580710806,0.006633249580710806,0.006910137480542636,0.006910137480542636,0.006910137480542636,0.005086747487343955,0.005863019699779295,0.005863019699779295,0.005863019699779295,0.005863019699779295,0.005863019699779295,0.005863019699779295,0.00572276157112981,0.005623610939601001,0.006144102863722263,0.006144102863722263,0.004183300132670375,0.004183300132670375,0.005037360419902475,0.005037360419902475,0.005037360419902475,0.006144102863722268,0.008477912478906594,0.008477912478906594,0.008477912478906594,0.008477912478906594,0.008477912478906594,0.008477912478906594,0.008477912478906594,0.009598176910226233,0.00917196816392208,0.00917196816392208,0.008007808689023493,0.010994316713648025,0.010994316713648025,0.01064776971952345

mean_time: , 4733.920153474808
best_solution: , 0.835
worst_solution: , 0.86375
mean_solution: , 0.8465
std_solution: , 0.01064776971952345



solutions runs are : 



0.84

0.86375

0.84

0.85375

0.835

