# Scenario 463
Mean curve: 0.5340953342101908,0.5342735265077294,0.5342885694534986,0.5347514888270666,0.535981067345279,0.5366967757367487,0.5377627617041748,0.5399900832909044,0.5399900832909044,0.5401313916325232,0.5401313916325232,0.5401313916325232,0.5401313916325232,0.5401313916325232,0.5401313916325232,0.5414096917365907,0.5414096917365907,0.5414096917365907,0.5414096917365907,0.5414096917365907,0.5414096917365907,0.5414096917365907,0.5414096917365907,0.5414096917365907,0.5414096917365907,0.5414096917365907,0.5414096917365907,0.5414096917365907,0.5414096917365907,0.5414096917365907,0.5414096917365907,0.5414096917365907,0.5414096917365907,0.5414096917365907,0.5414096917365907,0.5414096917365907,0.5414096917365907,0.5414096917365907,0.5414096917365907,0.5414096917365907,0.5414096917365907,0.5414096917365907,0.5414096917365907,0.5414096917365907,0.5416035481106194,0.5416035481106194,0.5416035481106194,0.5416035481106194,0.5416035481106194,0.5416035481106194,0.5416035481106194,0.5432083057431305,0.5432083057431305,0.5432083057431305,0.5432083057431305,0.5432083057431305,0.5432083057431305,0.5432083057431305,0.5432083057431305,0.5432083057431305,0.5453868764888421,0.5453868764888421,0.5453868764888421,0.5453868764888421,0.5453868764888421,0.5453868764888421,0.5453868764888421,0.5453868764888421,0.5453868764888421,0.5453868764888421,0.5454779938332237,0.5454779938332237,0.5454779938332237,0.5454779938332237,0.5454779938332237,0.5454779938332237,0.5454779938332237,0.5454779938332237,0.5454779938332237,0.5454779938332237,0.5454779938332237,0.5482604781427725,0.5482604781427725,0.5487900855848226,0.5487900855848226,0.5487900855848226,0.5487900855848226,0.5487900855848226,0.5487900855848226,0.5487900855848226,0.5487900855848226,0.5487900855848226,0.5487900855848226,0.5487900855848226,0.5487900855848226,0.5487900855848226,0.5489510344361223,0.5489510344361223,0.5489510344361223,0.5489510344361223
Std curve: 0.0076312271065596135,0.007599713873705021,0.0075757549608325815,0.0075708886547560415,0.007472392858477857,0.0061812090501791135,0.0044212048799295274,0.0031461679645109404,0.0031461679645109404,0.0030610367301053248,0.0030610367301053248,0.0030610367301053248,0.0030610367301053248,0.0030610367301053248,0.0030610367301053248,0.0020773426349579398,0.0020773426349579398,0.0020773426349579398,0.0020773426349579398,0.0020773426349579398,0.0020773426349579398,0.0020773426349579398,0.0020773426349579398,0.0020773426349579398,0.0020773426349579398,0.0020773426349579398,0.0020773426349579398,0.0020773426349579398,0.0020773426349579398,0.0020773426349579398,0.0020773426349579398,0.0020773426349579398,0.0020773426349579398,0.0020773426349579398,0.0020773426349579398,0.0020773426349579398,0.0020773426349579398,0.0020773426349579398,0.0020773426349579398,0.0020773426349579398,0.0020773426349579398,0.0020773426349579398,0.0020773426349579398,0.0020773426349579398,0.0018315846748752729,0.0018315846748752729,0.0018315846748752729,0.0018315846748752729,0.0018315846748752729,0.0018315846748752729,0.0018315846748752729,0.0038592093486781776,0.0038592093486781776,0.0038592093486781776,0.0038592093486781776,0.0038592093486781776,0.0038592093486781776,0.0038592093486781776,0.0038592093486781776,0.0038592093486781776,0.004990927274166651,0.004990927274166651,0.004990927274166651,0.004990927274166651,0.004990927274166651,0.004990927274166651,0.004990927274166651,0.004990927274166651,0.004990927274166651,0.004990927274166651,0.004885922231514185,0.004885922231514185,0.004885922231514185,0.004885922231514185,0.004885922231514185,0.004885922231514185,0.004885922231514185,0.004885922231514185,0.004885922231514185,0.004885922231514185,0.004885922231514185,0.004788811197926414,0.004788811197926414,0.005456218577042101,0.005456218577042101,0.005456218577042101,0.005456218577042101,0.005456218577042101,0.005456218577042101,0.005456218577042101,0.005456218577042101,0.005456218577042101,0.005456218577042101,0.005456218577042101,0.005456218577042101,0.005456218577042101,0.00519946996193375,0.00519946996193375,0.00519946996193375,0.00519946996193375

mean_time: , 72661.55822663307
best_solution: , 0.540773855403114
worst_solution: , 0.5563046558209976
mean_solution: , 0.5489510344361223
std_solution: , 0.00519946996193375



solutions runs are : 



0.5462750497169956

0.5563046558209976

0.5500130039011704

0.5513886073383337

0.540773855403114

