# Scenario 462
Mean curve: 0.5423804331005521,0.5424276208944437,0.5438382828982361,0.5440176945014622,0.5441439163962627,0.5465460862192872,0.5465460862192872,0.5468413849903772,0.5504568486175184,0.5548635731851145,0.5548635731851145,0.5548635731851145,0.5548635731851145,0.5548635731851145,0.5548635731851145,0.5548635731851145,0.5548635731851145,0.5548635731851145,0.5555311601418526,0.5555311601418526,0.5555311601418526,0.5555311601418526,0.5556050901833054,0.5556050901833054,0.5564437060308108,0.5564437060308108,0.5564437060308108,0.5564437060308108,0.5564437060308108,0.5564437060308108,0.5564437060308108,0.5564437060308108,0.5564437060308108,0.5564437060308108,0.5564437060308108,0.5568763414483863,0.5577292138317331,0.5577292138317331,0.559817405982828,0.559817405982828,0.560608655956438,0.560608655956438,0.560608655956438,0.560608655956438,0.560608655956438,0.560608655956438,0.561045305494115,0.561045305494115,0.561045305494115,0.561045305494115,0.561045305494115,0.561045305494115,0.561045305494115,0.561045305494115,0.561045305494115,0.561045305494115,0.561045305494115,0.561045305494115,0.561045305494115,0.561045305494115,0.561045305494115,0.561045305494115,0.561045305494115,0.561045305494115,0.561045305494115,0.561045305494115,0.561045305494115,0.561045305494115,0.561045305494115,0.5620205808045509,0.5620205808045509,0.5620205808045509,0.5620205808045509,0.5620205808045509,0.5620205808045509,0.5620205808045509,0.5620205808045509,0.5620205808045509,0.5620205808045509,0.5620205808045509,0.5620205808045509,0.5620205808045509,0.5620205808045509,0.5620205808045509,0.5620205808045509,0.5620205808045509,0.5620205808045509,0.5620205808045509,0.5621663476393847,0.562789071576482,0.562789071576482,0.562789071576482,0.562789071576482,0.562789071576482,0.562789071576482,0.562789071576482,0.5630109829492118,0.5630109829492118,0.5630109829492118,0.5668613226392443
Std curve: 0.005221006742092929,0.005260914854847597,0.0034625210429083918,0.0032049192815480874,0.0030208390488880147,0.003407247121685371,0.003407247121685371,0.0029683013197428112,0.006043330486246227,0.005305845223059093,0.005305845223059093,0.005305845223059093,0.005305845223059093,0.005305845223059093,0.005305845223059093,0.005305845223059093,0.005305845223059093,0.005305845223059093,0.00442096882020849,0.00442096882020849,0.00442096882020849,0.00442096882020849,0.00439488562999756,0.00439488562999756,0.0037203506141344237,0.0037203506141344237,0.0037203506141344237,0.0037203506141344237,0.0037203506141344237,0.0037203506141344237,0.0037203506141344237,0.0037203506141344237,0.0037203506141344237,0.0037203506141344237,0.0037203506141344237,0.0032823335526501046,0.0033914833538257077,0.0033914833538257077,0.003171586166367213,0.003171586166367213,0.001847976827471687,0.001847976827471687,0.001847976827471687,0.001847976827471687,0.001847976827471687,0.001847976827471687,0.0018776653096512737,0.0018776653096512737,0.0018776653096512737,0.0018776653096512737,0.0018776653096512737,0.0018776653096512737,0.0018776653096512737,0.0018776653096512737,0.0018776653096512737,0.0018776653096512737,0.0018776653096512737,0.0018776653096512737,0.0018776653096512737,0.0018776653096512737,0.0018776653096512737,0.0018776653096512737,0.0018776653096512737,0.0018776653096512737,0.0018776653096512737,0.0018776653096512737,0.0018776653096512737,0.0018776653096512737,0.0018776653096512737,0.002437060802907836,0.002437060802907836,0.002437060802907836,0.002437060802907836,0.002437060802907836,0.002437060802907836,0.002437060802907836,0.002437060802907836,0.002437060802907836,0.002437060802907836,0.002437060802907836,0.002437060802907836,0.002437060802907836,0.002437060802907836,0.002437060802907836,0.002437060802907836,0.002437060802907836,0.002437060802907836,0.002437060802907836,0.0024559015149094414,0.0028878210002073797,0.0028878210002073797,0.0028878210002073797,0.0028878210002073797,0.0028878210002073797,0.0028878210002073797,0.0028878210002073797,0.0027990741685967294,0.0027990741685967294,0.0027990741685967294,0.005337757444606797

mean_time: , 73934.81429371834
best_solution: , 0.5623176536827558
worst_solution: , 0.5772444716192805
mean_solution: , 0.5668613226392443
std_solution: , 0.005337757444606797



solutions runs are : 



0.5658877145350528

0.5636482280895493

0.5623176536827558

0.5772444716192805

0.5652085452695829

