# Scenario 443
Mean curve: 0.5512542502860154,0.5512975619957555,0.555134397935326,0.555134397935326,0.555134397935326,0.5568635712381677,0.5572991814484611,0.5572991814484611,0.5572991814484611,0.5572991814484611,0.5572991814484611,0.5592837565704672,0.5592837565704672,0.5598570286518283,0.5598570286518283,0.5598570286518283,0.5601043742339433,0.5601043742339433,0.5601043742339433,0.5601043742339433,0.5601043742339433,0.5627558427293047,0.5627558427293047,0.5627558427293047,0.5630343141521973,0.5630343141521973,0.5630343141521973,0.5646988868379479,0.5646988868379479,0.5646988868379479,0.5646988868379479,0.5646988868379479,0.5650828881307726,0.5650828881307726,0.5650828881307726,0.5650828881307726,0.5650828881307726,0.5650828881307726,0.5650828881307726,0.5650828881307726,0.5650828881307726,0.5651480071649766,0.5651480071649766,0.5651480071649766,0.5651480071649766,0.5651480071649766,0.5660793071892776,0.5660793071892776,0.5660793071892776,0.5660793071892776,0.5660793071892776,0.5660793071892776,0.5661295369886344,0.5661295369886344,0.5661295369886344,0.5661295369886344,0.5661295369886344,0.5673921843169669,0.5673921843169669,0.5673921843169669,0.5673921843169669,0.567533698023458,0.567533698023458,0.567533698023458,0.567533698023458,0.5676601705141409,0.5676601705141409,0.5681496134687233,0.5686171519051882,0.5687479988235185,0.5687479988235185,0.5687479988235185,0.5687479988235185,0.5687479988235185,0.5687479988235185,0.5687479988235185,0.5687479988235185,0.5687479988235185,0.5687479988235185,0.5687479988235185,0.5697987195637939,0.5697987195637939,0.5712893202249688,0.5713498674469932,0.5713498674469932,0.5713498674469932,0.5713498674469932,0.5714804862153742,0.5714804862153742,0.5714804862153742,0.5714804862153742,0.5714804862153742,0.5714804862153742,0.5714804862153742,0.5716720882802182,0.5716720882802182,0.5716720882802182,0.5716720882802182,0.5716720882802182,0.5716720882802182
Std curve: 0.00970103928853378,0.009697034427973879,0.00353815559571459,0.00353815559571459,0.00353815559571459,0.005558965249981987,0.005659291735856609,0.005659291735856609,0.005659291735856609,0.005659291735856609,0.005659291735856609,0.004215408860024216,0.004215408860024216,0.003714567102678055,0.003714567102678055,0.003714567102678055,0.003591140273195464,0.003591140273195464,0.003591140273195464,0.003591140273195464,0.003591140273195464,0.005828771847988291,0.005828771847988291,0.005828771847988291,0.005706221399925402,0.005706221399925402,0.005706221399925402,0.0044493022535015015,0.0044493022535015015,0.0044493022535015015,0.0044493022535015015,0.0044493022535015015,0.0051009026175881395,0.0051009026175881395,0.0051009026175881395,0.0051009026175881395,0.0051009026175881395,0.0051009026175881395,0.0051009026175881395,0.0051009026175881395,0.0051009026175881395,0.005030322950627464,0.005030322950627464,0.005030322950627464,0.005030322950627464,0.005030322950627464,0.005195781596360623,0.005195781596360623,0.005195781596360623,0.005195781596360623,0.005195781596360623,0.005195781596360623,0.005147941911989917,0.005147941911989917,0.005147941911989917,0.005147941911989917,0.005147941911989917,0.005869368933481824,0.005869368933481824,0.005869368933481824,0.005869368933481824,0.005690110807516989,0.005690110807516989,0.005690110807516989,0.005690110807516989,0.005817253129650839,0.005817253129650839,0.005345737707776888,0.005905799911251946,0.006022988624776663,0.006022988624776663,0.006022988624776663,0.006022988624776663,0.006022988624776663,0.006022988624776663,0.006022988624776663,0.006022988624776663,0.006022988624776663,0.006022988624776663,0.006022988624776663,0.004832197513889851,0.004832197513889851,0.004490515539306269,0.0043893734081933995,0.0043893734081933995,0.0043893734081933995,0.0043893734081933995,0.004541556428607819,0.004541556428607819,0.004541556428607819,0.004541556428607819,0.004541556428607819,0.004541556428607819,0.004541556428607819,0.004676832953838198,0.004676832953838198,0.004676832953838198,0.004676832953838198,0.004676832953838198,0.004676832953838198

mean_time: , 50067.777442407605
best_solution: , 0.5640541815486219
worst_solution: , 0.5769444059337308
mean_solution: , 0.5716720882802182
std_solution: , 0.004676832953838198



solutions runs are : 



0.5769444059337308

0.5688503134256389

0.5753095153873364

0.5732020251057632

0.5640541815486219

