# Scenario 496
Mean curve: 0.7473000000000001,0.7483000000000002,0.7501,0.7501,0.7501,0.7511,0.7511,0.7529999999999999,0.7529999999999999,0.7529999999999999,0.7555,0.7555,0.7555,0.7555,0.7555,0.7564,0.7564,0.7564,0.7565000000000001,0.7565000000000001,0.7565000000000001,0.7565000000000001,0.7565000000000001,0.7565000000000001,0.7565000000000001,0.7565000000000001,0.7565000000000001,0.7565000000000001,0.7565000000000001,0.7565000000000001,0.7565000000000001,0.7565000000000001,0.7565000000000001,0.7565999999999999,0.7565999999999999,0.7565999999999999,0.7565999999999999,0.7565999999999999,0.7565999999999999,0.7565999999999999,0.7565999999999999,0.7565999999999999,0.7565999999999999,0.7565999999999999,0.7565999999999999,0.7565999999999999,0.7565999999999999,0.7569,0.7569,0.7569999999999999,0.7569999999999999,0.7569999999999999,0.7569999999999999,0.7569999999999999,0.7573,0.7573,0.7573,0.7573,0.7573,0.7573,0.7573,0.7573,0.7573,0.7573,0.7573,0.7573,0.7573,0.7573,0.7573,0.7573,0.7575000000000001,0.7575000000000001,0.7575000000000001,0.7575000000000001,0.7575000000000001,0.7575000000000001,0.7575000000000001,0.7575000000000001,0.7575000000000001,0.7575000000000001,0.7575000000000001,0.7575000000000001,0.7575000000000001,0.7575000000000001,0.7575000000000001,0.7575000000000001,0.7575000000000001,0.7575000000000001,0.7575000000000001,0.7575000000000001,0.7575000000000001,0.7575000000000001,0.7575000000000001,0.7575000000000001,0.7575000000000001,0.7575000000000001,0.7575000000000001,0.7575000000000001,0.7575000000000001,0.7575000000000001
Std curve: 0.0034438350715445014,0.00338526217596214,0.005360970061472053,0.005360970061472053,0.005360970061472053,0.005342284155677199,0.005342284155677199,0.0032093613071762107,0.0032093613071762107,0.0032093613071762107,0.004460941604639064,0.004460941604639064,0.004460941604639064,0.004460941604639064,0.004460941604639064,0.004103656905736609,0.004103656905736609,0.004103656905736609,0.004159326868617062,0.004159326868617062,0.004159326868617062,0.004159326868617062,0.004159326868617062,0.004159326868617062,0.004159326868617062,0.004159326868617062,0.004159326868617062,0.004159326868617062,0.004159326868617062,0.004159326868617062,0.004159326868617062,0.004159326868617062,0.004159326868617062,0.003967366884975473,0.003967366884975473,0.003967366884975473,0.003967366884975473,0.003967366884975473,0.003967366884975473,0.003967366884975473,0.003967366884975473,0.003967366884975473,0.003967366884975473,0.003967366884975473,0.003967366884975473,0.003967366884975473,0.003967366884975473,0.003397057550292626,0.003397057550292626,0.003209361307176242,0.003209361307176242,0.003209361307176242,0.003209361307176242,0.003209361307176242,0.0026570660511173053,0.0026570660511173053,0.0026570660511173053,0.0026570660511173053,0.0026570660511173053,0.0026570660511173053,0.0026570660511173053,0.0026570660511173053,0.0026570660511173053,0.0026570660511173053,0.0026570660511173053,0.0026570660511173053,0.0026570660511173053,0.0026570660511173053,0.0026570660511173053,0.0026570660511173053,0.002302172886644289,0.002302172886644289,0.002302172886644289,0.002302172886644289,0.002302172886644289,0.002302172886644289,0.002302172886644289,0.002302172886644289,0.002302172886644289,0.002302172886644289,0.002302172886644289,0.002302172886644289,0.002302172886644289,0.002302172886644289,0.002302172886644289,0.002302172886644289,0.002302172886644289,0.002302172886644289,0.002302172886644289,0.002302172886644289,0.002302172886644289,0.002302172886644289,0.002302172886644289,0.002302172886644289,0.002302172886644289,0.002302172886644289,0.002302172886644289,0.002302172886644289,0.002302172886644289,0.002302172886644289

mean_time: , 15431.519115543366
best_solution: , 0.7535
worst_solution: , 0.76
mean_solution: , 0.7575000000000001
std_solution: , 0.002302172886644289



solutions runs are : 



0.76

0.7535

0.7585

0.7565

0.759

