# Scenario 174
Mean curve: 0.7167499999999999,0.7245833333333334,0.72775,0.7305833333333334,0.7342500000000001,0.7343333333333334,0.7375,0.7375,0.73925,0.73925,0.73925,0.73925,0.74075,0.74075,0.74075,0.74075,0.74075,0.74075,0.743,0.743,0.7433333333333333,0.7458333333333333,0.7458333333333333,0.7458333333333333,0.7458333333333333,0.7458333333333333,0.748,0.7480833333333333,0.7480833333333333,0.7480833333333333,0.7480833333333333,0.7480833333333333,0.7480833333333333,0.7480833333333333,0.7485,0.7485,0.7485,0.7485,0.7485,0.74975,0.74975,0.7504166666666667,0.7504166666666667,0.7504166666666667,0.7504166666666667,0.7504166666666667,0.7504166666666667,0.7504166666666667,0.7504166666666667,0.7504166666666667,0.7504166666666667,0.75075,0.75075,0.7529166666666667,0.7529166666666667,0.7529166666666667,0.7529166666666667,0.7546666666666667,0.7546666666666667,0.7546666666666667,0.7546666666666667,0.7546666666666667,0.7546666666666667,0.7546666666666667,0.7546666666666667,0.7546666666666667,0.7546666666666667,0.7546666666666667,0.7546666666666667,0.7546666666666667,0.75475,0.75475,0.75475,0.75475,0.75475,0.75475,0.75475,0.75475,0.75475,0.75475,0.75475,0.75475,0.75475,0.75475,0.75475,0.75475,0.75475,0.75475,0.75475,0.7549166666666667,0.7549166666666667,0.7549166666666667,0.7550833333333332,0.7550833333333332,0.7555,0.7555,0.7555,0.7555,0.7555,0.7555
Std curve: 0.004544532734811996,0.0029462782549439467,0.004870546398734137,0.005254627590144786,0.01113490507867539,0.011066716867356004,0.010301024760241615,0.010301024760241615,0.00872177988970396,0.00872177988970396,0.00872177988970396,0.00872177988970396,0.00872177988970396,0.00872177988970396,0.00872177988970396,0.00872177988970396,0.00872177988970396,0.00872177988970396,0.006939220257188692,0.006939220257188692,0.0065351613088992155,0.005496210815947046,0.005496210815947046,0.005496210815947046,0.005496210815947046,0.005496210815947046,0.005240069974087493,0.0052480154979445935,0.0052480154979445935,0.0052480154979445935,0.0052480154979445935,0.0052480154979445935,0.0052480154979445935,0.0052480154979445935,0.005365786677335081,0.005365786677335081,0.005365786677335081,0.005365786677335081,0.005365786677335081,0.003265986323710911,0.003265986323710911,0.0032489314482696584,0.0032489314482696584,0.0032489314482696584,0.0032489314482696584,0.0032489314482696584,0.0032489314482696584,0.0032489314482696584,0.0032489314482696584,0.0032489314482696584,0.0032489314482696584,0.003358240279934977,0.003358240279934977,0.00499999999999999,0.00499999999999999,0.00499999999999999,0.00499999999999999,0.005982613698599175,0.005982613698599175,0.005982613698599175,0.005982613698599175,0.005982613698599175,0.005982613698599175,0.005982613698599175,0.005982613698599175,0.005982613698599175,0.005982613698599175,0.005982613698599175,0.005982613698599175,0.005982613698599175,0.005943016443225135,0.005943016443225135,0.005943016443225135,0.005943016443225135,0.005943016443225135,0.005943016443225135,0.005943016443225135,0.005943016443225135,0.005943016443225135,0.005943016443225135,0.005943016443225135,0.005943016443225135,0.005943016443225135,0.005943016443225135,0.005943016443225135,0.005943016443225135,0.005943016443225135,0.005943016443225135,0.005943016443225135,0.0056727908083724875,0.0056727908083724875,0.0056727908083724875,0.005865388118255915,0.005865388118255915,0.005233439489369186,0.005233439489369186,0.005233439489369186,0.005233439489369186,0.005233439489369186,0.005233439489369186

mean_time: , 12450.14374036789
best_solution: , 0.7479166666666667
worst_solution: , 0.7620833333333333
mean_solution: , 0.7555
std_solution: , 0.005233439489369186



solutions runs are : 



0.7520833333333333

0.755

0.7620833333333333

0.7479166666666667

0.7604166666666666

