# Scenario 2
Mean curve: 0.7053564461933459,0.7339856290311096,0.7562749478125153,0.7815247105768857,0.8066446765999709,0.8197915854753933,0.8382290792752812,0.8558144392619284,0.8668312854854859,0.8791006807556938,0.8975271514726023,0.9073878053165346,0.9138179732914482,0.9182679518909621,0.9231370349037723,0.9326979834574007,0.9370324392121983,0.9402804902607022,0.9446923808388339,0.9489486730513331,0.9525404988284277,0.9547778878433137,0.9553942708283486,0.9619739938249351,0.9638410684429687,0.967121192269326,0.968564956039598,0.968564956039598,0.9697694501203044,0.9699204356063948,0.9699204356063948,0.9722773842228687,0.973284281942763,0.9735344568253586,0.9735344568253586,0.9735344568253586,0.9741909059948597,0.9755311988711199,0.9755311988711199,0.9760346978134733,0.9768180250612636,0.9768180250612636,0.9772776234337259,0.9772776234337259,0.9772776234337259,0.9772776234337259,0.9772776234337259,0.9773414199638981,0.9773414199638981,0.9774709946581132,0.9774709946581132,0.9788617990993942,0.9788617990993942,0.9788617990993942,0.9788617990993942,0.9788617990993942,0.9788617990993942,0.9791725092727216,0.9791725092727216,0.9791725092727216,0.9791725092727216,0.9793506433185911,0.9794175033959711,0.9794175033959711,0.9794175033959711,0.9794175033959711,0.9797066473931519,0.9797066473931519,0.9797066473931519,0.9797066473931519,0.9797066473931519,0.9799148956843468,0.9799148956843468,0.9799148956843468,0.9799148956843468,0.9799148956843468,0.9799148956843468,0.9799148956843468,0.9799148956843468,0.9799148956843468,0.9799148956843468,0.9799148956843468,0.9799148956843468,0.980160732436793,0.980160732436793,0.9804996257104003,0.9808645292484627,0.9812559289077443,0.9812559289077443,0.9812559289077443,0.9812559289077443,0.9812559289077443,0.9812559289077443,0.9812559289077443,0.9816222400214221,0.9821202884613462,0.9829057077658987,0.9829057077658987,0.9829057077658987,0.9829057077658987
Std curve: 0.02063193966964981,0.010929577683778077,0.009895301418519652,0.00702892068088219,0.013869127988083835,0.008754354509374913,0.007639820380028788,0.008140174161458215,0.008546008363633251,0.005696943702161096,0.009998169891092317,0.010334777446226217,0.006552988724777698,0.0058076396147224004,0.004251484007911888,0.005628880812190405,0.0032685939595059935,0.0037861877409944614,0.006158408054507419,0.0063363587120415935,0.003328043951601893,0.00545260082243014,0.004874003823940218,0.005457635886652469,0.004979923251994098,0.0021680803866644498,0.003405032009588161,0.003405032009588161,0.0031424594010282902,0.0030077013999297826,0.0030077013999297826,0.003972593232257448,0.00549914438843204,0.005490753800419187,0.005490753800419187,0.005490753800419187,0.005704458169966657,0.005264641663604435,0.005264641663604435,0.005412944168456839,0.005852015486007399,0.005852015486007399,0.005039801877008097,0.005039801877008097,0.005039801877008097,0.005039801877008097,0.005039801877008097,0.005017071484841947,0.005017071484841947,0.004792259380814467,0.004792259380814467,0.0027845260749122945,0.0027845260749122945,0.0027845260749122945,0.0027845260749122945,0.0027845260749122945,0.0027845260749122945,0.0027935004675008644,0.0027935004675008644,0.0027935004675008644,0.0027935004675008644,0.0026196377989267453,0.002636367123030578,0.002636367123030578,0.002636367123030578,0.002636367123030578,0.002434042697307772,0.002434042697307772,0.002434042697307772,0.002434042697307772,0.002434042697307772,0.002102348166882866,0.002102348166882866,0.002102348166882866,0.002102348166882866,0.002102348166882866,0.002102348166882866,0.002102348166882866,0.002102348166882866,0.002102348166882866,0.002102348166882866,0.002102348166882866,0.002102348166882866,0.001992820475754656,0.001992820475754656,0.002465796933127319,0.0025299241724041173,0.001941107242851659,0.001941107242851659,0.001941107242851659,0.001941107242851659,0.001941107242851659,0.001941107242851659,0.001941107242851659,0.001787214571466225,0.0021437827743764604,0.0032921829763419286,0.0032921829763419286,0.0032921829763419286,0.0032921829763419286

mean_time: , 8110.14411869049
best_solution: , 0.978675645342312
worst_solution: , 0.9884506428415777
mean_solution: , 0.9829057077658987
std_solution: , 0.0032921829763419286



solutions runs are : 



0.9815418023887079

0.9884506428415777

0.981571700910824

0.9842887473460722

0.978675645342312

