# Scenario 1
Mean curve: 0.7192278540836842,0.7494746853861216,0.7818226018517169,0.7955029568717662,0.8242091474746054,0.840039717186708,0.8610973408431416,0.8675119801881488,0.8748374326959608,0.888788120151532,0.9047987800556563,0.9092281530822548,0.9192207381192159,0.9231472693909228,0.9313865835286611,0.9365005322946907,0.9410308217141956,0.9487324361786296,0.9501841177133133,0.9552234896631709,0.9560678233672174,0.9581273081460001,0.9585597920257198,0.9607037175785571,0.9610346569765266,0.9633137541197574,0.965228954955345,0.9678541223266878,0.9692802155195908,0.9707121798182785,0.9713508434747805,0.972064579877931,0.9724851556645786,0.9724851556645786,0.9724851556645786,0.9739598262315659,0.9739628373973561,0.974859469719328,0.974859469719328,0.974859469719328,0.974859469719328,0.974859469719328,0.974859469719328,0.975670991018287,0.975670991018287,0.975670991018287,0.9757238429734235,0.9764403090578929,0.9764403090578929,0.9764403090578929,0.9764403090578929,0.9764403090578929,0.9768157467563613,0.9768157467563613,0.9768157467563613,0.9778041281565706,0.9778041281565706,0.977874934784831,0.9783334138970318,0.9786178569826554,0.9786178569826554,0.9786178569826554,0.9786178569826554,0.9793805883360374,0.9793805883360374,0.9794761779119703,0.9796295045919345,0.9806032239445763,0.9806032239445763,0.9820861535703015,0.9820861535703015,0.9821196609766794,0.9821196609766794,0.9821196609766794,0.9821196609766794,0.9821196609766794,0.9821196609766794,0.9821196609766794,0.9821196609766794,0.9821196609766794,0.9821196609766794,0.9821196609766794,0.9825265218312627,0.9825265218312627,0.9835269403882169,0.9839308855680804,0.9840536375397775,0.9841506674969874,0.9844484716476373,0.9861339662080564,0.986345715906725,0.986345715906725,0.986345715906725,0.986345715906725,0.986345715906725,0.986345715906725,0.986345715906725,0.986345715906725,0.9863574889250358,0.9869316399674695
Std curve: 0.00804496278187635,0.014756971899505394,0.014010578491925251,0.012500795535173762,0.015205791523856904,0.015669839306307602,0.017220709503137355,0.016831923704243138,0.014509128684735655,0.012077963762885566,0.010710889886773118,0.010016062411569398,0.011630069936710138,0.012072122723840763,0.007301411891473347,0.006267686801069068,0.008836876881491639,0.004804777273379734,0.0034920108766776812,0.0026423459063042447,0.003976699016464407,0.0036824850100405523,0.003519777296619118,0.0051644456198655896,0.005414658072279917,0.005542764631675235,0.007383656409511446,0.0084414298225827,0.007111754700914201,0.0052992577789813065,0.005839002717611344,0.006838895529310027,0.006491730925271477,0.006491730925271477,0.006491730925271477,0.007806959976536688,0.007803326656414113,0.0068966547772107934,0.0068966547772107934,0.0068966547772107934,0.0068966547772107934,0.0068966547772107934,0.0068966547772107934,0.006323493021735203,0.006323493021735203,0.006323493021735203,0.006283744650350857,0.005977601953995441,0.005977601953995441,0.005977601953995441,0.005977601953995441,0.005977601953995441,0.005733238433957839,0.005733238433957839,0.005733238433957839,0.005535566887648672,0.005535566887648672,0.005416712444332534,0.004677888724725224,0.004730264201745025,0.004730264201745025,0.004730264201745025,0.004730264201745025,0.0043966106438586925,0.0043966106438586925,0.004460596787349565,0.004332094532747752,0.00399766274291965,0.00399766274291965,0.0025327824854879727,0.0025327824854879727,0.002476480585872639,0.002476480585872639,0.002476480585872639,0.002476480585872639,0.002476480585872639,0.002476480585872639,0.002476480585872639,0.002476480585872639,0.002476480585872639,0.002476480585872639,0.002476480585872639,0.0018507005639993679,0.0018507005639993679,0.0029972012815550077,0.0026070315568319834,0.0025279943377890042,0.0024205685805264643,0.00216746164168141,0.0019045757424966633,0.0014878725416067962,0.0014878725416067962,0.0014878725416067962,0.0014878725416067962,0.0014878725416067962,0.0014878725416067962,0.0014878725416067962,0.0014878725416067962,0.0014648187626004304,0.00218962615421181

mean_time: , 8353.989280986785
best_solution: , 0.9834900731452456
worst_solution: , 0.9903866248693834
mean_solution: , 0.9869316399674695
std_solution: , 0.00218962615421181



solutions runs are : 



0.9872314552087555

0.9903866248693834

0.9834900731452456

0.986613679146622

0.9869363674673409

