# Scenario 367
Mean curve: 0.693375,0.6991666666666666,0.7004999999999999,0.7066250000000001,0.708,0.711125,0.7135833333333335,0.7151250000000001,0.7159166666666668,0.7163333333333334,0.7178333333333334,0.7190416666666668,0.7200833333333334,0.7200833333333334,0.7272083333333333,0.7274166666666667,0.7292916666666667,0.7293333333333333,0.7301249999999999,0.7303333333333335,0.7304999999999999,0.7329583333333334,0.7335416666666668,0.7335416666666668,0.7359583333333333,0.7359583333333333,0.7365,0.7365,0.7365,0.7386250000000001,0.7386250000000001,0.7387083333333333,0.7387083333333333,0.7387083333333333,0.7388333333333332,0.7388333333333332,0.7388333333333332,0.7388333333333332,0.7388333333333332,0.7388333333333332,0.7394583333333333,0.7394583333333333,0.7395416666666667,0.7397083333333333,0.7397083333333333,0.7397083333333333,0.7397083333333333,0.73975,0.739875,0.7410833333333333,0.741125,0.742,0.7431666666666666,0.7431666666666666,0.7431666666666666,0.7437083333333334,0.7438333333333332,0.7440833333333334,0.7444583333333334,0.7452500000000001,0.7452500000000001,0.7452500000000001,0.7458333333333333,0.7481666666666668,0.7484583333333333,0.7484583333333333,0.7503333333333333,0.7503333333333333,0.750375,0.750375,0.7509166666666667,0.7509583333333334,0.7509583333333334,0.7512916666666667,0.7512916666666667,0.7512916666666667,0.752125,0.752125,0.7533749999999999,0.7535833333333334,0.7539583333333334,0.7539583333333334,0.75475,0.7548333333333332,0.7549583333333333,0.7549583333333333,0.7555416666666666,0.7556666666666667,0.7556666666666667,0.7561666666666665,0.7567083333333333,0.7571666666666667,0.75725,0.75725,0.7578333333333334,0.7580833333333333,0.7580833333333333,0.7581666666666667,0.7598333333333334,0.7598333333333334
Std curve: 0.005988124822420556,0.009166666666666677,0.009224815565756429,0.014296828513889224,0.013131678195197382,0.012553773226493386,0.012356397353418005,0.01284496226368748,0.012832115743105041,0.012062194152714407,0.009850091652139868,0.008681877677092682,0.0070348833205202055,0.0070348833205202055,0.00721760001662602,0.007321486643207547,0.007298924958893292,0.007261724236632006,0.007825794244391766,0.007866728460209265,0.008071511974565569,0.007682275776819733,0.006975900977253369,0.006975900977253369,0.009585688116492555,0.009585688116492555,0.009060368523287435,0.009060368523287435,0.009060368523287435,0.01021776774925805,0.01021776774925805,0.010102254973794514,0.010102254973794514,0.010102254973794514,0.0101598337694188,0.0101598337694188,0.0101598337694188,0.0101598337694188,0.0101598337694188,0.0101598337694188,0.010837018603943743,0.010837018603943743,0.010724938487262095,0.010923185076808985,0.010923185076808985,0.010923185076808985,0.010923185076808985,0.010868053336882986,0.010704847033003327,0.009312663123105249,0.009365828847464602,0.00863676733506237,0.008162201160090211,0.008162201160090211,0.008162201160090211,0.00827206644879824,0.008317276196768598,0.00860656241868185,0.008551924734623587,0.009224627363747543,0.009224627363747543,0.009224627363747543,0.008197857104823857,0.005012830759383565,0.004838718264627969,0.004838718264627969,0.0034575802392874428,0.0034575802392874428,0.0034495370059698556,0.0034495370059698556,0.0035271762391780345,0.003546809990838389,0.003546809990838389,0.003538969561264333,0.003538969561264333,0.003538969561264333,0.0042356784842835105,0.0042356784842835105,0.0050645143454783,0.004816782005539456,0.005272109529295543,0.005272109529295543,0.004589768210075786,0.004661082969058203,0.004655492574487806,0.004655492574487806,0.0038496031541503622,0.0037020077135401963,0.0037020077135401963,0.0032398345293823006,0.0034318767136623514,0.003023633759421141,0.002968000636418045,0.002968000636418045,0.0028339460121886754,0.002920830361387003,0.002920830361387003,0.0028425096501351215,0.00489011190510449,0.00489011190510449

mean_time: , 21801.64298853874
best_solution: , 0.7539583333333333
worst_solution: , 0.7679166666666667
mean_solution: , 0.7598333333333334
std_solution: , 0.00489011190510449



solutions runs are : 



0.755625

0.7608333333333334

0.7539583333333333

0.7679166666666667

0.7608333333333334

