# Scenario 441
Mean curve: 0.5842197414519193,0.5847067832286246,0.5847067832286246,0.5894401182795087,0.5894401182795087,0.5894401182795087,0.5901005865626966,0.5924695785510716,0.5924695785510716,0.5924695785510716,0.5933662383614974,0.5933662383614974,0.5933662383614974,0.5933662383614974,0.59484735891366,0.5964814867832154,0.5964814867832154,0.5964814867832154,0.5964814867832154,0.5964814867832154,0.5964814867832154,0.5964814867832154,0.5968792162066567,0.5968792162066567,0.5968792162066567,0.5968792162066567,0.5968792162066567,0.5968792162066567,0.5972111248262556,0.5972111248262556,0.5978541215416966,0.598547847304389,0.6007055733393993,0.6007055733393993,0.6007055733393993,0.6007055733393993,0.6020192873204921,0.6020192873204921,0.6020192873204921,0.6020192873204921,0.6020192873204921,0.6020192873204921,0.6020192873204921,0.602118285877056,0.602118285877056,0.6037639795111858,0.6037639795111858,0.6037639795111858,0.6037639795111858,0.6037639795111858,0.6037639795111858,0.6037639795111858,0.6038485397588922,0.6038485397588922,0.6038485397588922,0.6038485397588922,0.6038485397588922,0.604475176335908,0.604475176335908,0.604475176335908,0.604475176335908,0.604475176335908,0.604475176335908,0.604475176335908,0.604475176335908,0.604475176335908,0.604475176335908,0.604475176335908,0.604475176335908,0.604475176335908,0.604475176335908,0.604475176335908,0.604475176335908,0.604475176335908,0.604475176335908,0.604475176335908,0.604475176335908,0.604475176335908,0.604475176335908,0.604475176335908,0.604475176335908,0.604475176335908,0.604475176335908,0.604475176335908,0.604475176335908,0.6048485518979689,0.6048485518979689,0.6056891676673067,0.6056891676673067,0.6056891676673067,0.6056891676673067,0.6056891676673067,0.6056891676673067,0.6056891676673067,0.6056891676673067,0.6056891676673067,0.6056891676673067,0.6056891676673067,0.6056891676673067,0.6056891676673067
Std curve: 0.004684844804359587,0.004523930787931133,0.004523930787931133,0.0061763060738248355,0.0061763060738248355,0.0061763060738248355,0.006652943486864137,0.009741759358992618,0.009741759358992618,0.009741759358992618,0.008981243436354034,0.008981243436354034,0.008981243436354034,0.008981243436354034,0.007884502768715357,0.006922206300235359,0.006922206300235359,0.006922206300235359,0.006922206300235359,0.006922206300235359,0.006922206300235359,0.006922206300235359,0.006681243107377594,0.006681243107377594,0.006681243107377594,0.006681243107377594,0.006681243107377594,0.006681243107377594,0.006640117340369452,0.006640117340369452,0.006406382137616461,0.00643902147395437,0.0037541905590031794,0.0037541905590031794,0.0037541905590031794,0.0037541905590031794,0.0033751470066023677,0.0033751470066023677,0.0033751470066023677,0.0033751470066023677,0.0033751470066023677,0.0033751470066023677,0.0033751470066023677,0.0035488494868383597,0.0035488494868383597,0.0066387106497049495,0.0066387106497049495,0.0066387106497049495,0.0066387106497049495,0.0066387106497049495,0.0066387106497049495,0.0066387106497049495,0.006595807603464018,0.006595807603464018,0.006595807603464018,0.006595807603464018,0.006595807603464018,0.006409338194546842,0.006409338194546842,0.006409338194546842,0.006409338194546842,0.006409338194546842,0.006409338194546842,0.006409338194546842,0.006409338194546842,0.006409338194546842,0.006409338194546842,0.006409338194546842,0.006409338194546842,0.006409338194546842,0.006409338194546842,0.006409338194546842,0.006409338194546842,0.006409338194546842,0.006409338194546842,0.006409338194546842,0.006409338194546842,0.006409338194546842,0.006409338194546842,0.006409338194546842,0.006409338194546842,0.006409338194546842,0.006409338194546842,0.006409338194546842,0.006409338194546842,0.006108128901445317,0.006108128901445317,0.005736081580301412,0.005736081580301412,0.005736081580301412,0.005736081580301412,0.005736081580301412,0.005736081580301412,0.005736081580301412,0.005736081580301412,0.005736081580301412,0.005736081580301412,0.005736081580301412,0.005736081580301412,0.005736081580301412

mean_time: , 52120.962566947936
best_solution: , 0.5996656636576396
worst_solution: , 0.6166191597471806
mean_solution: , 0.6056891676673067
std_solution: , 0.005736081580301412



solutions runs are : 



0.6166191597471806

0.6047493403693931

0.603618207755155

0.5996656636576396

0.6037934668071654

