# Scenario 133
Mean curve: 0.7753333333333334,0.7899999999999999,0.8045,0.8051666666666666,0.8063333333333332,0.8078333333333333,0.8121666666666666,0.8136666666666666,0.8136666666666666,0.8136666666666666,0.8146666666666669,0.8171666666666667,0.8195,0.82,0.8206666666666667,0.8206666666666667,0.8241666666666667,0.8281666666666666,0.8281666666666666,0.8281666666666666,0.8298333333333332,0.8313333333333333,0.8320000000000001,0.8320000000000001,0.8320000000000001,0.8336666666666666,0.8336666666666666,0.8336666666666666,0.8336666666666666,0.8336666666666666,0.8341666666666667,0.8341666666666667,0.8361666666666666,0.8361666666666666,0.8361666666666666,0.8361666666666666,0.8368333333333332,0.8371666666666666,0.8388333333333333,0.8388333333333333,0.8388333333333333,0.8395000000000001,0.8395000000000001,0.8395000000000001,0.8395000000000001,0.8395000000000001,0.841,0.8411666666666667,0.8411666666666667,0.8411666666666667,0.8411666666666667,0.8411666666666667,0.8411666666666667,0.8411666666666667,0.8411666666666667,0.845,0.8455,0.8455,0.8455,0.8469999999999999,0.8469999999999999,0.8469999999999999,0.8469999999999999,0.8469999999999999,0.8469999999999999,0.8473333333333333,0.8504999999999999,0.8515,0.8535,0.8535,0.8535,0.8535,0.8535,0.8535,0.8535,0.8535,0.8546666666666667,0.8546666666666667,0.8546666666666667,0.8546666666666667,0.8546666666666667,0.8546666666666667,0.8574999999999999,0.8574999999999999,0.8574999999999999,0.8574999999999999,0.8574999999999999,0.8591666666666669,0.8591666666666669,0.8591666666666669,0.8591666666666669,0.8591666666666669,0.8591666666666669,0.8591666666666669,0.8591666666666669,0.8591666666666669,0.8606666666666666,0.8606666666666666,0.8606666666666666,0.8606666666666666
Std curve: 0.010146154170149616,0.007321960878829606,0.011566234381931658,0.011234866364235157,0.01102522360569416,0.01020076249873291,0.01200231459159254,0.011012619024454528,0.011012619024454528,0.011012619024454528,0.01038963158367247,0.00942219601673504,0.006782329983125263,0.006123724356957957,0.005710613899670605,0.005710613899670605,0.007397447007057375,0.005038738819277,0.005038738819277,0.005038738819277,0.0030459444804161653,0.003711842908553339,0.003399346342395189,0.003399346342395189,0.003399346342395189,0.004932882862316249,0.004932882862316249,0.004932882862316249,0.004932882862316249,0.004932882862316249,0.004830458915396484,0.004830458915396484,0.0024494897427831926,0.0024494897427831926,0.0024494897427831926,0.0024494897427831926,0.0024381231397213187,0.0021473497877875325,0.002915475947422668,0.002915475947422668,0.002915475947422668,0.0031001792062897316,0.0031001792062897316,0.0031001792062897316,0.0031001792062897316,0.0031001792062897316,0.0027588242262078302,0.002915475947422654,0.002915475947422654,0.002915475947422654,0.002915475947422654,0.002915475947422654,0.002915475947422654,0.002915475947422654,0.002915475947422654,0.00450308536203545,0.004236088342379632,0.004236088342379632,0.004236088342379632,0.0071024252508875094,0.0071024252508875094,0.0071024252508875094,0.0071024252508875094,0.0071024252508875094,0.0071024252508875094,0.006839428176227728,0.007257180352359086,0.006879922480183434,0.006377042156569662,0.006377042156569662,0.006377042156569662,0.006377042156569662,0.006377042156569662,0.006377042156569662,0.006377042156569662,0.006377042156569662,0.006315765107165468,0.006315765107165468,0.006315765107165468,0.006315765107165468,0.006315765107165468,0.006315765107165468,0.008866290718846915,0.008866290718846915,0.008866290718846915,0.008866290718846915,0.008866290718846915,0.009324400487132897,0.009324400487132897,0.009324400487132897,0.009324400487132897,0.009324400487132897,0.009324400487132897,0.009324400487132897,0.009324400487132897,0.009324400487132897,0.006960204339273704,0.006960204339273704,0.006960204339273704,0.006960204339273704

mean_time: , 5413.792209720612
best_solution: , 0.8508333333333333
worst_solution: , 0.8708333333333333
mean_solution: , 0.8606666666666666
std_solution: , 0.006960204339273704



solutions runs are : 



0.865

0.8508333333333333

0.8558333333333333

0.8708333333333333

0.8608333333333333

