# Scenario 130
Mean curve: 0.7953333333333333,0.8243333333333333,0.8331666666666667,0.8386666666666667,0.8541666666666667,0.8541666666666667,0.8571666666666667,0.8585,0.8596666666666668,0.8601666666666666,0.861,0.8638333333333333,0.8674999999999999,0.8674999999999999,0.8676666666666666,0.8676666666666666,0.869,0.869,0.8691666666666666,0.8696666666666666,0.8738333333333334,0.8756666666666666,0.8765000000000001,0.8779999999999999,0.8789999999999999,0.8789999999999999,0.8789999999999999,0.8799999999999999,0.8799999999999999,0.8806666666666667,0.8811666666666665,0.8811666666666665,0.8831666666666667,0.8835000000000001,0.8835000000000001,0.8858333333333335,0.8858333333333335,0.8865000000000001,0.8865000000000001,0.8865000000000001,0.8881666666666668,0.8881666666666668,0.8881666666666668,0.8881666666666668,0.8885,0.8885,0.8888333333333331,0.8888333333333331,0.8905,0.892,0.8931666666666667,0.8931666666666667,0.8949999999999999,0.8949999999999999,0.8949999999999999,0.8955,0.8955,0.8955,0.8968333333333331,0.8968333333333331,0.8968333333333331,0.8973333333333333,0.8973333333333333,0.8973333333333333,0.8973333333333333,0.8973333333333333,0.8973333333333333,0.8973333333333333,0.8991666666666666,0.8991666666666666,0.8991666666666666,0.8991666666666666,0.8991666666666666,0.8993333333333332,0.8993333333333332,0.9028333333333333,0.9028333333333333,0.9028333333333333,0.9028333333333333,0.9028333333333333,0.9033333333333333,0.9049999999999999,0.9049999999999999,0.9049999999999999,0.9049999999999999,0.9058333333333334,0.9058333333333334,0.9058333333333334,0.9058333333333334,0.9058333333333334,0.9068333333333334,0.9068333333333334,0.9068333333333334,0.9068333333333334,0.908,0.908,0.908,0.908,0.908,0.908
Std curve: 0.003858612300930082,0.01956044762041788,0.014195069566578379,0.010653637876331256,0.008755950357709128,0.008755950357709128,0.006137317546507308,0.007498147919467991,0.007828012377211563,0.007479601890772276,0.007176350047203644,0.00812403840463596,0.004281744192888367,0.004281744192888367,0.00399304951690363,0.00399304951690363,0.0021984843263787965,0.0021984843263787965,0.0021081851067789067,0.00214734978778751,0.006595452979136484,0.006064468466220098,0.00522812904711937,0.004932882862316252,0.006633249580710808,0.006633249580710808,0.006633249580710808,0.005627314338711389,0.005627314338711389,0.005280993172584968,0.00523343948936921,0.00523343948936921,0.004196559437338068,0.004129837231121303,0.004129837231121303,0.005400617248673215,0.005400617248673215,0.005512611802847075,0.005512611802847075,0.005512611802847075,0.0054873592110514366,0.0054873592110514366,0.0054873592110514366,0.0054873592110514366,0.0051207638319124135,0.0051207638319124135,0.004818944098266986,0.004818944098266986,0.0035197853469904924,0.004169998667732257,0.0056371781750958905,0.0056371781750958905,0.00390867979985282,0.00390867979985282,0.00390867979985282,0.004790035954399956,0.004790035954399956,0.004790035954399956,0.004196559437338047,0.004196559437338047,0.004196559437338047,0.00439064662410649,0.00439064662410649,0.00439064662410649,0.00439064662410649,0.00439064662410649,0.00439064662410649,0.00439064662410649,0.003456073558887969,0.003456073558887969,0.003456073558887969,0.003456073558887969,0.003456073558887969,0.003223179934302297,0.003223179934302297,0.0023921166824011956,0.0023921166824011956,0.0023921166824011956,0.0023921166824011956,0.0023921166824011956,0.001972026594366519,0.004216370213557827,0.004216370213557827,0.004216370213557827,0.004216370213557827,0.003613247231446463,0.003613247231446463,0.003613247231446463,0.003613247231446463,0.003613247231446463,0.003223179934302279,0.003223179934302279,0.003223179934302279,0.003223179934302279,0.003100179206289718,0.003100179206289718,0.003100179206289718,0.003100179206289718,0.003100179206289718,0.003100179206289718

mean_time: , 5418.393502759934
best_solution: , 0.9033333333333333
worst_solution: , 0.9125
mean_solution: , 0.908
std_solution: , 0.003100179206289718



solutions runs are : 



0.9075

0.9066666666666666

0.91

0.9033333333333333

0.9125

