# Scenario 110
Mean curve: 0.8183333333333334,0.8539999999999999,0.8736666666666666,0.8783333333333333,0.893,0.9043333333333333,0.907,0.916,0.9199999999999999,0.9199999999999999,0.9269999999999999,0.9269999999999999,0.9286666666666668,0.9323333333333332,0.9333333333333332,0.9333333333333332,0.9383333333333332,0.942,0.942,0.945,0.9456666666666667,0.9480000000000001,0.9483333333333335,0.9483333333333335,0.9483333333333335,0.9546666666666667,0.9576666666666667,0.9596666666666666,0.9596666666666666,0.9596666666666666,0.9596666666666666,0.9596666666666666,0.9603333333333334,0.9603333333333334,0.962,0.9629999999999999,0.9646666666666667,0.9646666666666667,0.9646666666666667,0.9650000000000001,0.9650000000000001,0.9673333333333334,0.9673333333333334,0.9676666666666666,0.9683333333333334,0.9683333333333334,0.97,0.97,0.97,0.97,0.97,0.9726666666666667,0.9753333333333334,0.9753333333333334,0.9753333333333334,0.976,0.976,0.976,0.976,0.976,0.976,0.9763333333333334,0.9763333333333334,0.977,0.977,0.977,0.977,0.9783333333333333,0.9783333333333333,0.9783333333333333,0.9783333333333333,0.9793333333333333,0.9793333333333333,0.9800000000000001,0.9800000000000001,0.9800000000000001,0.9800000000000001,0.9800000000000001,0.9800000000000001,0.9823333333333334,0.9823333333333334,0.9823333333333334,0.9823333333333334,0.9823333333333334,0.9823333333333334,0.9826666666666666,0.9826666666666666,0.9836666666666666,0.9836666666666666,0.9836666666666666,0.9836666666666666,0.9836666666666666,0.9836666666666666,0.9836666666666666,0.9836666666666666,0.9836666666666666,0.9836666666666666,0.9836666666666666,0.9836666666666666,0.9836666666666666
Std curve: 0.008432740427115698,0.01123486636423513,0.010402991022884838,0.008498365855988005,0.013182479955523428,0.009977753031397167,0.012578641509408794,0.016110727964792803,0.011547005383792525,0.011547005383792525,0.013432961119739932,0.013432961119739932,0.014391355429948603,0.01439907404430343,0.012780193008453853,0.012780193008453853,0.009249624617007724,0.012754084313139317,0.012754084313139317,0.014719601443879732,0.01384838538522732,0.012174654911833104,0.012156388352540301,0.012156388352540301,0.012156388352540301,0.010187137859957415,0.013106402167558326,0.011421227799341207,0.011421227799341207,0.011421227799341207,0.011421227799341207,0.011421227799341207,0.011614167593456225,0.011614167593456225,0.009153020145163985,0.009683892697555964,0.007845734863959855,0.007845734863959855,0.007845734863959855,0.007378647873726214,0.007378647873726214,0.006716480559869967,0.006716480559869967,0.00687992248018344,0.007378647873726223,0.007378647873726223,0.009368979548370127,0.009368979548370127,0.009368979548370127,0.009368979548370127,0.009368979548370127,0.006548960901462822,0.004876246279442565,0.004876246279442565,0.004876246279442565,0.004784233364802413,0.004784233364802413,0.004784233364802413,0.004784233364802413,0.004784233364802413,0.004784233364802413,0.005312459150169726,0.005312459150169726,0.005517648452415597,0.005517648452415597,0.005517648452415597,0.005517648452415597,0.007673909622147558,0.007673909622147558,0.007673909622147558,0.007673909622147558,0.006798692684790389,0.006798692684790389,0.006497862896539312,0.006497862896539312,0.006497862896539312,0.006497862896539312,0.006497862896539312,0.006497862896539312,0.0050110987927909625,0.0050110987927909625,0.0050110987927909625,0.0050110987927909625,0.0050110987927909625,0.0050110987927909625,0.005120763831912398,0.005120763831912398,0.005906681715556438,0.005906681715556438,0.005906681715556438,0.005906681715556438,0.005906681715556438,0.005906681715556438,0.005906681715556438,0.005906681715556438,0.005906681715556438,0.005906681715556438,0.005906681715556438,0.005906681715556438,0.005906681715556438

mean_time: , 3787.2845755577086
best_solution: , 0.9783333333333334
worst_solution: , 0.9916666666666667
mean_solution: , 0.9836666666666666
std_solution: , 0.005906681715556438



solutions runs are : 



0.99

0.98

0.9783333333333334

0.9916666666666667

0.9783333333333334

