# Scenario 487
Mean curve: 0.6749666666666666,0.6749666666666666,0.6755,0.6758666666666666,0.6758666666666666,0.6779,0.6779,0.6780666666666666,0.6780666666666666,0.6809999999999999,0.6809999999999999,0.6811666666666667,0.6811666666666667,0.6811666666666667,0.6811666666666667,0.6811666666666667,0.6811666666666667,0.6814,0.6814,0.6814,0.6829666666666666,0.6829666666666666,0.6829666666666666,0.6829666666666666,0.6829666666666666,0.6832,0.6832,0.6832,0.6832,0.6832,0.6832,0.6834333333333334,0.6839000000000001,0.6840333333333334,0.6849666666666667,0.6849666666666667,0.6852666666666666,0.6852666666666666,0.6852666666666666,0.6852666666666666,0.6852666666666666,0.6852666666666666,0.6852666666666666,0.6852666666666666,0.6852666666666666,0.6852666666666666,0.6852666666666666,0.6852666666666666,0.6852666666666666,0.6852666666666666,0.6855666666666667,0.6855666666666667,0.6855666666666667,0.6855666666666667,0.6855666666666667,0.6855666666666667,0.6855666666666667,0.6855666666666667,0.6855666666666667,0.6855666666666667,0.6855666666666667,0.6855666666666667,0.6862,0.6862,0.6862,0.6862,0.6862,0.6862,0.6863666666666667,0.6863666666666667,0.6863666666666667,0.6863666666666667,0.6865666666666665,0.6865666666666665,0.6865666666666665,0.6865666666666665,0.6865666666666665,0.6865666666666665,0.6868000000000001,0.6868000000000001,0.6868000000000001,0.6868000000000001,0.6868000000000001,0.6868000000000001,0.6868000000000001,0.6868000000000001,0.6868000000000001,0.6868000000000001,0.6887000000000001,0.6887000000000001,0.6895666666666667,0.6895666666666667,0.6895666666666667,0.6895666666666667,0.6913333333333334,0.6918,0.6938333333333333,0.6938333333333333,0.6938333333333333,0.6938333333333333
Std curve: 0.00507105073486311,0.00507105073486311,0.004939635614091398,0.0049815214097257135,0.0049815214097257135,0.002688659310676759,0.002688659310676759,0.0027051391420364504,0.0027051391420364504,0.006727224952055313,0.006727224952055313,0.0066399464522606585,0.0066399464522606585,0.0066399464522606585,0.0066399464522606585,0.0066399464522606585,0.0066399464522606585,0.006508626753949123,0.006508626753949123,0.006508626753949123,0.005575143246789465,0.005575143246789465,0.005575143246789465,0.005575143246789465,0.005575143246789465,0.005383513928859312,0.005383513928859312,0.005383513928859312,0.005383513928859312,0.005383513928859312,0.005383513928859312,0.005387846405465628,0.0049984442023938295,0.0048778410524876175,0.004408829524689955,0.004408829524689955,0.004383808592739636,0.004383808592739636,0.004383808592739636,0.004383808592739636,0.004383808592739636,0.004383808592739636,0.004383808592739636,0.004383808592739636,0.004383808592739636,0.004383808592739636,0.004383808592739636,0.004383808592739636,0.004383808592739636,0.004383808592739636,0.0043723881092348005,0.0043723881092348005,0.0043723881092348005,0.0043723881092348005,0.0043723881092348005,0.0043723881092348005,0.0043723881092348005,0.0043723881092348005,0.0043723881092348005,0.0043723881092348005,0.0043723881092348005,0.0043723881092348005,0.003782121685568107,0.003782121685568107,0.003782121685568107,0.003782121685568107,0.003782121685568107,0.003782121685568107,0.0037879927255591427,0.0037879927255591427,0.0037879927255591427,0.0037879927255591427,0.003833478258130028,0.003833478258130028,0.003833478258130028,0.003833478258130028,0.003833478258130028,0.003833478258130028,0.0036077077979730647,0.0036077077979730647,0.0036077077979730647,0.0036077077979730647,0.0036077077979730647,0.0036077077979730647,0.0036077077979730647,0.0036077077979730647,0.0036077077979730647,0.0036077077979730647,0.0040433759272282465,0.0040433759272282465,0.004225057527550501,0.004225057527550501,0.004225057527550501,0.004225057527550501,0.0030804040139061116,0.0036703012289335357,0.0020949675149960724,0.0020949675149960724,0.0020949675149960724,0.0020949675149960724

mean_time: , 33339.204876947406
best_solution: , 0.6918333333333333
worst_solution: , 0.697
mean_solution: , 0.6938333333333333
std_solution: , 0.0020949675149960724



solutions runs are : 



0.6956666666666667

0.6918333333333333

0.697

0.6921666666666667

0.6925

