# Scenario 425
Mean curve: 0.7459999999999999,0.7635833333333333,0.765,0.7705833333333334,0.7706666666666667,0.7725833333333334,0.7725833333333334,0.7725833333333334,0.7725833333333334,0.7725833333333334,0.7725833333333334,0.7725833333333334,0.7725833333333334,0.7736666666666666,0.7736666666666666,0.7736666666666666,0.7736666666666666,0.7739166666666666,0.7739166666666666,0.7739166666666666,0.7739166666666666,0.7739166666666666,0.7739166666666666,0.7739166666666666,0.7739166666666666,0.7739166666666666,0.7739166666666666,0.7739166666666666,0.7739166666666666,0.7739166666666666,0.7739166666666666,0.7739166666666666,0.7739166666666666,0.7739166666666666,0.7739166666666666,0.7739166666666666,0.7739166666666666,0.7739166666666666,0.7739166666666666,0.7739166666666666,0.7739166666666666,0.7739166666666666,0.7739166666666666,0.7739166666666666,0.7739166666666666,0.7739166666666666,0.7739166666666666,0.7739166666666666,0.7739166666666666,0.7739166666666666,0.7739166666666666,0.7739166666666666,0.7739166666666666,0.7739166666666666,0.7779999999999999,0.7779999999999999,0.7779999999999999,0.7779999999999999,0.7779999999999999,0.7779999999999999,0.7779999999999999,0.7779999999999999,0.7779999999999999,0.7779999999999999,0.7779999999999999,0.7779999999999999,0.7779999999999999,0.7779999999999999,0.7779999999999999,0.7779999999999999,0.7779999999999999,0.7779999999999999,0.7779999999999999,0.7779999999999999,0.7779999999999999,0.7785833333333333,0.7785833333333333,0.7785833333333333,0.7785833333333333,0.7785833333333333,0.7785833333333333,0.7785833333333333,0.7785833333333333,0.7785833333333333,0.7785833333333333,0.7785833333333333,0.7785833333333333,0.7785833333333333,0.7785833333333333,0.7785833333333333,0.7785833333333333,0.7785833333333333,0.7785833333333333,0.7785833333333333,0.7785833333333333,0.7785833333333333,0.7785833333333333,0.7785833333333333,0.7785833333333333,0.7785833333333333
Std curve: 0.01236201619657751,0.015810509865979122,0.014164215474215328,0.01274645920333262,0.012705532478237828,0.012361454427192463,0.012361454427192463,0.012361454427192463,0.012361454427192463,0.012361454427192463,0.012361454427192463,0.012361454427192463,0.012361454427192463,0.0126858407508354,0.0126858407508354,0.0126858407508354,0.0126858407508354,0.012581953566738201,0.012581953566738201,0.012581953566738201,0.012581953566738201,0.012581953566738201,0.012581953566738201,0.012581953566738201,0.012581953566738201,0.012581953566738201,0.012581953566738201,0.012581953566738201,0.012581953566738201,0.012581953566738201,0.012581953566738201,0.012581953566738201,0.012581953566738201,0.012581953566738201,0.012581953566738201,0.012581953566738201,0.012581953566738201,0.012581953566738201,0.012581953566738201,0.012581953566738201,0.012581953566738201,0.012581953566738201,0.012581953566738201,0.012581953566738201,0.012581953566738201,0.012581953566738201,0.012581953566738201,0.012581953566738201,0.012581953566738201,0.012581953566738201,0.012581953566738201,0.012581953566738201,0.012581953566738201,0.012581953566738201,0.007077939122528698,0.007077939122528698,0.007077939122528698,0.007077939122528698,0.007077939122528698,0.007077939122528698,0.007077939122528698,0.007077939122528698,0.007077939122528698,0.007077939122528698,0.007077939122528698,0.007077939122528698,0.007077939122528698,0.007077939122528698,0.007077939122528698,0.007077939122528698,0.007077939122528698,0.007077939122528698,0.007077939122528698,0.007077939122528698,0.007077939122528698,0.006747427493332395,0.006747427493332395,0.006747427493332395,0.006747427493332395,0.006747427493332395,0.006747427493332395,0.006747427493332395,0.006747427493332395,0.006747427493332395,0.006747427493332395,0.006747427493332395,0.006747427493332395,0.006747427493332395,0.006747427493332395,0.006747427493332395,0.006747427493332395,0.006747427493332395,0.006747427493332395,0.006747427493332395,0.006747427493332395,0.006747427493332395,0.006747427493332395,0.006747427493332395,0.006747427493332395,0.006747427493332395

mean_time: , 9800.313110685349
best_solution: , 0.7691666666666667
worst_solution: , 0.79
mean_solution: , 0.7785833333333333
std_solution: , 0.006747427493332395



solutions runs are : 



0.7758333333333334

0.7691666666666667

0.7783333333333333

0.7795833333333333

0.79

