# Scenario 330
Mean curve: 0.7448333333333333,0.7565,0.7575,0.7688333333333335,0.7733333333333332,0.7738333333333334,0.776,0.7785,0.7798333333333333,0.7798333333333333,0.7835,0.7835,0.7835,0.7891666666666667,0.7921666666666666,0.7921666666666666,0.7963333333333333,0.7963333333333333,0.7963333333333333,0.7983333333333332,0.7996666666666666,0.7996666666666666,0.7996666666666666,0.7998333333333333,0.8008333333333333,0.8029999999999999,0.8029999999999999,0.8039999999999999,0.8051666666666666,0.8053333333333332,0.8093333333333333,0.8133333333333332,0.8138333333333334,0.8138333333333334,0.8141666666666667,0.8145,0.8218333333333334,0.8231666666666666,0.8245000000000001,0.8251666666666667,0.826,0.8273333333333334,0.8285,0.8295,0.8295,0.8361666666666666,0.8361666666666666,0.8368333333333332,0.8368333333333332,0.8381666666666666,0.8385,0.8388333333333333,0.8391666666666667,0.8400000000000001,0.8415000000000001,0.8465000000000001,0.8485000000000001,0.8515,0.8515,0.8515,0.8525,0.8525,0.8525,0.8525,0.8525,0.8535,0.8535,0.8545,0.8545,0.8545,0.8545,0.8553333333333333,0.8553333333333333,0.8553333333333333,0.859,0.8598333333333332,0.8598333333333332,0.8598333333333332,0.8598333333333332,0.8598333333333332,0.8598333333333332,0.8601666666666666,0.8601666666666666,0.8601666666666666,0.8601666666666666,0.8605,0.8616666666666667,0.8616666666666667,0.8616666666666667,0.8640000000000001,0.8640000000000001,0.8648333333333333,0.865,0.865,0.8653333333333334,0.8656666666666668,0.8671666666666666,0.8671666666666666,0.8671666666666666,0.8675
Std curve: 0.006442049363362548,0.004576510072581989,0.0045030853620354255,0.009812124019690026,0.007434902674398495,0.007986099033807289,0.01030641655582685,0.013888444437333076,0.01314872194887731,0.01314872194887731,0.01660321254054969,0.01660321254054969,0.01660321254054969,0.02085665361461419,0.020273134932713273,0.020273134932713273,0.019340515907171552,0.019340515907171552,0.019340515907171552,0.021127917287060958,0.020087309426600676,0.020087309426600676,0.020087309426600676,0.020092840073574033,0.021363260258885783,0.02112528763775248,0.02112528763775248,0.022933478681709942,0.022975832713720928,0.022843671625492543,0.02091915655831065,0.02066263401515995,0.02084732863249178,0.02084732863249178,0.020996031371031388,0.020484411417248757,0.01606756567332671,0.015432649372893386,0.014167647024902275,0.013938356351370054,0.015215124054702938,0.015718001003803106,0.015841226102939265,0.01726106730316652,0.01726106730316652,0.021580598282304925,0.021580598282304925,0.021765160744231186,0.021765160744231186,0.02158574632586154,0.02103832481713102,0.021190930974252998,0.02145408534004136,0.02219234102117214,0.022119624268458482,0.020092840073574026,0.021917775637342606,0.020584514136170937,0.020584514136170937,0.020584514136170937,0.019571805117452896,0.019571805117452896,0.019571805117452896,0.019571805117452896,0.019571805117452896,0.019588829016105633,0.019588829016105633,0.01836814876052807,0.01836814876052807,0.01836814876052807,0.01836814876052807,0.019203587627778764,0.019203587627778764,0.019203587627778764,0.021746008573733454,0.0222698101573508,0.0222698101573508,0.0222698101573508,0.0222698101573508,0.0222698101573508,0.0222698101573508,0.022369373904713774,0.022369373904713774,0.022369373904713774,0.022369373904713774,0.022233608194203062,0.021940576311685358,0.021940576311685358,0.021940576311685358,0.024206289357198964,0.024206289357198964,0.023186442398762056,0.022991544339411182,0.022991544339411182,0.023145673941845413,0.023566690240440825,0.023526580712037174,0.023526580712037174,0.023526580712037174,0.02398494898426465

mean_time: , 5458.0844808578495
best_solution: , 0.8375
worst_solution: , 0.9008333333333334
mean_solution: , 0.8675
std_solution: , 0.02398494898426465



solutions runs are : 



0.9008333333333334

0.8425

0.8766666666666667

0.88

0.8375

