# Scenario 48
Mean curve: 0.7115555555555556,0.7222222222222222,0.7311111111111112,0.7443888888888889,0.7523888888888889,0.7657222222222223,0.773388888888889,0.7831666666666667,0.7925555555555555,0.8013333333333333,0.8046111111111112,0.8084999999999999,0.8112222222222222,0.8157777777777777,0.8228333333333333,0.8259444444444446,0.8287777777777778,0.8324999999999999,0.8371111111111113,0.8439444444444444,0.8498333333333333,0.8498333333333333,0.8532222222222223,0.8555555555555557,0.859,0.8610555555555557,0.8643333333333333,0.8652222222222221,0.8659444444444444,0.8678888888888888,0.8693333333333332,0.8699999999999999,0.8744999999999999,0.8762222222222222,0.8771666666666667,0.8782222222222222,0.8784444444444445,0.8790000000000001,0.8807777777777778,0.8837777777777778,0.8845000000000001,0.8868333333333333,0.8876111111111111,0.8876111111111111,0.8880555555555556,0.8891666666666668,0.89,0.8907222222222222,0.8916666666666666,0.8923333333333332,0.8939444444444444,0.8944444444444445,0.8944444444444445,0.8944444444444445,0.8972777777777777,0.8973333333333333,0.8982222222222223,0.8982222222222223,0.8982222222222223,0.8983888888888888,0.8996666666666666,0.900222222222222,0.9015555555555554,0.9035,0.9037777777777777,0.9045,0.9045,0.9045,0.9049444444444443,0.9059999999999999,0.9064444444444444,0.9064444444444444,0.9071666666666666,0.9077777777777778,0.9077777777777778,0.9080555555555556,0.9080555555555556,0.9099999999999999,0.9104444444444445,0.9110555555555555,0.9110555555555555,0.9110555555555555,0.9111666666666667,0.9111666666666667,0.9112222222222222,0.9115,0.9128333333333334,0.9128333333333334,0.9128333333333334,0.9128333333333334,0.9128333333333334,0.9128333333333334,0.9128333333333334,0.9143333333333334,0.9143333333333334,0.9143333333333334,0.9143333333333334,0.9143333333333334,0.9146111111111113,0.9146111111111113
Std curve: 0.01137275279661171,0.006245986365580068,0.007033868682451765,0.011271618460365366,0.010307913776305697,0.008748192053077643,0.010386660485901244,0.009376553369251382,0.011160169475238704,0.009728410728821125,0.0075207531800386505,0.007955509000484532,0.006362505912097957,0.008057279509016647,0.008950136215254216,0.008553751613570902,0.00884468173886027,0.006571073911141114,0.0053908930980925305,0.004236088342379603,0.00389919269897036,0.00389919269897036,0.002873892701417223,0.0038809442659050873,0.007551469483353876,0.006843488389215936,0.006355225321645882,0.006099483888305927,0.005304319227679995,0.006704982484947763,0.005732191962186693,0.006608542918539064,0.007284771872513802,0.008432008386624083,0.008475454756727422,0.007969076034240494,0.00813011472441187,0.00791856702337636,0.007276293317647689,0.008571773949537821,0.00718666460523573,0.005047918529600236,0.003598696609044824,0.003598696609044824,0.0035961227405960773,0.004710770427933364,0.004399073976628698,0.003409319109459153,0.0024783008914661614,0.0016536528962374688,0.003029688489874657,0.003433674920080548,0.003433674920080548,0.003433674920080548,0.005156202066743154,0.005165770531603694,0.004390646624106486,0.004390646624106486,0.004390646624106486,0.004311912869318276,0.0035935470286214003,0.003686813338452696,0.003458751648060773,0.005347781356048392,0.005266361922735143,0.0054387725557868615,0.0054387725557868615,0.0054387725557868615,0.005726266100766738,0.006837171460497901,0.007435732879601732,0.007435732879601732,0.008517230176327481,0.008286907716764623,0.008286907716764623,0.008230851327793933,0.008230851327793933,0.006981014818866564,0.007141860600677261,0.0062667060676460315,0.0062667060676460315,0.0062667060676460315,0.0062814640111566985,0.0062814640111566985,0.006200358412579413,0.005809740649956155,0.006541416013126661,0.006541416013126661,0.006541416013126661,0.006541416013126661,0.006541416013126661,0.006541416013126661,0.006541416013126661,0.004911563578955623,0.004911563578955623,0.004911563578955623,0.004911563578955623,0.004911563578955623,0.0049178435502957064,0.0049178435502957064

mean_time: , 13541.669676828384
best_solution: , 0.9072222222222223
worst_solution: , 0.9205555555555556
mean_solution: , 0.9146111111111113
std_solution: , 0.0049178435502957064



solutions runs are : 



0.9152777777777777

0.9205555555555556

0.9072222222222223

0.9188888888888889

0.9111111111111111

