# Scenario 147
Mean curve: 0.7038333333333332,0.7072222222222221,0.7112222222222222,0.7116111111111112,0.7145555555555555,0.7145555555555555,0.7152777777777779,0.7202777777777778,0.7222222222222221,0.724,0.724,0.7266111111111111,0.7266111111111111,0.7266111111111111,0.7282777777777778,0.7282777777777778,0.7282777777777778,0.7282777777777778,0.7282777777777778,0.7284444444444444,0.7284444444444444,0.7284444444444444,0.7284444444444444,0.7285555555555556,0.7286111111111111,0.7286111111111111,0.7286111111111111,0.7286111111111111,0.7286111111111111,0.7293333333333333,0.7293333333333333,0.7293333333333333,0.7293333333333333,0.7297222222222223,0.7297222222222223,0.7297222222222223,0.7297222222222223,0.7297222222222223,0.7297222222222223,0.7306666666666667,0.7308888888888889,0.7308888888888889,0.7315555555555556,0.7348333333333333,0.7351666666666666,0.7351666666666666,0.7351666666666666,0.7351666666666666,0.7352777777777778,0.7352777777777778,0.7352777777777778,0.7352777777777778,0.7352777777777778,0.7352777777777778,0.7352777777777778,0.7352777777777778,0.7352777777777778,0.7387222222222222,0.7388333333333332,0.7388333333333332,0.7388333333333332,0.7388333333333332,0.7388333333333332,0.7429444444444444,0.7429444444444444,0.7429444444444444,0.7429444444444444,0.7448333333333332,0.7448888888888888,0.746611111111111,0.746611111111111,0.746611111111111,0.746611111111111,0.746611111111111,0.746611111111111,0.7515,0.7515,0.7517777777777778,0.7517777777777778,0.7546666666666667,0.7552222222222222,0.7552777777777778,0.7552777777777778,0.7552777777777778,0.7552777777777778,0.7552777777777778,0.7552777777777778,0.7552777777777778,0.7552777777777778,0.7552777777777778,0.7552777777777778,0.7552777777777778,0.7555555555555555,0.7555555555555555,0.7555555555555555,0.7555555555555555,0.7555555555555555,0.7555555555555555,0.7555555555555555,0.7555555555555555
Std curve: 0.006623471172306127,0.003137782499209543,0.008721691420508295,0.008689428798229853,0.006953549586495516,0.006953549586495516,0.006500237412568344,0.005522121617684091,0.005322906474223769,0.0025312857221987967,0.0025312857221987967,0.004140286863085955,0.004140286863085955,0.004140286863085955,0.00468580730754659,0.00468580730754659,0.00468580730754659,0.00468580730754659,0.00468580730754659,0.004600053676552122,0.004600053676552122,0.004600053676552122,0.004600053676552122,0.004582575694955864,0.004638140325498187,0.004638140325498187,0.004638140325498187,0.004638140325498187,0.004638140325498187,0.003875373339243392,0.003875373339243392,0.003875373339243392,0.003875373339243392,0.0033747427885527695,0.0033747427885527695,0.0033747427885527695,0.0033747427885527695,0.0033747427885527695,0.0033747427885527695,0.002942871697366455,0.00286205486053139,0.00286205486053139,0.0017967735143106952,0.006150378890265814,0.006105047496807192,0.006105047496807192,0.006105047496807192,0.006105047496807192,0.005998971105196924,0.005998971105196924,0.005998971105196924,0.005998971105196924,0.005998971105196924,0.005998971105196924,0.005998971105196924,0.005998971105196924,0.005998971105196924,0.004552844721899538,0.004596026195543661,0.004596026195543661,0.004596026195543661,0.004596026195543661,0.004596026195543661,0.0123748051487341,0.0123748051487341,0.0123748051487341,0.0123748051487341,0.011541123466292087,0.011507646411231368,0.010988770923982054,0.010988770923982054,0.010988770923982054,0.010988770923982054,0.010988770923982054,0.010988770923982054,0.01357603189357291,0.01357603189357291,0.013245777337851894,0.013245777337851894,0.01095078778382723,0.010811801964908302,0.010738186158532935,0.010738186158532935,0.010738186158532935,0.010738186158532935,0.010738186158532935,0.010738186158532935,0.010738186158532935,0.010738186158532935,0.010738186158532935,0.010738186158532935,0.010738186158532935,0.011056811765592863,0.011056811765592863,0.011056811765592863,0.011056811765592863,0.011056811765592863,0.011056811765592863,0.011056811765592863,0.011056811765592863

mean_time: , 13357.256863117218
best_solution: , 0.7411111111111112
worst_solution: , 0.7686111111111111
mean_solution: , 0.7555555555555555
std_solution: , 0.011056811765592863



solutions runs are : 



0.7677777777777778

0.7686111111111111

0.7466666666666667

0.7411111111111112

0.7536111111111111

