# Scenario 204
Mean curve: 0.6571563755007942,0.6610307779804205,0.6687237017818946,0.681277571784712,0.6909222768912817,0.7062167815933698,0.708011443278526,0.7101318242983143,0.7252084461205227,0.7252084461205227,0.7278840656249193,0.7282420880403178,0.7345778267475781,0.7401140375212094,0.7401140375212094,0.7422987582785456,0.7443556573740617,0.7477493410320284,0.7514581675253399,0.755922335164309,0.7561785559083345,0.7580472508090222,0.761783480494751,0.761783480494751,0.7679709647810615,0.7686573248732809,0.7760177628079032,0.7819589715859914,0.7866028581707019,0.7903810773671137,0.798397093983632,0.798397093983632,0.7993403568305381,0.7993403568305381,0.8017912420128429,0.8017912420128429,0.8022407962239877,0.8071316800578888,0.8077247828464283,0.8132684886957303,0.8132684886957303,0.8132684886957303,0.8132684886957303,0.8171311305541968,0.8182487582517914,0.8188733908382643,0.8188733908382643,0.8219551728491081,0.8224859332311272,0.823897140325386,0.826558358328678,0.826558358328678,0.826558358328678,0.826558358328678,0.826558358328678,0.8289927019371502,0.8289927019371502,0.8336134914545619,0.834379969524101,0.8382617116225226,0.8385524847447046,0.8385524847447046,0.8390663492585692,0.8409532125667019,0.8436666435254547,0.8481092108784594,0.8481536611982043,0.8485326883848044,0.8485326883848044,0.852641889693906,0.853107028415257,0.855223631011906,0.8585836028621333,0.859556627692833,0.859556627692833,0.8599613414975469,0.8605738771100825,0.8605738771100825,0.8633426428531555,0.8633426428531555,0.8685564892865336,0.8687121644691249,0.868930191178882,0.8707419731249548,0.8741396843040858,0.8763355357717935,0.8770924487064589,0.8799144056379719,0.8825922991759938,0.8827464243454386,0.8827464243454386,0.8827464243454386,0.8838959849730307,0.8843481579428774,0.8843481579428774,0.8843481579428774,0.8843481579428774,0.8856767459424557,0.8863222798725424,0.8873593987561714
Std curve: 0.013581881747998965,0.009318426202389303,0.005752486567546082,0.012996785211298836,0.011820206302538805,0.017850353543526338,0.017078176916355697,0.019547114646709773,0.02370890650121032,0.02370890650121032,0.022747496169157392,0.02215942463793382,0.01633244483630911,0.016529813723165847,0.016529813723165847,0.01766855454575202,0.013835837632741908,0.014568703140298062,0.016803086601806898,0.013165718260667364,0.012688102953424254,0.00957402655093866,0.011444153447696094,0.011444153447696094,0.005695647486341712,0.006096569042446904,0.014516496427945046,0.011977217794307228,0.009823024193956833,0.013331751314536235,0.014777222299958958,0.014777222299958958,0.015415077880923668,0.015415077880923668,0.012151405592193019,0.012151405592193019,0.012535392013112065,0.010736682554561302,0.009715516301624268,0.014403497485393456,0.014403497485393456,0.014403497485393456,0.014403497485393456,0.00953569335489604,0.011281149903768679,0.012325773664499568,0.012325773664499568,0.010615913157311195,0.009885930318536098,0.0083006929615743,0.009583293250519013,0.009583293250519013,0.009583293250519013,0.009583293250519013,0.009583293250519013,0.013262605034110659,0.013262605034110659,0.012078743522038561,0.01142947725591882,0.0092970764676878,0.009250367976122246,0.009250367976122246,0.009068652093489078,0.008152776870546812,0.009014251237124009,0.012627674462192031,0.012562142832330654,0.012417016188834671,0.012417016188834671,0.01278192771374491,0.011953111207623553,0.014034625108605881,0.01745070324751681,0.017464488139763663,0.017464488139763663,0.017321591674486405,0.017175756485650878,0.017175756485650878,0.012939942876075066,0.012939942876075066,0.01579948767874808,0.015739702884274166,0.015425841094276534,0.01500229673256174,0.010462369854375639,0.009216380886592735,0.00827298000915765,0.01257812327601571,0.011918256180250601,0.011961652574582945,0.011961652574582945,0.011961652574582945,0.011126139508915283,0.011825070056913805,0.011825070056913805,0.011825070056913805,0.011825070056913805,0.01408034396293722,0.013775333995847058,0.013913170635098535

mean_time: , 7664.867557954788
best_solution: , 0.8677532013969732
worst_solution: , 0.9103211009174312
mean_solution: , 0.8873593987561714
std_solution: , 0.013913170635098535



solutions runs are : 



0.8864165588615782

0.8912735849056603

0.8677532013969732

0.8810325476992144

0.9103211009174312

