# Scenario 21
Mean curve: 0.6411638413992542,0.6690711059411016,0.6836296066863561,0.6959446930502594,0.7124379935628523,0.721812883047108,0.7334767242663242,0.7400514987123525,0.7574079974720465,0.7634059111022665,0.7661230366605548,0.7786390963931402,0.7858264213383436,0.7927858120208787,0.7996237665006165,0.8068898338830321,0.8150319033765884,0.8166674977370372,0.8256979628257289,0.835654577059125,0.8367251613832736,0.8411562386294038,0.8447723887377739,0.8472990384366511,0.8517827357494397,0.8559351732076863,0.8577048766149961,0.858560903064685,0.8588474566074975,0.8598600743294776,0.8603643616957666,0.8637719214796779,0.8656658111335561,0.8656658111335561,0.8692287146063256,0.8706116079361941,0.872086979987467,0.8761806853830375,0.877037611291463,0.8797103012458592,0.8826496597619737,0.8832574519940423,0.8868823180171386,0.8907535624486667,0.8907535624486667,0.8939135257824861,0.8955717993379378,0.8955717993379378,0.8977491079855218,0.8981167711360449,0.8994956061654488,0.8994956061654488,0.9021523009376242,0.9024904228305548,0.9038340614539765,0.9038340614539765,0.9038340614539765,0.9038340614539765,0.9038340614539765,0.9038340614539765,0.9038340614539765,0.9038340614539765,0.9058955572169483,0.9058955572169483,0.9058955572169483,0.9062529552627303,0.9087271499431486,0.9087271499431486,0.9087271499431486,0.9087775258415146,0.9087775258415146,0.9109924618305376,0.9109924618305376,0.9120066217353466,0.9120066217353466,0.9120066217353466,0.9120066217353466,0.9120066217353466,0.9120066217353466,0.9120066217353466,0.9120066217353466,0.9120066217353466,0.9124132373181986,0.9129664274504963,0.9130329645958403,0.9130329645958403,0.9130329645958403,0.9130329645958403,0.9130329645958403,0.9130329645958403,0.9130329645958403,0.9130329645958403,0.9130329645958403,0.913296240487958,0.9135997813182627,0.9139435214541685,0.9139435214541685,0.9139435214541685,0.9139435214541685,0.9139435214541685
Std curve: 0.008883607133618304,0.014843452094254826,0.004591182326521895,0.008531508934084013,0.006821500465604419,0.008436301914064406,0.008278214564673403,0.005421441613985103,0.012838462995335838,0.011579040058767144,0.009973504887113958,0.008222446751881995,0.008369929503384136,0.006958822536338335,0.008643717098762242,0.007507638319061047,0.005397325680284817,0.00430907540107621,0.0032545196378920664,0.01355143191320632,0.013540387368833723,0.01232696486293347,0.009650900572774188,0.009193281308484349,0.005981195111285124,0.005366568875482456,0.005777110254051354,0.004877258463622607,0.004678454856792158,0.0055252072663003315,0.006155524293962851,0.006520512449671694,0.005322688939574925,0.005322688939574925,0.00578502333063983,0.004794789327389753,0.003871237447869661,0.006100431384361518,0.006287637130005521,0.003483457135866695,0.006454415517100362,0.006016840789884147,0.009777200180431744,0.008255064763019463,0.008255064763019463,0.0077501747976262084,0.01052655681304402,0.01052655681304402,0.011358513233853175,0.01131013536285525,0.010733441285426686,0.010733441285426686,0.00811153005227307,0.008158110809247079,0.008433203271265023,0.008433203271265023,0.008433203271265023,0.008433203271265023,0.008433203271265023,0.008433203271265023,0.008433203271265023,0.008433203271265023,0.005927245218552498,0.005927245218552498,0.005927245218552498,0.005687821836134975,0.007549566842035295,0.007549566842035295,0.007549566842035295,0.0075591989702607845,0.0075591989702607845,0.007177307366687614,0.007177307366687614,0.005343383028407855,0.005343383028407855,0.005343383028407855,0.005343383028407855,0.005343383028407855,0.005343383028407855,0.005343383028407855,0.005343383028407855,0.005343383028407855,0.004653625944610514,0.0037945872185437884,0.0037503054073228883,0.0037503054073228883,0.0037503054073228883,0.0037503054073228883,0.0037503054073228883,0.0037503054073228883,0.0037503054073228883,0.0037503054073228883,0.0037503054073228883,0.0033816627230352446,0.003880454482583112,0.0035001692910928655,0.0035001692910928655,0.0035001692910928655,0.0035001692910928655,0.0035001692910928655

mean_time: , 22982.95304698944
best_solution: , 0.9105483508628612
worst_solution: , 0.9201735795741245
mean_solution: , 0.9139435214541685
std_solution: , 0.0035001692910928655



solutions runs are : 



0.9106553998351196

0.9105483508628612

0.9141883519206939

0.9201735795741245

0.9141519250780437

