# Scenario 341
Mean curve: 0.5867652211725198,0.5917606709157484,0.6001883587653797,0.60285105996641,0.6081985558720719,0.6108921074713927,0.6143680294948473,0.6148820339762675,0.6156197266457626,0.6156197266457626,0.6180716713407587,0.6221032218308948,0.6243255171354357,0.6243255171354357,0.6273358087474767,0.6282920183452558,0.6302688438821222,0.6310683753626715,0.6326554644442972,0.6339445582032993,0.6349287937178367,0.6376625476454392,0.6387450973146311,0.6389465911010135,0.6404570347681398,0.640623525746411,0.6411040185095107,0.6416965135783409,0.6416965135783409,0.641796582367587,0.6436520688504151,0.6445910319148807,0.6453737131679838,0.6483243594509327,0.6508687975674571,0.6510042470428541,0.6521266267860322,0.6531390956598682,0.6533717962110009,0.6555606359630551,0.6555606359630551,0.6595065427453439,0.659671056698368,0.6600100347842541,0.6605939787635207,0.662133795301896,0.6621391223442743,0.6642395854162997,0.6642395854162997,0.6642395854162997,0.6642395854162997,0.6646197380041249,0.6648465798518597,0.6668436478089207,0.6672518021045508,0.6678120958055118,0.6678120958055118,0.6681579395560121,0.6702330121909548,0.6706525615995261,0.6706525615995261,0.6706525615995261,0.6706525615995261,0.6706525615995261,0.6728040279923407,0.6728040279923407,0.6736472135431544,0.6736472135431544,0.6736472135431544,0.6736472135431544,0.673861091530126,0.6742647288618477,0.6759547083943829,0.678098389979041,0.678098389979041,0.6791590791143081,0.6791590791143081,0.6801548724194326,0.6801548724194326,0.6802762390072109,0.6802762390072109,0.6814002762785565,0.6819105944004036,0.6819831677297051,0.6821246657892015,0.6827727747028112,0.684359315205137,0.6844571593180526,0.6856003116035759,0.686107603775405,0.686107603775405,0.6876660628696037,0.6876660628696037,0.6882946374999379,0.6882946374999379,0.6893863011642757,0.6901203757943833,0.6916713681434763,0.6916713681434763,0.6927986863874046
Std curve: 0.004907900362243027,0.006324131117724395,0.007166036103765108,0.00527218855655551,0.010012390761350005,0.007842802045798555,0.007412154700429344,0.007830180708208708,0.006970739680951132,0.006970739680951132,0.007038709854101998,0.0036376484834050606,0.0061272374861091345,0.0061272374861091345,0.006858494146960413,0.007846587241631632,0.008901778060857653,0.008969464599619548,0.010046678706074386,0.008985907888823731,0.00920125063668526,0.00515901811458918,0.006831783618132995,0.006799049109108608,0.005993195089770218,0.0059915669958970534,0.006555725587068231,0.006519541657333968,0.006519541657333968,0.006371153728241329,0.005427226261221164,0.005001482024152609,0.004629497532507155,0.0073536719033549325,0.007724866202988421,0.007858555865158883,0.009527711762828699,0.008706603034260022,0.009089102187416601,0.009422956713559005,0.009422956713559005,0.006001268331424953,0.005913632229858474,0.005788111283691026,0.005737927868361745,0.005220422145925803,0.005219494890562165,0.0045282012427871774,0.0045282012427871774,0.0045282012427871774,0.0045282012427871774,0.004131495238148359,0.0038252286827741575,0.00330814222019974,0.003757226930359888,0.003846057385758663,0.003846057385758663,0.0038650939834000923,0.00408110428503315,0.004549281752915915,0.004549281752915915,0.004549281752915915,0.004549281752915915,0.004549281752915915,0.005332311944965322,0.005332311944965322,0.005702522799753594,0.005702522799753594,0.005702522799753594,0.005702522799753594,0.005606657437138465,0.004940065961653655,0.00303268306872089,0.0025103478335417413,0.0025103478335417413,0.0024827808818282454,0.0024827808818282454,0.0037195633650859124,0.0037195633650859124,0.0035425479780615433,0.0035425479780615433,0.0034489036850483593,0.004013569111508335,0.003926236933469943,0.004114863254561128,0.0037060402637264156,0.004036123983028454,0.00397007429227133,0.0039061255171062965,0.0032986200574491842,0.0032986200574491842,0.004807178086494888,0.004807178086494888,0.004981634659996169,0.004981634659996169,0.005014470778446844,0.005164454152469847,0.006461835766365291,0.006461835766365291,0.00795962404532869

mean_time: , 51171.6101518631
best_solution: , 0.68134872417983
worst_solution: , 0.704658442275824
mean_solution: , 0.6927986863874046
std_solution: , 0.00795962404532869



solutions runs are : 



0.6950430357479425

0.6957414678344911

0.704658442275824

0.68134872417983

0.6872017618989356

