# Scenario 350
Mean curve: 0.729,0.7322222222222222,0.739111111111111,0.7478888888888889,0.7498888888888889,0.7498888888888889,0.7501111111111111,0.7513333333333333,0.7572222222222222,0.7591111111111111,0.7592222222222222,0.760888888888889,0.7636666666666667,0.7636666666666667,0.7636666666666667,0.7636666666666667,0.7656666666666667,0.7667777777777778,0.7685555555555557,0.7685555555555557,0.7685555555555557,0.7692222222222223,0.7716666666666667,0.7717777777777778,0.7717777777777778,0.7717777777777778,0.7717777777777778,0.7717777777777778,0.7717777777777778,0.7722222222222221,0.7722222222222221,0.7731111111111111,0.7741111111111111,0.7741111111111111,0.7783333333333333,0.7788888888888887,0.7788888888888887,0.7788888888888887,0.7788888888888887,0.7788888888888887,0.7788888888888887,0.7788888888888887,0.7788888888888887,0.7788888888888887,0.7794444444444444,0.7803333333333333,0.7803333333333333,0.7803333333333333,0.7815555555555556,0.7831111111111111,0.7831111111111111,0.7831111111111111,0.7831111111111111,0.7831111111111111,0.7831111111111111,0.7831111111111111,0.7831111111111111,0.7836666666666667,0.7855555555555556,0.7861111111111112,0.7866666666666666,0.7866666666666666,0.7902222222222222,0.7912222222222222,0.7914444444444444,0.7919999999999999,0.7974444444444445,0.7974444444444445,0.7974444444444445,0.7974444444444445,0.7974444444444445,0.7974444444444445,0.7975555555555556,0.7975555555555556,0.7975555555555556,0.7976666666666667,0.7992222222222222,0.8005555555555557,0.8005555555555557,0.8005555555555557,0.8012222222222223,0.8012222222222223,0.8012222222222223,0.8018888888888889,0.8025555555555556,0.8025555555555556,0.8025555555555556,0.8025555555555556,0.8025555555555556,0.8025555555555556,0.8025555555555556,0.8025555555555556,0.8025555555555556,0.804111111111111,0.804111111111111,0.804111111111111,0.8046666666666666,0.8046666666666666,0.8046666666666666,0.8046666666666666
Std curve: 0.010082376752911699,0.011894598836509025,0.01258845247846091,0.007415366094872705,0.009117883661746089,0.009117883661746089,0.009036278049487782,0.010573668669662514,0.006488356142513988,0.006310876364961311,0.00640794260235388,0.004629481479111048,0.0061322865451318535,0.0061322865451318535,0.0061322865451318535,0.0061322865451318535,0.006059376979749329,0.007685162873684708,0.006132286545131844,0.006132286545131844,0.006132286545131844,0.006484549538406612,0.006929984946450078,0.006834913999657646,0.006834913999657646,0.006834913999657646,0.006834913999657646,0.006834913999657646,0.006834913999657646,0.007370277311900869,0.007370277311900869,0.006827685109216514,0.007223076872508911,0.007223076872508911,0.010030816714037685,0.01111111111111113,0.01111111111111113,0.01111111111111113,0.01111111111111113,0.01111111111111113,0.01111111111111113,0.01111111111111113,0.01111111111111113,0.01111111111111113,0.011111111111111132,0.010620269462532035,0.010620269462532035,0.010620269462532035,0.009739825333693856,0.008982836858403459,0.008982836858403459,0.008982836858403459,0.008982836858403459,0.008982836858403459,0.008982836858403459,0.008982836858403459,0.008982836858403459,0.008962197702255923,0.008713548411865642,0.00906083690572229,0.009969088024959102,0.009969088024959102,0.008879161344003126,0.00937819904267075,0.00954262691270394,0.010028354861818944,0.015478379983498932,0.015478379983498932,0.015478379983498932,0.015478379983498932,0.015478379983498932,0.015478379983498932,0.01557379882612278,0.01557379882612278,0.01557379882612278,0.015722909290052198,0.017790273386333717,0.019845078999435255,0.019845078999435255,0.019845078999435255,0.020924319833481503,0.020924319833481503,0.020924319833481503,0.020298999549634208,0.02141765742051908,0.02141765742051908,0.02141765742051908,0.02141765742051908,0.02141765742051908,0.02141765742051908,0.02141765742051908,0.02141765742051908,0.02141765742051908,0.022326422369078055,0.022326422369078055,0.022326422369078055,0.021746576287933545,0.021746576287933545,0.021746576287933545,0.021746576287933545

mean_time: , 8367.515047359466
best_solution: , 0.7827777777777778
worst_solution: , 0.8388888888888889
mean_solution: , 0.8046666666666666
std_solution: , 0.021746576287933545



solutions runs are : 



0.7977777777777778

0.82

0.8388888888888889

0.7827777777777778

0.7838888888888889

