# Scenario 406
Mean curve: 0.7775000000000001,0.7818333333333334,0.7836666666666667,0.784,0.7878333333333334,0.7896666666666666,0.7896666666666666,0.7918333333333333,0.7939999999999999,0.7939999999999999,0.7939999999999999,0.7939999999999999,0.7941666666666667,0.7941666666666667,0.7941666666666667,0.7966666666666666,0.7966666666666666,0.7973333333333332,0.7996666666666666,0.7996666666666666,0.7996666666666666,0.7996666666666666,0.7996666666666666,0.7996666666666666,0.7996666666666666,0.7996666666666666,0.7996666666666666,0.7996666666666666,0.7996666666666666,0.7996666666666666,0.7996666666666666,0.7996666666666666,0.7996666666666666,0.8015000000000001,0.8015000000000001,0.8015000000000001,0.8015000000000001,0.8015000000000001,0.8015000000000001,0.8015000000000001,0.8015000000000001,0.8015000000000001,0.8015000000000001,0.8015000000000001,0.8015000000000001,0.8091666666666667,0.8091666666666667,0.8091666666666667,0.8091666666666667,0.8091666666666667,0.8091666666666667,0.8091666666666667,0.8091666666666667,0.8091666666666667,0.8091666666666667,0.8091666666666667,0.8091666666666667,0.8091666666666667,0.8091666666666667,0.8091666666666667,0.8091666666666667,0.8091666666666667,0.8091666666666667,0.8091666666666667,0.8091666666666667,0.8091666666666667,0.8091666666666667,0.8091666666666667,0.8091666666666667,0.8091666666666667,0.8091666666666667,0.8091666666666667,0.8091666666666667,0.8091666666666667,0.8091666666666667,0.8091666666666667,0.8091666666666667,0.8091666666666667,0.8091666666666667,0.8091666666666667,0.8091666666666667,0.8091666666666667,0.8091666666666667,0.8091666666666667,0.8091666666666667,0.8091666666666667,0.8140000000000001,0.8140000000000001,0.8140000000000001,0.8140000000000001,0.8140000000000001,0.8140000000000001,0.8140000000000001,0.8140000000000001,0.8140000000000001,0.8140000000000001,0.8140000000000001,0.8140000000000001,0.8140000000000001,0.8140000000000001
Std curve: 0.008740073734751259,0.013430893078603838,0.014226344888582182,0.014037647792830368,0.013830320957149811,0.014477952586989315,0.014477952586989315,0.011455226851626378,0.0074423711872553516,0.0074423711872553516,0.0074423711872553516,0.0074423711872553516,0.007509253550712524,0.007509253550712524,0.007509253550712524,0.0038369548110737863,0.0038369548110737863,0.003472111109333287,0.0050442486501405225,0.0050442486501405225,0.0050442486501405225,0.0050442486501405225,0.0050442486501405225,0.0050442486501405225,0.0050442486501405225,0.0050442486501405225,0.0050442486501405225,0.0050442486501405225,0.0050442486501405225,0.0050442486501405225,0.0050442486501405225,0.0050442486501405225,0.0050442486501405225,0.0035512126254437525,0.0035512126254437525,0.0035512126254437525,0.0035512126254437525,0.0035512126254437525,0.0035512126254437525,0.0035512126254437525,0.0035512126254437525,0.0035512126254437525,0.0035512126254437525,0.0035512126254437525,0.0035512126254437525,0.013652431610848259,0.013652431610848259,0.013652431610848259,0.013652431610848259,0.013652431610848259,0.013652431610848259,0.013652431610848259,0.013652431610848259,0.013652431610848259,0.013652431610848259,0.013652431610848259,0.013652431610848259,0.013652431610848259,0.013652431610848259,0.013652431610848259,0.013652431610848259,0.013652431610848259,0.013652431610848259,0.013652431610848259,0.013652431610848259,0.013652431610848259,0.013652431610848259,0.013652431610848259,0.013652431610848259,0.013652431610848259,0.013652431610848259,0.013652431610848259,0.013652431610848259,0.013652431610848259,0.013652431610848259,0.013652431610848259,0.013652431610848259,0.013652431610848259,0.013652431610848259,0.013652431610848259,0.013652431610848259,0.013652431610848259,0.013652431610848259,0.013652431610848259,0.013652431610848259,0.013652431610848259,0.014676133308500875,0.014676133308500875,0.014676133308500875,0.014676133308500875,0.014676133308500875,0.014676133308500875,0.014676133308500875,0.014676133308500875,0.014676133308500875,0.014676133308500875,0.014676133308500875,0.014676133308500875,0.014676133308500875,0.014676133308500875

mean_time: , 5691.551172685623
best_solution: , 0.7983333333333333
worst_solution: , 0.8358333333333333
mean_solution: , 0.8140000000000001
std_solution: , 0.014676133308500875



solutions runs are : 



0.8016666666666666

0.7983333333333333

0.8358333333333333

0.8075

0.8266666666666667

