# Scenario 257
Mean curve: 0.7471666666666668,0.7586666666666666,0.7593333333333334,0.7611666666666667,0.7736666666666666,0.7808333333333334,0.7878333333333333,0.7918333333333334,0.7918333333333334,0.7925,0.7956666666666667,0.7961666666666667,0.8046666666666666,0.8073333333333335,0.8081666666666667,0.8096666666666668,0.8131666666666668,0.8135,0.8153333333333335,0.817,0.817,0.8183333333333334,0.8203333333333334,0.8223333333333332,0.8253333333333334,0.8253333333333334,0.8296666666666667,0.8296666666666667,0.8296666666666667,0.8296666666666667,0.8316666666666667,0.834,0.8344999999999999,0.8344999999999999,0.8344999999999999,0.835,0.8373333333333333,0.8375,0.8376666666666667,0.8379999999999999,0.8379999999999999,0.8381666666666667,0.8411666666666667,0.8421666666666667,0.8425,0.8433333333333334,0.8433333333333334,0.8443333333333334,0.8463333333333335,0.8475000000000001,0.8481666666666667,0.8481666666666667,0.8483333333333333,0.8484999999999999,0.8491666666666667,0.8535,0.8560000000000001,0.8561666666666665,0.8574999999999999,0.8574999999999999,0.8574999999999999,0.8574999999999999,0.8591666666666666,0.8613333333333333,0.8648333333333333,0.8648333333333333,0.8658333333333335,0.8658333333333335,0.8658333333333335,0.8658333333333335,0.8658333333333335,0.8661666666666668,0.8661666666666668,0.8661666666666668,0.8661666666666668,0.8661666666666668,0.8661666666666668,0.8661666666666668,0.8661666666666668,0.8661666666666668,0.8661666666666668,0.8688333333333335,0.8691666666666666,0.8720000000000001,0.8720000000000001,0.8720000000000001,0.8720000000000001,0.873,0.873,0.873,0.873,0.8733333333333333,0.8733333333333333,0.8746666666666666,0.8746666666666666,0.8746666666666666,0.8746666666666666,0.8746666666666666,0.875,0.8756666666666666
Std curve: 0.013990075847622227,0.005835713800003872,0.004927248499698177,0.003965125751123446,0.013840359661351146,0.010736748938937606,0.007501851623284618,0.005562773089426213,0.005562773089426213,0.004743416490252581,0.006041522986797314,0.005416025603090655,0.008175165645620493,0.009623466688834709,0.009565563234854508,0.009539392014169472,0.003741657386773929,0.004163331998932264,0.003858612300930077,0.006227180564089799,0.006227180564089799,0.005000000000000008,0.006137317546507332,0.005972157622389638,0.004932882862316255,0.004932882862316255,0.004136557881996962,0.004136557881996962,0.004136557881996962,0.004136557881996962,0.005868938953886333,0.005710613899670605,0.005126185499743221,0.005126185499743221,0.005126185499743221,0.004684489774185063,0.005307227776030223,0.005502524673073042,0.005512611802847059,0.004904646323187356,0.004904646323187356,0.005120763831912379,0.00795124029458437,0.007557189365836452,0.007490735018081438,0.008771798244627201,0.008771798244627201,0.008872554436137468,0.008192137151629678,0.006346477588219927,0.006485025486114576,0.006485025486114576,0.0063900965042269385,0.00631136540958716,0.006168918507773911,0.007039570693980958,0.006879922480183421,0.00696419413859205,0.004377975178854582,0.004377975178854582,0.004377975178854582,0.004377975178854582,0.005502524673073079,0.007003967129816913,0.0035901098714230043,0.0035901098714230043,0.0026874192494328432,0.0026874192494328432,0.0026874192494328432,0.0026874192494328432,0.0026874192494328432,0.002768874620972689,0.002768874620972689,0.002768874620972689,0.002768874620972689,0.002768874620972689,0.002768874620972689,0.002768874620972689,0.002768874620972689,0.002768874620972689,0.002768874620972689,0.004333333333333322,0.004472135954999571,0.008475454756727382,0.008475454756727382,0.008475454756727382,0.008475454756727382,0.008669871202426608,0.008669871202426608,0.008669871202426608,0.008669871202426608,0.008449194570424364,0.008449194570424364,0.007043515536371808,0.007043515536371808,0.007043515536371808,0.007043515536371808,0.007043515536371808,0.006810938913900839,0.006695769808866872

mean_time: , 6653.5507345199585
best_solution: , 0.8708333333333333
worst_solution: , 0.8883333333333333
mean_solution: , 0.8756666666666666
std_solution: , 0.006695769808866872



solutions runs are : 



0.8708333333333333

0.8708333333333333

0.8883333333333333

0.8716666666666667

0.8766666666666667

