# Scenario 35
Mean curve: 0.7615000000000001,0.77925,0.7957500000000001,0.8182500000000001,0.82925,0.8450000000000001,0.85875,0.8664999999999999,0.8752500000000001,0.8907499999999999,0.9014999999999999,0.9065,0.9135,0.92025,0.92675,0.9317500000000001,0.9385,0.93925,0.945,0.9490000000000001,0.95525,0.9577500000000001,0.96075,0.96125,0.96125,0.9635,0.9644999999999999,0.9684999999999999,0.9684999999999999,0.9684999999999999,0.9684999999999999,0.9684999999999999,0.9705,0.97075,0.9717500000000001,0.9717500000000001,0.9717500000000001,0.97325,0.974,0.974,0.976,0.9764999999999999,0.97725,0.978,0.978,0.978,0.9785,0.9797499999999999,0.9797499999999999,0.9800000000000001,0.9800000000000001,0.9800000000000001,0.9810000000000001,0.98375,0.98475,0.9850000000000001,0.9850000000000001,0.986,0.9862500000000001,0.98675,0.9875,0.9875,0.9875,0.9875,0.9877500000000001,0.9887500000000001,0.9887500000000001,0.9887500000000001,0.9887500000000001,0.9887500000000001,0.9887500000000001,0.9887500000000001,0.9887500000000001,0.9887500000000001,0.9887500000000001,0.9887500000000001,0.98925,0.98925,0.98925,0.99,0.99,0.99,0.99025,0.99025,0.99025,0.99025,0.9905000000000002,0.9905000000000002,0.9905000000000002,0.9905000000000002,0.9905000000000002,0.9905000000000002,0.9905000000000002,0.9905000000000002,0.9905000000000002,0.9905000000000002,0.9905000000000002,0.9905000000000002,0.9905000000000002,0.9905000000000002
Std curve: 0.009532837982468812,0.008500000000000023,0.0035881750236018365,0.011472793905583764,0.0038405728739343164,0.007071067811865481,0.006072478900745558,0.003984344362627304,0.006490377492873574,0.009171968163922045,0.0070445014018026735,0.0052081666639998995,0.006585969936159737,0.0037416573867739464,0.003999999999999995,0.004153311931459016,0.009199184746487041,0.00893028554974586,0.003791437722025804,0.005556527692723223,0.0052081666639999125,0.0025495097567964035,0.0043011626335213325,0.003708099243547835,0.003708099243547835,0.004138236339311706,0.00437321392113397,0.006194755846681922,0.006194755846681922,0.006194755846681922,0.006194755846681922,0.006194755846681922,0.007097534783289193,0.007053367989832941,0.0052201532544552745,0.0052201532544552745,0.0052201532544552745,0.00291547594742267,0.003657184709581969,0.003657184709581969,0.005326818938165648,0.005556527692723231,0.004834769901453438,0.004513867521316958,0.004513867521316958,0.004513867521316958,0.004568916720624277,0.006344288770224765,0.006344288770224765,0.006324555320336764,0.006324555320336764,0.006324555320336764,0.006633249580710806,0.008291561975888513,0.00867467578644875,0.008253787009609612,0.008253787009609612,0.009062284480195951,0.008660254037844381,0.007889866919029763,0.00684653196881458,0.00684653196881458,0.00684653196881458,0.00684653196881458,0.006538348415311021,0.005590169943749484,0.005590169943749484,0.005590169943749484,0.005590169943749484,0.005590169943749484,0.005590169943749484,0.005590169943749484,0.005590169943749484,0.005590169943749484,0.005590169943749484,0.005590169943749484,0.0048476798574163225,0.0048476798574163225,0.0048476798574163225,0.003952847075210489,0.003952847075210489,0.003952847075210489,0.004213074886588188,0.004213074886588188,0.004213074886588188,0.004213074886588188,0.003999999999999995,0.003999999999999995,0.003999999999999995,0.003999999999999995,0.003999999999999995,0.003999999999999995,0.003999999999999995,0.003999999999999995,0.003999999999999995,0.003999999999999995,0.003999999999999995,0.003999999999999995,0.003999999999999995,0.003999999999999995

mean_time: , 4646.1237665176395
best_solution: , 0.985
worst_solution: , 0.995
mean_solution: , 0.9905000000000002
std_solution: , 0.003999999999999995



solutions runs are : 



0.9875

0.99

0.995

0.995

0.985

