# Scenario 84
Mean curve: 0.47896040022224745,0.49056629603616314,0.4971048470471458,0.5054015795765332,0.5131183600982607,0.5208877604604057,0.5253604391248528,0.5383981280140067,0.543133686467976,0.5494156808659717,0.5560077741511359,0.5592646507385449,0.5650700346602706,0.5693303768216122,0.5737582494144543,0.5763240943281416,0.5775581124511145,0.5832995329816322,0.5862867893868078,0.5865034679617015,0.590210601919823,0.5903196195495068,0.5904620671185093,0.5939707960559273,0.5945093425704485,0.5974735794284075,0.599893367597033,0.600668610647742,0.6023555487898793,0.6043014261281583,0.6050494723775603,0.6072588358013004,0.6083181641241614,0.6103765092914155,0.6108263818627945,0.6124453288328154,0.6160815359394428,0.6166219610017583,0.6186092049238339,0.6189222707177888,0.6189222707177888,0.6189639261612836,0.6192277266967088,0.6201777079068111,0.6211307126948729,0.6229907713473424,0.6253700216681326,0.6290640413873346,0.6290640413873346,0.6290640413873346,0.6290640413873346,0.6304905336446465,0.631038176968298,0.6313207060657828,0.6321138590823476,0.6362227604671181,0.6362606669930713,0.6362606669930713,0.637158571277929,0.637158571277929,0.6375987482904583,0.6375987482904583,0.6386318194211251,0.6386318194211251,0.6393514892130632,0.6393514892130632,0.6393514892130632,0.6410369382662378,0.6410369382662378,0.6413130616658012,0.6413130616658012,0.6414860527680747,0.6414860527680747,0.6414860527680747,0.6414860527680747,0.6414860527680747,0.6414860527680747,0.6417817275258412,0.6417817275258412,0.6417817275258412,0.6417817275258412,0.6417817275258412,0.6417817275258412,0.6418074892739295,0.6419958176117988,0.6424688171903845,0.6424688171903845,0.6427749620419284,0.6427749620419284,0.6427749620419284,0.6427749620419284,0.6427749620419284,0.6435010524124529,0.6435010524124529,0.6435010524124529,0.6435010524124529,0.6435010524124529,0.6440657175572099,0.644313314856119,0.6444470746700184
Std curve: 0.005333034826947518,0.004571523119687344,0.002896401376010527,0.003283712672963375,0.007424622329550853,0.00320920937116215,0.003447800096701185,0.006789982620059409,0.006167403331104749,0.005652279798930184,0.005728585089304735,0.00599156680050424,0.005448722761074166,0.007040196674330495,0.004046416821841302,0.003496253695444427,0.004947630645857798,0.004914666734916446,0.007743881079840563,0.00751001792442859,0.004446630841758839,0.004498464489339634,0.004419189848943707,0.005895908541566972,0.0058022377677466805,0.006818901170688196,0.005612625166739553,0.004872793169493443,0.006186921682624195,0.005658318176526648,0.004437616985580237,0.0029702616290252014,0.004332708796098282,0.004785584402118479,0.004576775284350577,0.006849483705390216,0.005201272402889061,0.004732641785959379,0.004323823338314335,0.004430452192428281,0.004430452192428281,0.0043848048473738195,0.004792117183750167,0.0064247001997283,0.006563232642308084,0.005017540266211274,0.0043184602689751855,0.008794018465355382,0.008794018465355382,0.008794018465355382,0.008794018465355382,0.007693393327631545,0.007479288734127165,0.007209306205770289,0.006407713048801551,0.005188851082074787,0.005216923157145026,0.005216923157145026,0.0061234554155522,0.0061234554155522,0.0055889882228867555,0.0055889882228867555,0.00564783949979915,0.00564783949979915,0.006115909850506403,0.006115909850506403,0.006115909850506403,0.0050331458559023335,0.0050331458559023335,0.004505344165589922,0.004505344165589922,0.004608867082636903,0.004608867082636903,0.004608867082636903,0.004608867082636903,0.004608867082636903,0.004608867082636903,0.004841741987731465,0.004841741987731465,0.004841741987731465,0.004841741987731465,0.004841741987731465,0.004841741987731465,0.004793717180307014,0.004445018020543191,0.0035942035475343003,0.0035942035475343003,0.0032346810489253747,0.0032346810489253747,0.0032346810489253747,0.0032346810489253747,0.0032346810489253747,0.0021968152919705237,0.0021968152919705237,0.0021968152919705237,0.0021968152919705237,0.0021968152919705237,0.0016079676536032254,0.0015516498634684185,0.0013075052594333264

mean_time: , 125981.24445872307
best_solution: , 0.6421052631578947
worst_solution: , 0.6460947503201024
mean_solution: , 0.6444470746700184
std_solution: , 0.0013075052594333264



solutions runs are : 



0.6460947503201024

0.6444491705657167

0.6450270495214315

0.6421052631578947

0.6445591397849463

