# Scenario 81
Mean curve: 0.5403395583785355,0.5468271449978476,0.5606364241375681,0.5736995288329445,0.5820454771307404,0.592070456602642,0.5986025248612388,0.6009718115314322,0.6077465192693461,0.610185690712315,0.6152611949093082,0.620190174086233,0.6264064186131385,0.6314297718694322,0.6345515807269142,0.6384316423561069,0.6423084547143721,0.6440807383990963,0.6447778665770632,0.6482436398148754,0.6529260357293908,0.6548672947853557,0.6575024323327036,0.6608602665021401,0.6621339104019619,0.6640194265237935,0.6652989924520495,0.6677384231791406,0.6683900691745226,0.6698734179088993,0.6735506724780331,0.6735506724780331,0.6740560869486563,0.6765451658126425,0.6782733124307068,0.6821168358224333,0.684660126952781,0.6850023290462199,0.6875787444846263,0.6888878719936538,0.6922621388990751,0.6922621388990751,0.6928622843177432,0.6928622843177432,0.6940496584696777,0.6947761076884819,0.6959660795701763,0.6965303347447793,0.6965303347447793,0.6974084356488497,0.6974084356488497,0.6974084356488497,0.6985993707109963,0.7011582654406792,0.7011897349093071,0.7011897349093071,0.7011897349093071,0.703505994302634,0.7042378590599243,0.7043113258709639,0.7043113258709639,0.7061260874524102,0.7061260874524102,0.7061806146440245,0.7061806146440245,0.7061806146440245,0.7065773011654529,0.7065773011654529,0.7065773011654529,0.7065773011654529,0.7065773011654529,0.7065773011654529,0.7065773011654529,0.7065773011654529,0.7065773011654529,0.7072563947019985,0.7072563947019985,0.7072563947019985,0.7072563947019985,0.7072563947019985,0.7074046480238133,0.7074046480238133,0.7074866302527368,0.7074866302527368,0.7074866302527368,0.7074866302527368,0.7080987729423949,0.7080987729423949,0.7080987729423949,0.7089060468293178,0.7089060468293178,0.7089087682366939,0.7089087682366939,0.7089087682366939,0.7089087682366939,0.7089087682366939,0.7089087682366939,0.7089087682366939,0.7092063396367474,0.7092063396367474
Std curve: 0.0059298325282913416,0.00395694406063188,0.005804717649210616,0.008345246531762473,0.005331798493308567,0.009284692396846421,0.007136552562669762,0.004698557399530666,0.008308407842869512,0.006368161391345996,0.006559901975376619,0.0066341931612855865,0.005379126920720738,0.00696632382920412,0.004563340892527581,0.007876595077260226,0.007793499818305867,0.006914613747648179,0.0065996530765207355,0.003314936683372426,0.004366949910456491,0.005395399355299052,0.006758335090500556,0.00590130149648926,0.004267752718108863,0.006407170150152015,0.005585784586460326,0.0037388129667934576,0.003526614732242421,0.004165926056430766,0.004516770900243746,0.004516770900243746,0.004861497042341146,0.007127875338660243,0.007003377714765844,0.0036840877052239417,0.002381317684616308,0.002157866030336947,0.004287915433032934,0.0053000322131844515,0.002351301961086902,0.002351301961086902,0.002031299642409287,0.002031299642409287,0.0033713694123457187,0.004504260808737189,0.004163910921269215,0.005223473279852671,0.005223473279852671,0.004775321620505064,0.004775321620505064,0.004775321620505064,0.005768602469368157,0.005251815032960693,0.005256588873749618,0.005256588873749618,0.005256588873749618,0.005241662598000956,0.005862040974939099,0.006004895782294927,0.006004895782294927,0.006093024130872603,0.006093024130872603,0.006129003668705673,0.006129003668705673,0.006129003668705673,0.006036952135672641,0.006036952135672641,0.006036952135672641,0.006036952135672641,0.006036952135672641,0.006036952135672641,0.006036952135672641,0.006036952135672641,0.006036952135672641,0.00658600478967032,0.00658600478967032,0.00658600478967032,0.00658600478967032,0.00658600478967032,0.0065634383164980175,0.0065634383164980175,0.006470399308511797,0.006470399308511797,0.006470399308511797,0.006470399308511797,0.005874611410322534,0.005874611410322534,0.005874611410322534,0.005421710564223423,0.005421710564223423,0.005417625279216148,0.005417625279216148,0.005417625279216148,0.005417625279216148,0.005417625279216148,0.005417625279216148,0.005417625279216148,0.004986594180821352,0.004986594180821352

mean_time: , 138649.574785614
best_solution: , 0.7022662452786557
worst_solution: , 0.7159957751437624
mean_solution: , 0.7092063396367474
std_solution: , 0.004986594180821352



solutions runs are : 



0.706700379266751

0.713717463505059

0.7159957751437624

0.7022662452786557

0.7073518349895087

