# Scenario 423
Mean curve: 0.6018485638079489,0.6029518406693203,0.6031853531605275,0.610300231113321,0.6123975273401608,0.6123975273401608,0.6123975273401608,0.6123975273401608,0.6145126708046558,0.6145126708046558,0.6145126708046558,0.6145604120915256,0.6145604120915256,0.6150027997334071,0.6150027997334071,0.6150027997334071,0.6150027997334071,0.6150164580076523,0.6158857082958866,0.6158857082958866,0.6191902784472028,0.6191902784472028,0.6196266101077796,0.6196266101077796,0.6196266101077796,0.6199668333859533,0.6208619051371509,0.6208619051371509,0.6208619051371509,0.6208619051371509,0.6208619051371509,0.6208619051371509,0.6208619051371509,0.6208619051371509,0.6208619051371509,0.6208619051371509,0.6213743167131793,0.6213743167131793,0.6213743167131793,0.6256227878430879,0.62692026970395,0.62692026970395,0.62692026970395,0.62692026970395,0.62692026970395,0.62692026970395,0.6271706045041145,0.6271706045041145,0.6271706045041145,0.6271706045041145,0.6271706045041145,0.6271706045041145,0.6271706045041145,0.6271706045041145,0.6286262191402907,0.6286262191402907,0.6301704967302479,0.6301704967302479,0.6301704967302479,0.6301704967302479,0.6301704967302479,0.6301704967302479,0.6301704967302479,0.6301704967302479,0.6301704967302479,0.6301704967302479,0.6301704967302479,0.6301704967302479,0.6301704967302479,0.6301704967302479,0.6301704967302479,0.6301704967302479,0.6301704967302479,0.6301704967302479,0.6301704967302479,0.6301704967302479,0.6301704967302479,0.6301704967302479,0.6301704967302479,0.6301704967302479,0.6301704967302479,0.6301704967302479,0.6301704967302479,0.6301704967302479,0.6301704967302479,0.6301704967302479,0.6301704967302479,0.6301704967302479,0.6301704967302479,0.6301704967302479,0.6301704967302479,0.6301704967302479,0.6301704967302479,0.6301704967302479,0.6301704967302479,0.6301704967302479,0.631304552734361,0.631304552734361,0.631304552734361,0.631304552734361
Std curve: 0.011179423504256483,0.009578844296700079,0.009662476124363974,0.011665512240923541,0.011288789588528778,0.011288789588528778,0.011288789588528778,0.011288789588528778,0.013082639686538486,0.013082639686538486,0.013082639686538486,0.013016910200439229,0.013016910200439229,0.012426211689029288,0.012426211689029288,0.012426211689029288,0.012426211689029288,0.012425722641349144,0.012517785629913611,0.012517785629913611,0.010969860230330204,0.010969860230330204,0.010994790515499047,0.010994790515499047,0.010994790515499047,0.010355955932053365,0.00870545758524417,0.00870545758524417,0.00870545758524417,0.00870545758524417,0.00870545758524417,0.00870545758524417,0.00870545758524417,0.00870545758524417,0.00870545758524417,0.00870545758524417,0.007788395619223179,0.007788395619223179,0.007788395619223179,0.004019242529702709,0.003349793955889261,0.003349793955889261,0.003349793955889261,0.003349793955889261,0.003349793955889261,0.003349793955889261,0.0028559432298222603,0.0028559432298222603,0.0028559432298222603,0.0028559432298222603,0.0028559432298222603,0.0028559432298222603,0.0028559432298222603,0.0028559432298222603,0.004600977391749755,0.004600977391749755,0.005612318682220643,0.005612318682220643,0.005612318682220643,0.005612318682220643,0.005612318682220643,0.005612318682220643,0.005612318682220643,0.005612318682220643,0.005612318682220643,0.005612318682220643,0.005612318682220643,0.005612318682220643,0.005612318682220643,0.005612318682220643,0.005612318682220643,0.005612318682220643,0.005612318682220643,0.005612318682220643,0.005612318682220643,0.005612318682220643,0.005612318682220643,0.005612318682220643,0.005612318682220643,0.005612318682220643,0.005612318682220643,0.005612318682220643,0.005612318682220643,0.005612318682220643,0.005612318682220643,0.005612318682220643,0.005612318682220643,0.005612318682220643,0.005612318682220643,0.005612318682220643,0.005612318682220643,0.005612318682220643,0.005612318682220643,0.005612318682220643,0.005612318682220643,0.005612318682220643,0.007157719100384379,0.007157719100384379,0.007157719100384379,0.007157719100384379

mean_time: , 27683.94429154396
best_solution: , 0.6215500560138507
worst_solution: , 0.6422736555479919
mean_solution: , 0.631304552734361
std_solution: , 0.007157719100384379



solutions runs are : 



0.627614169867691

0.6215500560138507

0.6290776446065659

0.6422736555479919

0.6360072376357057

