# Scenario 136
Mean curve: 0.7955,0.8135,0.8195,0.8365,0.84375,0.8452499999999998,0.8550000000000001,0.857,0.8612499999999998,0.8632499999999999,0.8702500000000001,0.876,0.876,0.8765000000000001,0.877,0.8792500000000001,0.8792500000000001,0.88225,0.88225,0.883,0.883,0.88575,0.88575,0.88575,0.88575,0.893,0.893,0.893,0.8942500000000001,0.8942500000000001,0.89725,0.89725,0.89725,0.89725,0.89725,0.89775,0.89775,0.89875,0.89875,0.9012500000000001,0.9012500000000001,0.9012500000000001,0.9012500000000001,0.9012500000000001,0.9012500000000001,0.9012500000000001,0.9012500000000001,0.9012500000000001,0.9027499999999999,0.9047499999999999,0.905,0.905,0.905,0.905,0.905,0.905,0.905,0.90525,0.90525,0.90825,0.90825,0.90825,0.9092500000000001,0.9092500000000001,0.9092500000000001,0.9092500000000001,0.9092500000000001,0.9092500000000001,0.9095000000000001,0.9095000000000001,0.9097500000000001,0.9097500000000001,0.9097500000000001,0.9097500000000001,0.9097500000000001,0.9102499999999999,0.9102499999999999,0.9102499999999999,0.9102499999999999,0.9102499999999999,0.9109999999999999,0.9109999999999999,0.9109999999999999,0.9112499999999999,0.9112499999999999,0.9114999999999999,0.9125,0.91475,0.91475,0.91475,0.91475,0.91475,0.91475,0.91475,0.9177500000000001,0.9177500000000001,0.9177500000000001,0.9177500000000001,0.9177500000000001,0.9182500000000001
Std curve: 0.010111874208078332,0.010167349703831376,0.014718186029535051,0.014692685254915142,0.007071067811865481,0.006633249580710804,0.010031201323869438,0.011252777434926906,0.007373940601876302,0.006051859218455099,0.006041522986797281,0.009855201672213524,0.009855201672213524,0.009400797838481585,0.008965210538520566,0.007968688725254634,0.007968688725254634,0.006633249580710823,0.006633249580710823,0.006547900426854423,0.006547900426854423,0.00878919791562348,0.00878919791562348,0.00878919791562348,0.00878919791562348,0.00645174395028198,0.00645174395028198,0.00645174395028198,0.0070533679898329565,0.0070533679898329565,0.0027838821814150333,0.0027838821814150333,0.0027838821814150333,0.0027838821814150333,0.0027838821814150333,0.0030000000000000248,0.0030000000000000248,0.004183300132670402,0.004183300132670402,0.0069821200218844765,0.0069821200218844765,0.0069821200218844765,0.0069821200218844765,0.0069821200218844765,0.0069821200218844765,0.0069821200218844765,0.0069821200218844765,0.0069821200218844765,0.008306623862918075,0.006633249580710791,0.006937218462755788,0.006937218462755788,0.006937218462755788,0.006937218462755788,0.006937218462755788,0.006937218462755788,0.006937218462755788,0.007262919523166982,0.007262919523166982,0.005894913061275803,0.005894913061275803,0.005894913061275803,0.00722841614740049,0.00722841614740049,0.00722841614740049,0.00722841614740049,0.00722841614740049,0.00722841614740049,0.007008922884438089,0.007008922884438089,0.0073908727495472296,0.0073908727495472296,0.0073908727495472296,0.0073908727495472296,0.0073908727495472296,0.00755810822891547,0.00755810822891547,0.00755810822891547,0.00755810822891547,0.00755810822891547,0.00704450140180268,0.00704450140180268,0.00704450140180268,0.006661456297237117,0.006661456297237117,0.007044501401802682,0.007786205751198709,0.009823441352194269,0.009823441352194269,0.009823441352194269,0.009823441352194269,0.009823441352194269,0.009823441352194269,0.009823441352194269,0.012206555615733717,0.012206555615733717,0.012206555615733717,0.012206555615733717,0.012206555615733717,0.011821590417536896

mean_time: , 4687.869613790512
best_solution: , 0.90125
worst_solution: , 0.9325
mean_solution: , 0.9182500000000001
std_solution: , 0.011821590417536896



solutions runs are : 



0.93

0.9175

0.91

0.9325

0.90125

