# Scenario 436
Mean curve: 0.7895,0.7927500000000001,0.7937500000000001,0.7965,0.7965,0.7965,0.7965,0.7965,0.7965,0.7965,0.7965,0.7965,0.799,0.80375,0.80375,0.80375,0.8045,0.8045,0.8045,0.8045,0.8045,0.8045,0.8045,0.8045,0.8045,0.8045,0.8045,0.8045,0.8045,0.8045,0.8045,0.8045,0.8045,0.8045,0.8045,0.8045,0.8045,0.8045,0.8045,0.8045,0.8045,0.8045,0.8045,0.8045,0.8045,0.8045,0.8045,0.80475,0.80475,0.80475,0.80475,0.80475,0.80475,0.80475,0.80475,0.80475,0.80475,0.80475,0.80475,0.80475,0.80475,0.80475,0.80475,0.80475,0.8125,0.8125,0.8125,0.8125,0.8125,0.8125,0.8162499999999999,0.8162499999999999,0.8162499999999999,0.8162499999999999,0.8162499999999999,0.8162499999999999,0.8162499999999999,0.8162499999999999,0.8162499999999999,0.8162499999999999,0.8162499999999999,0.8162499999999999,0.8162499999999999,0.8162499999999999,0.8162499999999999,0.8162499999999999,0.8162499999999999,0.8162499999999999,0.82225,0.82225,0.82225,0.82225,0.82225,0.82225,0.82225,0.82225,0.82225,0.82225,0.82225,0.82225
Std curve: 0.03305865998494191,0.031178919160227466,0.030176563754012804,0.02794414070963714,0.02794414070963714,0.02794414070963714,0.02794414070963714,0.02794414070963714,0.02794414070963714,0.02794414070963714,0.02794414070963714,0.02794414070963714,0.026662239215789797,0.024672859582950648,0.024672859582950648,0.024672859582950648,0.024680457856368864,0.024680457856368864,0.024680457856368864,0.024680457856368864,0.024680457856368864,0.024680457856368864,0.024680457856368864,0.024680457856368864,0.024680457856368864,0.024680457856368864,0.024680457856368864,0.024680457856368864,0.024680457856368864,0.024680457856368864,0.024680457856368864,0.024680457856368864,0.024680457856368864,0.024680457856368864,0.024680457856368864,0.024680457856368864,0.024680457856368864,0.024680457856368864,0.024680457856368864,0.024680457856368864,0.024680457856368864,0.024680457856368864,0.024680457856368864,0.024680457856368864,0.024680457856368864,0.024680457856368864,0.024680457856368864,0.024703238654071244,0.024703238654071244,0.024703238654071244,0.024703238654071244,0.024703238654071244,0.024703238654071244,0.024703238654071244,0.024703238654071244,0.024703238654071244,0.024703238654071244,0.024703238654071244,0.024703238654071244,0.024703238654071244,0.024703238654071244,0.024703238654071244,0.024703238654071244,0.024703238654071244,0.024937421679075,0.024937421679075,0.024937421679075,0.024937421679075,0.024937421679075,0.024937421679075,0.019921721813136548,0.019921721813136548,0.019921721813136548,0.019921721813136548,0.019921721813136548,0.019921721813136548,0.019921721813136548,0.019921721813136548,0.019921721813136548,0.019921721813136548,0.019921721813136548,0.019921721813136548,0.019921721813136548,0.019921721813136548,0.019921721813136548,0.019921721813136548,0.019921721813136548,0.019921721813136548,0.01645828059063279,0.01645828059063279,0.01645828059063279,0.01645828059063279,0.01645828059063279,0.01645828059063279,0.01645828059063279,0.01645828059063279,0.01645828059063279,0.01645828059063279,0.01645828059063279,0.01645828059063279

mean_time: , 5994.11002163887
best_solution: , 0.8025
worst_solution: , 0.84875
mean_solution: , 0.82225
std_solution: , 0.01645828059063279



solutions runs are : 



0.82375

0.8075

0.84875

0.8025

0.82875

