# Scenario 477
Mean curve: 0.7421249999999999,0.745125,0.7501249999999999,0.7555,0.7555,0.7555,0.7555,0.756,0.756,0.7562499999999999,0.7562499999999999,0.75725,0.75725,0.75725,0.757375,0.757375,0.757375,0.757375,0.757375,0.757375,0.757375,0.757375,0.757375,0.758375,0.758375,0.758375,0.758375,0.758375,0.758375,0.758375,0.758375,0.758375,0.758375,0.758375,0.758375,0.758375,0.758375,0.758375,0.758375,0.758375,0.75925,0.75925,0.75925,0.75925,0.75925,0.75925,0.75925,0.75925,0.75925,0.75925,0.75925,0.75925,0.75925,0.75925,0.75925,0.75925,0.75925,0.75925,0.75925,0.75925,0.75925,0.75925,0.75925,0.75925,0.75925,0.75925,0.75925,0.75925,0.75925,0.75925,0.75925,0.75925,0.75925,0.75925,0.75925,0.7605000000000001,0.7605000000000001,0.7605000000000001,0.7605000000000001,0.7605000000000001,0.7605000000000001,0.7605000000000001,0.7605000000000001,0.7605000000000001,0.7605000000000001,0.7605000000000001,0.7605000000000001,0.7605000000000001,0.760625,0.760625,0.760625,0.760625,0.760625,0.761125,0.761125,0.761125,0.761125,0.761125,0.761125,0.761125
Std curve: 0.003459588125774523,0.0035663356544217667,0.010257619119464335,0.012063633366444811,0.012063633366444811,0.012063633366444811,0.012063633366444811,0.011474155742362931,0.011474155742362931,0.011201283408609944,0.011201283408609944,0.010281962361339415,0.010281962361339415,0.010281962361339415,0.010150431025330918,0.010150431025330918,0.010150431025330918,0.010150431025330918,0.010150431025330918,0.010150431025330918,0.010150431025330918,0.010150431025330918,0.010150431025330918,0.009275303229544592,0.009275303229544592,0.009275303229544592,0.009275303229544592,0.009275303229544592,0.009275303229544592,0.009275303229544592,0.009275303229544592,0.009275303229544592,0.009275303229544592,0.009275303229544592,0.009275303229544592,0.009275303229544592,0.009275303229544592,0.009275303229544592,0.009275303229544592,0.009275303229544592,0.008815823841252743,0.008815823841252743,0.008815823841252743,0.008815823841252743,0.008815823841252743,0.008815823841252743,0.008815823841252743,0.008815823841252743,0.008815823841252743,0.008815823841252743,0.008815823841252743,0.008815823841252743,0.008815823841252743,0.008815823841252743,0.008815823841252743,0.008815823841252743,0.008815823841252743,0.008815823841252743,0.008815823841252743,0.008815823841252743,0.008815823841252743,0.008815823841252743,0.008815823841252743,0.008815823841252743,0.008815823841252743,0.008815823841252743,0.008815823841252743,0.008815823841252743,0.008815823841252743,0.008815823841252743,0.008815823841252743,0.008815823841252743,0.008815823841252743,0.008815823841252743,0.008815823841252743,0.007998046636523209,0.007998046636523209,0.007998046636523209,0.007998046636523209,0.007998046636523209,0.007998046636523209,0.007998046636523209,0.007998046636523209,0.007998046636523209,0.007998046636523209,0.007998046636523209,0.007998046636523209,0.007998046636523209,0.008139410298049864,0.008139410298049864,0.008139410298049864,0.008139410298049864,0.008139410298049864,0.008753570700005795,0.008753570700005795,0.008753570700005795,0.008753570700005795,0.008753570700005795,0.008753570700005795,0.008753570700005795

mean_time: , 12073.52054476738
best_solution: , 0.749375
worst_solution: , 0.7725
mean_solution: , 0.761125
std_solution: , 0.008753570700005795



solutions runs are : 



0.7575

0.7725

0.75625

0.749375

0.77

