# Scenario 363
Mean curve: 0.5427916047018333,0.5431407021730641,0.5513814469109481,0.553380680863851,0.5574943919217255,0.5600975575279875,0.5614607607297148,0.5627972161093904,0.5661366411274471,0.5664872001233497,0.5677193701886336,0.5692363348933537,0.5694892775533875,0.5703066222403592,0.5703558614938922,0.5703801801458306,0.5708588316603013,0.5737695591610894,0.5737695591610894,0.5737695591610894,0.5738813565125425,0.5755569266265622,0.5767392376038509,0.579915599573649,0.5801762660505729,0.5816031099242946,0.5816031099242946,0.5817549956381488,0.5817549956381488,0.5824502218834935,0.5824502218834935,0.5824502218834935,0.5836244297574749,0.5848537087278258,0.5848537087278258,0.5860671301948661,0.5860671301948661,0.5865815467686075,0.5871622820953342,0.588141886562111,0.5891556565214101,0.5897201070062809,0.5900785555115873,0.591084633692216,0.5914324219697475,0.5914324219697475,0.5917281741282561,0.5917281741282561,0.5917281741282561,0.5933943814680511,0.5943165327918213,0.5955857548557832,0.5955857548557832,0.5955857548557832,0.5960541266591177,0.5960541266591177,0.5968953808401222,0.600650480903109,0.6009744300621689,0.6009744300621689,0.6018024128143359,0.6018024128143359,0.6018887375999771,0.602031166589907,0.6022333106003185,0.6022333106003185,0.6028027073802809,0.602811594678909,0.6034048596987808,0.6034048596987808,0.6035013074159471,0.6042021495180456,0.6043039019449417,0.6057676564418826,0.6060130689883074,0.6060130689883074,0.6087461147021413,0.6089058131182601,0.608909758640063,0.608909758640063,0.6121422218323593,0.6134165081747464,0.6135599620290654,0.6136667506710101,0.6147929132899614,0.6147929132899614,0.6152258269182275,0.6153200199196874,0.6153200199196874,0.6153200199196874,0.6163400261359557,0.6165850664997035,0.6165850664997035,0.6165850664997035,0.6168698185850922,0.6175490916545907,0.6179856691630833,0.6179856691630833,0.6181357930563443,0.6184222786772985
Std curve: 0.005829978741309135,0.005461514368563307,0.011515138406838763,0.010322443954798782,0.008790890406671125,0.007507216482535636,0.006363892427597614,0.005656406556606043,0.007543685024635413,0.007282487142943538,0.006871958547725191,0.007300068238039877,0.007566856631904534,0.00820864926611143,0.008149256967121292,0.00812965044340066,0.007611003842526823,0.008661071304504622,0.008661071304504622,0.008661071304504622,0.008766765873041454,0.010066642465427602,0.008642297933688984,0.007533869315456905,0.007748817312629616,0.008748848095894081,0.008748848095894081,0.008482498843378096,0.008482498843378096,0.009143074985935463,0.009143074985935463,0.009143074985935463,0.008849972290474047,0.009708066850590735,0.009708066850590735,0.010936775017902177,0.010936775017902177,0.011340922943111426,0.012013617412325981,0.01188164839346215,0.010115209352839046,0.010222329139191457,0.009789770457231029,0.00900641086975973,0.009248600946828197,0.009248600946828197,0.008794809441686313,0.008794809441686313,0.008794809441686313,0.008067173649223209,0.008241364926333964,0.009346439188802149,0.009346439188802149,0.009346439188802149,0.009930857852315256,0.009930857852315256,0.010209010806518941,0.00703173557819394,0.007142401101173398,0.007142401101173398,0.005653862826068198,0.005653862826068198,0.00550417789421997,0.005557860962828754,0.005820465633862095,0.005820465633862095,0.005961782359813706,0.005972570480599404,0.006208138940403358,0.006208138940403358,0.006266861565404158,0.006843381409463631,0.006933108337880849,0.008730973430797645,0.00887882857654371,0.00887882857654371,0.010956632832065438,0.010919221704678506,0.010916976725459542,0.010916976725459542,0.012591660214791224,0.013469663498522019,0.013358182010363859,0.013192498989316851,0.012560712679345115,0.012560712679345115,0.011846991155668968,0.01194094745440458,0.01194094745440458,0.01194094745440458,0.011552905765056585,0.01151170985778377,0.01151170985778377,0.01151170985778377,0.011757410402418263,0.012429579605542154,0.01165835363892246,0.01165835363892246,0.0118269712448971,0.012006880505108907

mean_time: , 83585.73093690872
best_solution: , 0.5975828316713386
worst_solution: , 0.6316252779836916
mean_solution: , 0.6184222786772985
std_solution: , 0.012006880505108907



solutions runs are : 



0.6153846153846154

0.5975828316713386

0.6189620206489675

0.6316252779836916

0.6285566476978789

