# Scenario 138
Mean curve: 0.789,0.807,0.81875,0.8262499999999999,0.83675,0.8394999999999999,0.8414999999999999,0.8445,0.8480000000000001,0.8495000000000001,0.8495000000000001,0.85225,0.8547500000000001,0.8557500000000001,0.85625,0.85975,0.8605,0.8605,0.8605,0.8627500000000001,0.8647500000000001,0.8647500000000001,0.8647500000000001,0.86525,0.86525,0.86525,0.86525,0.8655000000000002,0.8717500000000001,0.8717500000000001,0.87475,0.87475,0.87475,0.8785000000000001,0.8792500000000001,0.8792500000000001,0.88175,0.88175,0.88175,0.88175,0.88175,0.88175,0.882,0.882,0.882,0.882,0.882,0.882,0.882,0.8835000000000001,0.8835000000000001,0.8835000000000001,0.8835000000000001,0.8872500000000001,0.8872500000000001,0.8877499999999999,0.8877499999999999,0.8877499999999999,0.8877499999999999,0.8905,0.8905,0.8905,0.8905,0.8932499999999999,0.8932499999999999,0.8932499999999999,0.8934999999999998,0.8934999999999998,0.8934999999999998,0.89375,0.8952500000000001,0.8952500000000001,0.8952500000000001,0.8952500000000001,0.8969999999999999,0.8969999999999999,0.8985,0.8985,0.8985,0.9002500000000001,0.9002500000000001,0.9002500000000001,0.9002500000000001,0.9002500000000001,0.9004999999999999,0.9004999999999999,0.9004999999999999,0.9004999999999999,0.9004999999999999,0.9004999999999999,0.9004999999999999,0.9004999999999999,0.9004999999999999,0.9004999999999999,0.9027499999999999,0.9027499999999999,0.9027499999999999,0.9027499999999999,0.9027499999999999,0.9027499999999999
Std curve: 0.010319883720275175,0.009273618495495704,0.005645794895318095,0.007705517503711223,0.009171968163922066,0.007228416147400456,0.0052678268764263375,0.007441438033068578,0.006204836822995394,0.005220153254455246,0.005220153254455246,0.006864765108872992,0.007390872749547246,0.007008922884438093,0.0065669627682818565,0.008782084035125152,0.0088246812973614,0.0088246812973614,0.0088246812973614,0.0071326713088435455,0.007474958193863014,0.007474958193863014,0.007474958193863014,0.007960841664045324,0.007960841664045324,0.007960841664045324,0.007960841664045324,0.007566372975210783,0.014970804921579867,0.014970804921579867,0.014564511663629508,0.014564511663629508,0.014564511663629508,0.013495369576265783,0.012663925141913961,0.012663925141913961,0.01097155412874586,0.01097155412874586,0.01097155412874586,0.01097155412874586,0.01097155412874586,0.01097155412874586,0.010914439976471553,0.010914439976471553,0.010914439976471553,0.010914439976471553,0.010914439976471553,0.010914439976471553,0.010914439976471553,0.010880027573494488,0.010880027573494488,0.010880027573494488,0.010880027573494488,0.0074330343736592605,0.0074330343736592605,0.0076811457478686085,0.0076811457478686085,0.0076811457478686085,0.0076811457478686085,0.012514991010783807,0.012514991010783807,0.012514991010783807,0.012514991010783807,0.011363318177363496,0.011363318177363496,0.011363318177363496,0.011385297536735686,0.011385297536735686,0.011385297536735686,0.011429129450662446,0.011602801385872281,0.011602801385872281,0.011602801385872281,0.011602801385872281,0.00966953980290684,0.00966953980290684,0.008817596044274189,0.008817596044274189,0.008817596044274189,0.008038967595406753,0.008038967595406753,0.008038967595406753,0.008038967595406753,0.008038967595406753,0.008162413858657241,0.008162413858657241,0.008162413858657241,0.008162413858657241,0.008162413858657241,0.008162413858657241,0.008162413858657241,0.008162413858657241,0.008162413858657241,0.008162413858657241,0.006294839156007078,0.006294839156007078,0.006294839156007078,0.006294839156007078,0.006294839156007078,0.006294839156007078

mean_time: , 4686.398800945282
best_solution: , 0.89625
worst_solution: , 0.91375
mean_solution: , 0.9027499999999999
std_solution: , 0.006294839156007078



solutions runs are : 



0.905

0.91375

0.89625

0.90125

0.8975

