# Scenario 144
Mean curve: 0.5323025393349357,0.5334744039826413,0.5334744039826413,0.5334744039826413,0.5335764281435054,0.5339646963202792,0.5339646963202792,0.5339646963202792,0.5349311980336953,0.5352005853145038,0.5352005853145038,0.5371077623256764,0.5374347172808931,0.5407170742123044,0.5457380866620734,0.5463966989798961,0.5464619542484775,0.5464619542484775,0.5464619542484775,0.5474747917327918,0.5482594760000813,0.5502002241202929,0.5502002241202929,0.5502002241202929,0.5502002241202929,0.5502002241202929,0.5502002241202929,0.5502002241202929,0.5502002241202929,0.5502002241202929,0.5502002241202929,0.5502002241202929,0.5502002241202929,0.5502002241202929,0.5502002241202929,0.5502002241202929,0.5506015601134518,0.5506015601134518,0.5506015601134518,0.5506015601134518,0.553074328089555,0.5579397528366349,0.5579397528366349,0.5579397528366349,0.5589847456878079,0.5589847456878079,0.5589847456878079,0.5589847456878079,0.5608400467068704,0.5608400467068704,0.5620483697549561,0.5620483697549561,0.5620483697549561,0.5620483697549561,0.5666634501322035,0.5666634501322035,0.5666634501322035,0.5666634501322035,0.5666634501322035,0.5666634501322035,0.5666634501322035,0.5679989184660761,0.5679989184660761,0.5679989184660761,0.5679989184660761,0.5679989184660761,0.5679989184660761,0.5679989184660761,0.5679989184660761,0.5679989184660761,0.5679989184660761,0.5679989184660761,0.5726474765418919,0.5726474765418919,0.5726474765418919,0.5726474765418919,0.5726474765418919,0.5726474765418919,0.5763757302701457,0.5763757302701457,0.5763757302701457,0.5763757302701457,0.5763757302701457,0.5774769699853882,0.5774769699853882,0.5774769699853882,0.5774769699853882,0.5774769699853882,0.5774769699853882,0.5774769699853882,0.5774769699853882,0.5774769699853882,0.5774769699853882,0.5774769699853882,0.5774769699853882,0.5774769699853882,0.5774769699853882,0.5774769699853882,0.577721268781284,0.577721268781284
Std curve: 0.009807721949636092,0.009089115981565171,0.009089115981565171,0.009089115981565171,0.008995024031293566,0.008671581785559605,0.008671581785559605,0.008671581785559605,0.008143587473672076,0.007908311135969749,0.007908311135969749,0.007924483975952154,0.007821297721194316,0.011174364721088874,0.00894518320191692,0.0093831904100503,0.00930288508718421,0.00930288508718421,0.00930288508718421,0.008223167481719702,0.0072248660782531495,0.00632721309643457,0.00632721309643457,0.00632721309643457,0.00632721309643457,0.00632721309643457,0.00632721309643457,0.00632721309643457,0.00632721309643457,0.00632721309643457,0.00632721309643457,0.00632721309643457,0.00632721309643457,0.00632721309643457,0.00632721309643457,0.00632721309643457,0.005589290132037318,0.005589290132037318,0.005589290132037318,0.005589290132037318,0.007009655769161128,0.00457924625546642,0.00457924625546642,0.00457924625546642,0.005432033729991097,0.005432033729991097,0.005432033729991097,0.005432033729991097,0.00352209311121097,0.00352209311121097,0.00306805527625357,0.00306805527625357,0.00306805527625357,0.00306805527625357,0.007019988097840552,0.007019988097840552,0.007019988097840552,0.007019988097840552,0.007019988097840552,0.007019988097840552,0.007019988097840552,0.007238623733346573,0.007238623733346573,0.007238623733346573,0.007238623733346573,0.007238623733346573,0.007238623733346573,0.007238623733346573,0.007238623733346573,0.007238623733346573,0.007238623733346573,0.007238623733346573,0.007995339715011688,0.007995339715011688,0.007995339715011688,0.007995339715011688,0.007995339715011688,0.007995339715011688,0.007019977719267312,0.007019977719267312,0.007019977719267312,0.007019977719267312,0.007019977719267312,0.005346316347184071,0.005346316347184071,0.005346316347184071,0.005346316347184071,0.005346316347184071,0.005346316347184071,0.005346316347184071,0.005346316347184071,0.005346316347184071,0.005346316347184071,0.005346316347184071,0.005346316347184071,0.005346316347184071,0.005346316347184071,0.005346316347184071,0.005105503232826423,0.005105503232826423

mean_time: , 37869.72003321648
best_solution: , 0.5702823179791976
worst_solution: , 0.5831845238095238
mean_solution: , 0.577721268781284
std_solution: , 0.005105503232826423



solutions runs are : 



0.5730585204269415

0.5818681318681319

0.5831845238095238

0.5802128498226251

0.5702823179791976

