# Scenario 271
Mean curve: 0.7326666666666667,0.7420833333333333,0.7541666666666667,0.758,0.7613333333333333,0.7645,0.7645,0.7654166666666666,0.7665833333333334,0.7690833333333333,0.7695000000000001,0.7701666666666667,0.773,0.7738333333333334,0.7738333333333334,0.7774166666666666,0.7800833333333334,0.7800833333333334,0.7823333333333332,0.7829166666666666,0.786,0.786,0.7865833333333334,0.7871666666666667,0.7871666666666667,0.7889999999999999,0.7889999999999999,0.7889999999999999,0.7894166666666667,0.7908333333333333,0.7909166666666667,0.7915000000000001,0.7915000000000001,0.7965000000000001,0.7969166666666667,0.7969166666666667,0.7985833333333333,0.8013333333333333,0.8013333333333333,0.8013333333333333,0.8045833333333334,0.8051666666666666,0.8051666666666666,0.8051666666666666,0.8051666666666666,0.8070833333333333,0.8070833333333333,0.8070833333333333,0.8094166666666667,0.8094166666666667,0.8096666666666665,0.8096666666666665,0.8096666666666665,0.8104999999999999,0.8109166666666665,0.8114999999999999,0.8132499999999998,0.8132499999999998,0.81525,0.8165000000000001,0.8165000000000001,0.8169166666666667,0.8174166666666667,0.8174166666666667,0.8174166666666667,0.8174166666666667,0.8184166666666666,0.8184166666666666,0.8184166666666666,0.8184166666666666,0.8184166666666666,0.8184166666666666,0.8189166666666667,0.8189166666666667,0.8189166666666667,0.8189166666666667,0.8189166666666667,0.8189166666666667,0.8189166666666667,0.8189166666666667,0.8189166666666667,0.8189166666666667,0.81925,0.8209166666666666,0.82325,0.8233333333333335,0.8233333333333335,0.8233333333333335,0.8233333333333335,0.8245833333333333,0.8245833333333333,0.826,0.826,0.826,0.826,0.82675,0.828,0.828,0.828,0.82875
Std curve: 0.008849042634972172,0.008283182426526089,0.017055872237378453,0.0133109186593396,0.009366755634215653,0.010176907410625482,0.010176907410625482,0.009420721840708367,0.008922505876216093,0.007304869000270351,0.007543392988422212,0.006360686545753779,0.0031993923034087258,0.001775606312721861,0.001775606312721861,0.0044984565254219365,0.006310265005880862,0.006310265005880862,0.007846619937555564,0.008066563360220045,0.004584090846491679,0.004584090846491679,0.003795099178911887,0.004043169823569395,0.004043169823569395,0.003339577484918986,0.003339577484918986,0.003339577484918986,0.002535854009117165,0.0038640077064565413,0.003730504880933209,0.00395811402901262,0.00395811402901262,0.008985327546122662,0.008476274076634253,0.008476274076634253,0.00773968848066752,0.005460718308468608,0.005460718308468608,0.005460718308468608,0.006258327785172843,0.005765076852142639,0.005765076852142639,0.005765076852142639,0.005765076852142639,0.005737304826019484,0.005737304826019484,0.005737304826019484,0.006064468466220068,0.006064468466220068,0.005611248623177469,0.005611248623177469,0.005611248623177469,0.0041783170455738875,0.004043169823569402,0.0030573227213073514,0.0021634591642911943,0.0021634591642911943,0.005417307654381682,0.004849112175325405,0.004849112175325405,0.004414307546049698,0.004498456525421954,0.004498456525421954,0.004498456525421954,0.004498456525421954,0.005266508436441688,0.005266508436441688,0.005266508436441688,0.005266508436441688,0.005266508436441688,0.005266508436441688,0.004820384954659881,0.004820384954659881,0.004820384954659881,0.004820384954659881,0.004820384954659881,0.004820384954659881,0.004820384954659881,0.004820384954659881,0.004820384954659881,0.004820384954659881,0.005213497439872357,0.007671194315243373,0.010176907410625524,0.010110500592068736,0.010110500592068736,0.010110500592068736,0.010110500592068736,0.009417035391011103,0.009417035391011103,0.01154580250807867,0.01154580250807867,0.01154580250807867,0.01154580250807867,0.011360262125301317,0.010166666666666671,0.010166666666666671,0.010166666666666671,0.01142305174246845

mean_time: , 12516.234209680557
best_solution: , 0.81625
worst_solution: , 0.8483333333333334
mean_solution: , 0.82875
std_solution: , 0.01142305174246845



solutions runs are : 



0.81625

0.83375

0.82

0.8254166666666667

0.8483333333333334

