# Scenario 109
Mean curve: 0.7941666666666667,0.8039999999999999,0.8151666666666666,0.8188333333333333,0.821,0.8266666666666665,0.8363333333333335,0.8420000000000002,0.8435,0.8445,0.8445,0.8445,0.8463333333333335,0.8463333333333335,0.8491666666666667,0.8491666666666667,0.8583333333333334,0.8583333333333334,0.8583333333333334,0.8583333333333334,0.8583333333333334,0.859,0.859,0.859,0.8615,0.867,0.867,0.867,0.867,0.867,0.867,0.8671666666666666,0.8699999999999999,0.8718333333333333,0.8718333333333333,0.8718333333333333,0.8718333333333333,0.8718333333333333,0.8721666666666668,0.8721666666666668,0.8721666666666668,0.8721666666666668,0.8734999999999999,0.8734999999999999,0.8734999999999999,0.8738333333333334,0.8738333333333334,0.8816666666666666,0.8828333333333334,0.8828333333333334,0.8831666666666667,0.8831666666666667,0.8835000000000001,0.8835000000000001,0.8835000000000001,0.8835000000000001,0.8835000000000001,0.8835000000000001,0.8835000000000001,0.8835000000000001,0.8836666666666668,0.8836666666666668,0.8836666666666668,0.8836666666666668,0.8855000000000001,0.8855000000000001,0.8855000000000001,0.8855000000000001,0.8855000000000001,0.8855000000000001,0.8855000000000001,0.8855000000000001,0.8855000000000001,0.8855000000000001,0.8886666666666667,0.8886666666666667,0.8898333333333334,0.89,0.8923333333333334,0.8923333333333334,0.8923333333333334,0.8923333333333334,0.8925000000000001,0.8925000000000001,0.893,0.893,0.893,0.893,0.893,0.893,0.893,0.893,0.8969999999999999,0.8969999999999999,0.898,0.898,0.898,0.898,0.9038333333333334,0.9043333333333333
Std curve: 0.018892973414591053,0.01294647099062564,0.009623466688834695,0.007003967129816912,0.009043106644167045,0.012472191289246494,0.013161391348266402,0.007102425250887484,0.0069602043392736805,0.00710242525088749,0.00710242525088749,0.00710242525088749,0.007845734863959852,0.007845734863959852,0.0049441323247304296,0.0049441323247304296,0.010434983894999032,0.010434983894999032,0.010434983894999032,0.010434983894999032,0.010434983894999032,0.010033277962194958,0.010033277962194958,0.010033277962194958,0.011965227397198389,0.01354621718414408,0.01354621718414408,0.01354621718414408,0.01354621718414408,0.01354621718414408,0.01354621718414408,0.013648361725048842,0.012030054955079063,0.008698658900466604,0.008698658900466604,0.008698658900466604,0.008698658900466604,0.008698658900466604,0.008875684637129568,0.008875684637129568,0.008875684637129568,0.008875684637129568,0.006674994798166957,0.006674994798166957,0.006674994798166957,0.006904105059069359,0.006904105059069359,0.01940790217067953,0.018421002506197475,0.018421002506197475,0.018168960099882194,0.018168960099882194,0.018814887722226795,0.018814887722226795,0.018814887722226795,0.018814887722226795,0.018814887722226795,0.018814887722226795,0.018814887722226795,0.018814887722226795,0.018690461025168262,0.018690461025168262,0.018690461025168262,0.018690461025168262,0.017682382946499806,0.017682382946499806,0.017682382946499806,0.017682382946499806,0.017682382946499806,0.017682382946499806,0.017682382946499806,0.017682382946499806,0.017682382946499806,0.017682382946499806,0.018124568960391864,0.018124568960391864,0.017040800711495014,0.01693943459636255,0.01570031846810759,0.01570031846810759,0.01570031846810759,0.01570031846810759,0.015527752931802826,0.015527752931802826,0.01515292417690762,0.01515292417690762,0.01515292417690762,0.01515292417690762,0.01515292417690762,0.01515292417690762,0.01515292417690762,0.01515292417690762,0.0127649694259111,0.0127649694259111,0.012959338117529196,0.012959338117529196,0.012959338117529196,0.012959338117529196,0.010974718422102918,0.011730776236511867

mean_time: , 4345.58046374321
best_solution: , 0.8883333333333333
worst_solution: , 0.9225
mean_solution: , 0.9043333333333333
std_solution: , 0.011730776236511867



solutions runs are : 



0.8883333333333333

0.9225

0.9108333333333334

0.8966666666666666

0.9033333333333333

