# Scenario 245
Mean curve: 0.7151666666666667,0.7242777777777777,0.7276666666666666,0.7323888888888889,0.7372777777777777,0.7396111111111112,0.7396666666666667,0.7489999999999999,0.7518333333333332,0.7553888888888889,0.7553888888888889,0.7570555555555555,0.7580555555555555,0.7618333333333334,0.7648333333333334,0.7665000000000001,0.7665000000000001,0.7688333333333333,0.7688333333333333,0.7688333333333333,0.7688333333333333,0.7689999999999999,0.7697777777777779,0.772888888888889,0.7739444444444444,0.7742777777777776,0.7825555555555554,0.7827222222222222,0.7827222222222222,0.7827777777777778,0.7827777777777778,0.7827777777777778,0.7833333333333334,0.7833333333333334,0.7838333333333335,0.7853888888888889,0.7853888888888889,0.7857222222222223,0.7857222222222223,0.7857222222222223,0.7875,0.7897777777777778,0.7927777777777779,0.794,0.794,0.7941111111111112,0.7966666666666667,0.7966666666666667,0.7966666666666667,0.7985000000000001,0.7994444444444445,0.8005000000000001,0.8005000000000001,0.8005000000000001,0.8005000000000001,0.8015000000000001,0.8019444444444443,0.8019444444444443,0.8021666666666667,0.8035555555555556,0.8038888888888888,0.8038888888888888,0.8049444444444444,0.8049444444444444,0.8053333333333335,0.8067222222222223,0.8067222222222223,0.8067222222222223,0.8067222222222223,0.8067222222222223,0.8067222222222223,0.8088333333333335,0.8125,0.8129444444444445,0.8129444444444445,0.8132777777777779,0.8156666666666667,0.8161111111111111,0.8182222222222222,0.8182222222222222,0.8182222222222222,0.8182222222222222,0.8182222222222222,0.8182222222222222,0.8182222222222222,0.8182222222222222,0.8184444444444445,0.8184444444444445,0.8184444444444445,0.8193333333333334,0.8193333333333334,0.8193333333333334,0.8193333333333334,0.8193333333333334,0.8200000000000001,0.8208333333333334,0.8208333333333334,0.8208333333333334,0.8208333333333334,0.8225
Std curve: 0.006227676181151673,0.006504034835069899,0.0034183600139811358,0.0054308219599333,0.0030951973949298016,0.005090538306202365,0.005010482838170876,0.011455226851626399,0.011375466345073576,0.011903158622197102,0.011903158622197102,0.010655375968826113,0.009299542003855974,0.0063818802136775075,0.004732342097565966,0.005339117234103966,0.005339117234103966,0.0026434171674156043,0.0026434171674156043,0.0026434171674156043,0.0026434171674156043,0.0026678238230095257,0.0019984561942894305,0.003985312540991336,0.004283185614976995,0.003926799343793856,0.007941530157001756,0.00792402192430022,0.00792402192430022,0.00784691493990309,0.00784691493990309,0.00784691493990309,0.007185805624224456,0.007185805624224456,0.007216664528269291,0.005705206632195675,0.005705206632195675,0.005557221972297213,0.005557221972297213,0.005557221972297213,0.005662852747032025,0.005147215476400221,0.0043033148291193625,0.0035728744868474536,0.0035728744868474536,0.003610683735393761,0.0044025806124797645,0.0044025806124797645,0.0044025806124797645,0.0055182077963728815,0.0049253689465114285,0.006172419738813842,0.006172419738813842,0.006172419738813842,0.006172419738813842,0.007187094057242764,0.007062332703142536,0.007062332703142536,0.006953105709849778,0.005111111111111114,0.004975247372719578,0.004975247372719578,0.006534334768298734,0.006534334768298734,0.006825424510833484,0.006266706067646034,0.006266706067646034,0.006266706067646034,0.006266706067646034,0.006266706067646034,0.006266706067646034,0.007012774939043684,0.004969039949999542,0.0053794304164045265,0.0053794304164045265,0.004793256580027308,0.006944666663111221,0.00699426572889676,0.006755427630367729,0.006755427630367729,0.006755427630367729,0.006755427630367729,0.006755427630367729,0.006755427630367729,0.006755427630367729,0.006755427630367729,0.006408424239590262,0.006408424239590262,0.006408424239590262,0.005171741832327566,0.005171741832327566,0.005171741832327566,0.005171741832327566,0.005171741832327566,0.004489356411297074,0.004131331653906257,0.004131331653906257,0.004131331653906257,0.004131331653906257,0.00722862963636627

mean_time: , 13401.338182210922
best_solution: , 0.8161111111111111
worst_solution: , 0.8363888888888888
mean_solution: , 0.8225
std_solution: , 0.00722862963636627



solutions runs are : 



0.8161111111111111

0.8363888888888888

0.8202777777777778

0.8219444444444445

0.8177777777777778

