# Scenario 495
Mean curve: 0.7512999999999999,0.7551999999999999,0.7577999999999999,0.7584,0.7587999999999999,0.7592,0.76,0.76,0.76,0.76,0.76,0.7615999999999999,0.7619999999999999,0.7619999999999999,0.7619999999999999,0.7619999999999999,0.7619999999999999,0.7619999999999999,0.7619999999999999,0.7619999999999999,0.7619999999999999,0.7619999999999999,0.7619999999999999,0.7619999999999999,0.7635,0.7635,0.7635,0.7635,0.7635,0.7635,0.7635,0.7635,0.7635,0.7635,0.7635,0.7635,0.7635,0.7635,0.7635,0.7635,0.7635,0.7635,0.7635,0.7635,0.7635,0.7635,0.7635,0.7635,0.7635,0.7635,0.7635,0.7635,0.7635,0.7635,0.7635,0.7635,0.7635,0.7635,0.7635,0.7635,0.7635,0.7635,0.7635,0.7635,0.7635,0.7635,0.7635,0.7635,0.7635,0.7635,0.7635,0.7635,0.7635,0.7635,0.7635,0.7635,0.7635,0.7635,0.7635,0.7635,0.7635,0.7635,0.7635,0.7635,0.7635,0.7635,0.7635,0.7635,0.7635,0.7635,0.7635,0.7635,0.7635,0.7635,0.7635,0.7635,0.7635,0.7635,0.7635,0.7635
Std curve: 0.007839642849007832,0.0061935450268807805,0.009086253353280414,0.008522910301065004,0.008207313811473277,0.00798498591107085,0.007771743691090176,0.007771743691090176,0.007771743691090176,0.007771743691090176,0.007771743691090176,0.008309031231136391,0.007797435475847166,0.007797435475847166,0.007797435475847166,0.007797435475847166,0.007797435475847166,0.007797435475847166,0.007797435475847166,0.007797435475847166,0.007797435475847166,0.007797435475847166,0.007797435475847166,0.007797435475847166,0.009289779329994884,0.009289779329994884,0.009289779329994884,0.009289779329994884,0.009289779329994884,0.009289779329994884,0.009289779329994884,0.009289779329994884,0.009289779329994884,0.009289779329994884,0.009289779329994884,0.009289779329994884,0.009289779329994884,0.009289779329994884,0.009289779329994884,0.009289779329994884,0.009289779329994884,0.009289779329994884,0.009289779329994884,0.009289779329994884,0.009289779329994884,0.009289779329994884,0.009289779329994884,0.009289779329994884,0.009289779329994884,0.009289779329994884,0.009289779329994884,0.009289779329994884,0.009289779329994884,0.009289779329994884,0.009289779329994884,0.009289779329994884,0.009289779329994884,0.009289779329994884,0.009289779329994884,0.009289779329994884,0.009289779329994884,0.009289779329994884,0.009289779329994884,0.009289779329994884,0.009289779329994884,0.009289779329994884,0.009289779329994884,0.009289779329994884,0.009289779329994884,0.009289779329994884,0.009289779329994884,0.009289779329994884,0.009289779329994884,0.009289779329994884,0.009289779329994884,0.009289779329994884,0.009289779329994884,0.009289779329994884,0.009289779329994884,0.009289779329994884,0.009289779329994884,0.009289779329994884,0.009289779329994884,0.009289779329994884,0.009289779329994884,0.009289779329994884,0.009289779329994884,0.009289779329994884,0.009289779329994884,0.009289779329994884,0.009289779329994884,0.009289779329994884,0.009289779329994884,0.009289779329994884,0.009289779329994884,0.009289779329994884,0.009289779329994884,0.009289779329994884,0.009289779329994884,0.009289779329994884

mean_time: , 15537.718073225022
best_solution: , 0.7525
worst_solution: , 0.775
mean_solution: , 0.7635
std_solution: , 0.009289779329994884



solutions runs are : 



0.775

0.753

0.7525

0.7715

0.7655

