# Scenario 45
Mean curve: 0.7289999999999999,0.7402222222222222,0.7560555555555555,0.7714444444444444,0.7819444444444444,0.7909444444444444,0.8009444444444445,0.8093333333333333,0.8176111111111112,0.825,0.8328333333333333,0.8375555555555556,0.8460555555555554,0.8496666666666666,0.8546666666666667,0.8564444444444443,0.8618333333333335,0.8648888888888889,0.8702777777777777,0.8727777777777777,0.8753333333333332,0.8777222222222223,0.8803888888888889,0.8841666666666665,0.8862777777777777,0.8895000000000002,0.8911666666666667,0.8950000000000001,0.9005555555555554,0.9033333333333333,0.9039999999999999,0.9057777777777778,0.9080555555555556,0.908611111111111,0.9092222222222223,0.9094444444444445,0.9105000000000001,0.9123333333333334,0.9145,0.916,0.9168333333333335,0.9176666666666667,0.9178333333333333,0.9178333333333333,0.9178333333333333,0.9178333333333333,0.9178333333333333,0.9178333333333333,0.9182222222222223,0.9193333333333333,0.919888888888889,0.9220555555555556,0.9248333333333333,0.9248333333333333,0.9250555555555555,0.9258333333333335,0.9258333333333335,0.9275555555555556,0.9275555555555556,0.9275555555555556,0.9275555555555556,0.9275555555555556,0.9279444444444446,0.9280000000000002,0.9280000000000002,0.9291111111111112,0.9291111111111112,0.9291111111111112,0.9291111111111112,0.9291111111111112,0.9292222222222224,0.9292222222222224,0.9292222222222224,0.9292222222222224,0.9303888888888888,0.9303888888888888,0.9304444444444444,0.9304444444444444,0.9306666666666666,0.9320555555555556,0.9323888888888889,0.9323888888888889,0.9323888888888889,0.9323888888888889,0.9323888888888889,0.9323888888888889,0.9323888888888889,0.9323888888888889,0.9335555555555557,0.9335555555555557,0.9342777777777778,0.9342777777777778,0.9342777777777778,0.9346666666666668,0.9346666666666668,0.9346666666666668,0.9346666666666668,0.9346666666666668,0.9346666666666668,0.9361666666666666
Std curve: 0.008360326652015167,0.0049795879645103455,0.0067022200117886266,0.006999559069005271,0.0062360956446232485,0.008164209758920613,0.009973111999920735,0.009846977351601992,0.013829428275230801,0.010150107948097132,0.01015375622280242,0.007672702937711729,0.00809358837843303,0.010117214275251757,0.007154382236446773,0.008451751224771833,0.011638325364241623,0.010546194679704225,0.007909597233428628,0.008540029201673283,0.01015527595044221,0.00827274268939498,0.008786915075452234,0.011591024624762542,0.009499187749551777,0.007427426651719056,0.00852266404765176,0.01026049598108094,0.011932164229923952,0.007724020573973125,0.00799034911705023,0.006600130937720977,0.008669159185737322,0.007971786670254628,0.007937642776007635,0.008056513353021115,0.007052273952508806,0.00487054639873412,0.006917503296121464,0.007774999503790977,0.008164209758920566,0.006984550852938473,0.006827685109216528,0.006827685109216528,0.006827685109216528,0.006827685109216528,0.006827685109216528,0.006827685109216528,0.007115883815039114,0.005849448639206607,0.0059644005628457005,0.008537498983243815,0.005804425727381768,0.005804425727381768,0.005911904708632462,0.005741338081228369,0.005741338081228369,0.005344317392807217,0.005344317392807217,0.005344317392807217,0.005344317392807217,0.005344317392807217,0.005456336219320761,0.005481168659742484,0.005481168659742484,0.006520149206805956,0.006520149206805956,0.006520149206805956,0.006520149206805956,0.006520149206805956,0.006669906620110027,0.006669906620110027,0.006669906620110027,0.006669906620110027,0.006773678177281721,0.006773678177281721,0.0066773063246406954,0.0066773063246406954,0.0062966775483701,0.004211243035166056,0.004077187362646397,0.004077187362646397,0.004077187362646397,0.004077187362646397,0.004077187362646397,0.004077187362646397,0.004077187362646397,0.004077187362646397,0.005994853760096104,0.005994853760096104,0.0053362260673602835,0.0053362260673602835,0.0053362260673602835,0.0051171461954086575,0.0051171461954086575,0.0051171461954086575,0.0051171461954086575,0.0051171461954086575,0.0051171461954086575,0.005035062249054322

mean_time: , 13559.769402599335
best_solution: , 0.9297222222222222
worst_solution: , 0.9441666666666667
mean_solution: , 0.9361666666666666
std_solution: , 0.005035062249054322



solutions runs are : 



0.9297222222222222

0.9325

0.9388888888888889

0.9441666666666667

0.9355555555555556

