# Scenario 391
Mean curve: 0.7090666666666665,0.7162666666666667,0.7236666666666667,0.7304666666666666,0.7319333333333333,0.7329999999999999,0.7339333333333333,0.7339333333333333,0.7343333333333333,0.7343333333333333,0.7343333333333333,0.7347333333333333,0.7373333333333333,0.7373333333333333,0.7375333333333333,0.7375333333333333,0.7375333333333333,0.7378666666666667,0.7378666666666667,0.7382666666666667,0.7389333333333333,0.7397333333333332,0.7399333333333333,0.7399333333333333,0.7402666666666666,0.7402666666666666,0.7402666666666666,0.7434666666666667,0.7450666666666667,0.7457333333333334,0.7468,0.7468,0.7486666666666667,0.7505333333333333,0.7520666666666667,0.7548666666666666,0.7548666666666666,0.7548666666666666,0.7550666666666667,0.7550666666666667,0.7550666666666667,0.7550666666666667,0.7550666666666667,0.7553333333333334,0.7553333333333334,0.7555333333333334,0.7555333333333334,0.7555333333333334,0.7555333333333334,0.7556666666666667,0.7556666666666667,0.7556666666666667,0.7556666666666667,0.7584666666666666,0.7584666666666666,0.7584666666666666,0.7587333333333333,0.7588,0.7588,0.7595333333333334,0.7595333333333334,0.7595333333333334,0.7595333333333334,0.7595333333333334,0.7595333333333334,0.7595333333333334,0.7598,0.7604,0.7604,0.7604,0.7612,0.7612,0.7612,0.7612,0.7621333333333333,0.7621333333333333,0.7631333333333334,0.7631333333333334,0.7638,0.7638,0.764,0.7648,0.7648,0.7659333333333334,0.7662666666666667,0.7662666666666667,0.7664666666666666,0.768,0.768,0.7680666666666667,0.7680666666666667,0.7682666666666667,0.7682666666666667,0.7689333333333334,0.7689333333333334,0.7689333333333334,0.7689333333333334,0.7696666666666667,0.7696666666666667,0.7699333333333334
Std curve: 0.006557099629832993,0.00852551725377668,0.005951657098844149,0.005119027685453982,0.005878019318708578,0.007089898917944222,0.007692420511993174,0.007692420511993174,0.007474400756359446,0.007474400756359446,0.007474400756359446,0.006887670143089025,0.0050990195135928,0.0050990195135928,0.005114684741017782,0.005114684741017782,0.005114684741017782,0.004669522935423326,0.004669522935423326,0.005380623673061624,0.00473004580668448,0.006280127387243045,0.006671331701142346,0.006671331701142346,0.007325450308494532,0.007325450308494532,0.007325450308494532,0.008245133244661517,0.01102401419125036,0.010939022909849975,0.010414946524640032,0.010414946524640032,0.012243819302452642,0.012592060990957795,0.015054567413247068,0.013075167302944937,0.013075167302944937,0.013075167302944937,0.012857164021146616,0.012857164021146616,0.012857164021146616,0.012857164021146616,0.012857164021146616,0.012963195765105328,0.012963195765105328,0.01305645859761028,0.01305645859761028,0.01305645859761028,0.01305645859761028,0.013125039682479711,0.013125039682479711,0.013125039682479711,0.013125039682479711,0.012073110618229249,0.012073110618229249,0.012073110618229249,0.011956216421222519,0.011911898813091614,0.011911898813091614,0.011102752411501883,0.011102752411501883,0.011102752411501883,0.011102752411501883,0.011102752411501883,0.011102752411501883,0.011102752411501883,0.011301130720222449,0.011386932081215807,0.011386932081215807,0.011386932081215807,0.011647794259477215,0.011647794259477215,0.011647794259477215,0.011647794259477215,0.011501883903662599,0.011501883903662599,0.01083328205116065,0.01083328205116065,0.009925500267268912,0.009925500267268912,0.009849985899595081,0.010701194118207333,0.010701194118207333,0.010501640083550957,0.010877908295664604,0.010877908295664604,0.010886484995422328,0.011427063392568439,0.011427063392568439,0.011491832848689628,0.011491832848689628,0.011693112882756613,0.011693112882756613,0.01227173808209559,0.01227173808209559,0.01227173808209559,0.01227173808209559,0.012713946847633264,0.012713946847633264,0.01294672845848622

mean_time: , 18059.307131910326
best_solution: , 0.751
worst_solution: , 0.7816666666666666
mean_solution: , 0.7699333333333334
std_solution: , 0.01294672845848622



solutions runs are : 



0.7576666666666667

0.7786666666666666

0.751

0.7816666666666666

0.7806666666666666

