# Scenario 101
Mean curve: 0.7044214076468734,0.7077128993800659,0.7166069749809844,0.7195021974836442,0.7195021974836442,0.7248106811550964,0.7343789386600248,0.7343789386600248,0.739643909533037,0.739643909533037,0.7456798962064873,0.7456798962064873,0.747868432309007,0.7525812418017992,0.7537834212948612,0.7537834212948612,0.7537834212948612,0.7591202475729394,0.7591202475729394,0.7591202475729394,0.7591202475729394,0.7591202475729394,0.7591202475729394,0.7591202475729394,0.7591202475729394,0.7622138242608709,0.7661664865757605,0.7661664865757605,0.7665524126905601,0.7665524126905601,0.7665524126905601,0.7665524126905601,0.7665524126905601,0.7665524126905601,0.7665524126905601,0.7675742797537763,0.7748692735117,0.7752043867890805,0.7752043867890805,0.7752043867890805,0.7769451043244479,0.7769451043244479,0.7769451043244479,0.7769451043244479,0.7769451043244479,0.7769451043244479,0.7836524628335112,0.7836524628335112,0.7836524628335112,0.7836524628335112,0.7836524628335112,0.7836524628335112,0.7836524628335112,0.7836524628335112,0.7836524628335112,0.7836524628335112,0.7836524628335112,0.7880363000572952,0.7898943139344955,0.7898943139344955,0.7910918879734951,0.7910918879734951,0.7910918879734951,0.7910918879734951,0.7910918879734951,0.7910918879734951,0.7910918879734951,0.7910918879734951,0.7910918879734951,0.7910918879734951,0.7914203369047492,0.7914203369047492,0.7914203369047492,0.7914203369047492,0.7914203369047492,0.7928885572860296,0.7928885572860296,0.7928885572860296,0.7928885572860296,0.7928885572860296,0.794056377120516,0.794056377120516,0.794056377120516,0.794056377120516,0.794056377120516,0.794056377120516,0.794056377120516,0.794056377120516,0.794056377120516,0.794056377120516,0.794056377120516,0.7953997045535931,0.7953997045535931,0.7953997045535931,0.7953997045535931,0.8053448988494145,0.8053448988494145,0.8053448988494145,0.8053448988494145,0.8057248223600402
Std curve: 0.004465781624501996,0.005477293340300058,0.005517648087159587,0.007241934805119436,0.007241934805119436,0.004959958790128196,0.0067482214864016095,0.0067482214864016095,0.011319187600469344,0.011319187600469344,0.009494390622250465,0.009494390622250465,0.010846621026211742,0.013016988000292053,0.013721949145578215,0.013721949145578215,0.013721949145578215,0.006218787907189252,0.006218787907189252,0.006218787907189252,0.006218787907189252,0.006218787907189252,0.006218787907189252,0.006218787907189252,0.006218787907189252,0.011349531632186478,0.00963853114745738,0.00963853114745738,0.009359618283555632,0.009359618283555632,0.009359618283555632,0.009359618283555632,0.009359618283555632,0.009359618283555632,0.009359618283555632,0.009306954544078573,0.011285182608000615,0.0108695227707822,0.0108695227707822,0.0108695227707822,0.009206835707625385,0.009206835707625385,0.009206835707625385,0.009206835707625385,0.009206835707625385,0.009206835707625385,0.021680610218193477,0.021680610218193477,0.021680610218193477,0.021680610218193477,0.021680610218193477,0.021680610218193477,0.021680610218193477,0.021680610218193477,0.021680610218193477,0.021680610218193477,0.021680610218193477,0.020846364130873832,0.019446065405381362,0.019446065405381362,0.018879101157284472,0.018879101157284472,0.018879101157284472,0.018879101157284472,0.018879101157284472,0.018879101157284472,0.018879101157284472,0.018879101157284472,0.018879101157284472,0.018879101157284472,0.01855675188123983,0.01855675188123983,0.01855675188123983,0.01855675188123983,0.01855675188123983,0.01811520776338536,0.01811520776338536,0.01811520776338536,0.01811520776338536,0.01811520776338536,0.016798065264964315,0.016798065264964315,0.016798065264964315,0.016798065264964315,0.016798065264964315,0.016798065264964315,0.016798065264964315,0.016798065264964315,0.016798065264964315,0.016798065264964315,0.016798065264964315,0.015581122330247712,0.015581122330247712,0.015581122330247712,0.015581122330247712,0.01947231810694385,0.01947231810694385,0.01947231810694385,0.01947231810694385,0.01926165239056247

mean_time: , 7406.471388339996
best_solution: , 0.7847222222222222
worst_solution: , 0.8294175232501224
mean_solution: , 0.8057248223600402
std_solution: , 0.01926165239056247



solutions runs are : 



0.7903107413750917

0.7847222222222222

0.7957457713992824

0.8284278535534817

0.8294175232501224

