# Scenario 103
Mean curve: 0.6722878203728833,0.6740441580595984,0.6826506240976075,0.6905754978459473,0.695944018955101,0.7004753146917937,0.7004753146917937,0.7053234652158084,0.712933430035329,0.7148915753069213,0.7173530247679301,0.7173530247679301,0.7173530247679301,0.7232286844026458,0.7232286844026458,0.7232286844026458,0.7232286844026458,0.7232535428259339,0.7260038772292117,0.7302311605940327,0.7311524087851075,0.7311524087851075,0.7338036395649554,0.7338036395649554,0.7338036395649554,0.7338036395649554,0.7349634273079109,0.7349634273079109,0.7425353632399341,0.7425353632399341,0.7425353632399341,0.7450456479659062,0.7450456479659062,0.7450456479659062,0.7458231586695859,0.7465802245004828,0.7471067852003387,0.7471067852003387,0.7508197738434556,0.7508197738434556,0.7519747892202686,0.7519747892202686,0.7519747892202686,0.7519747892202686,0.7519747892202686,0.7519747892202686,0.7519747892202686,0.7519747892202686,0.7519747892202686,0.7541204177219605,0.7541204177219605,0.7553975781106566,0.759451703403311,0.759451703403311,0.759451703403311,0.759451703403311,0.759451703403311,0.759451703403311,0.759451703403311,0.759451703403311,0.759451703403311,0.7598641727454136,0.7631673175073582,0.7635788757173938,0.7635788757173938,0.7635788757173938,0.7635788757173938,0.7635788757173938,0.7635788757173938,0.7635788757173938,0.7635788757173938,0.7635788757173938,0.7635788757173938,0.7640419311296218,0.7640419311296218,0.764917365696736,0.764917365696736,0.7653446552652958,0.7653446552652958,0.7653446552652958,0.7653446552652958,0.7653446552652958,0.7695150920576921,0.7695150920576921,0.7695150920576921,0.7719793601700627,0.7719793601700627,0.7719793601700627,0.7719793601700627,0.7719793601700627,0.7719793601700627,0.7719793601700627,0.7719793601700627,0.7719793601700627,0.7719793601700627,0.7719793601700627,0.7720528664058262,0.7720528664058262,0.7720528664058262,0.7722034732548881
Std curve: 0.011214899801665299,0.012516271052456144,0.00915494024496729,0.013349622571820072,0.009881969842082025,0.010670391132105835,0.010670391132105835,0.011244503275088562,0.0029212799560711087,0.004085505063913256,0.0029242454722011807,0.0029242454722011807,0.0029242454722011807,0.011250948695819713,0.011250948695819713,0.011250948695819713,0.011250948695819713,0.011227518637006675,0.011971549873896193,0.012283510539560737,0.011573759366630647,0.011573759366630647,0.008721543486812788,0.008721543486812788,0.008721543486812788,0.008721543486812788,0.007671992305287164,0.007671992305287164,0.018176760721594167,0.018176760721594167,0.018176760721594167,0.01705661417610656,0.01705661417610656,0.01705661417610656,0.01695457040837635,0.016991915470939683,0.016837820785050656,0.016837820785050656,0.012933633979403543,0.012933633979403543,0.01245134664204547,0.01245134664204547,0.01245134664204547,0.01245134664204547,0.01245134664204547,0.01245134664204547,0.01245134664204547,0.01245134664204547,0.01245134664204547,0.011540942873691423,0.011540942873691423,0.01125167960342611,0.009622974767581205,0.009622974767581205,0.009622974767581205,0.009622974767581205,0.009622974767581205,0.009622974767581205,0.009622974767581205,0.009622974767581205,0.009622974767581205,0.009482385528437257,0.009504567043221506,0.009289477296739792,0.009289477296739792,0.009289477296739792,0.009289477296739792,0.009289477296739792,0.009289477296739792,0.009289477296739792,0.009289477296739792,0.009289477296739792,0.009289477296739792,0.009325005113712976,0.009325005113712976,0.009058310611601955,0.009058310611601955,0.008313977100883347,0.008313977100883347,0.008313977100883347,0.008313977100883347,0.008313977100883347,0.011241723298404695,0.011241723298404695,0.011241723298404695,0.012339169863013387,0.012339169863013387,0.012339169863013387,0.012339169863013387,0.012339169863013387,0.012339169863013387,0.012339169863013387,0.012339169863013387,0.012339169863013387,0.012339169863013387,0.012339169863013387,0.012214847743022762,0.012214847743022762,0.012214847743022762,0.012270402738097784

mean_time: , 7017.189412403107
best_solution: , 0.7514356029532404
worst_solution: , 0.7847202499289975
mean_solution: , 0.7722034732548881
std_solution: , 0.012270402738097784



solutions runs are : 



0.7770206766917294

0.7656821378340366

0.7821586988664366

0.7514356029532404

0.7847202499289975

