# Scenario 284
Mean curve: 0.48143054886125586,0.48368972595753157,0.4875996161915568,0.4902643215866037,0.49121219485640194,0.4939448083678048,0.496696581010338,0.4978409546458857,0.49996823624738873,0.5055628447842082,0.5062819567533202,0.5086091324511856,0.509372944161863,0.5108737471386394,0.5121902385730929,0.5121902385730929,0.5142900168965866,0.5142900168965866,0.5148231836540514,0.5152989911893279,0.5172843003551877,0.5174811638507715,0.5191608857901043,0.5195686195489794,0.5199557273516346,0.5214346250610383,0.5214346250610383,0.5225752861051232,0.5228264094137755,0.5240488123189235,0.5240891100259548,0.5245572995537242,0.5245572995537242,0.5265619217812493,0.5270437993332846,0.5287636442808917,0.5302093562895831,0.5317060902555572,0.5321519373605801,0.5342400832572366,0.5342400832572366,0.5342400832572366,0.5342400832572366,0.5342400832572366,0.5342400832572366,0.5367489009972659,0.5367489009972659,0.5378131278234954,0.5385310630338509,0.5385310630338509,0.5390001814456741,0.5390001814456741,0.5399870859816391,0.5408223544200984,0.5408223544200984,0.5408223544200984,0.540943283412905,0.5422244171990478,0.5426995889430819,0.5427624569748282,0.5427624569748282,0.5427624569748282,0.54335392013796,0.54335392013796,0.5436877036212058,0.546233694212441,0.5484504451119041,0.550397269462085,0.551190189382918,0.551190189382918,0.5522862227113948,0.5522862227113948,0.5522862227113948,0.552455551170121,0.552455551170121,0.5532865166402363,0.5537394708882044,0.5537394708882044,0.5537394708882044,0.5537394708882044,0.5537394708882044,0.5537394708882044,0.5537394708882044,0.5537394708882044,0.5539052697858121,0.5539052697858121,0.554060533687748,0.5544775154666209,0.5544775154666209,0.5544775154666209,0.5544775154666209,0.5557214416085062,0.5557214416085062,0.5559632000798075,0.5560655147231076,0.5560655147231076,0.5571320786670148,0.5582145080149686,0.5582145080149686,0.5585775458306768
Std curve: 0.003473088326853581,0.003984541750153324,0.0058562877764383615,0.0046633862106093184,0.004264400018526084,0.004239507069047737,0.004698031744388114,0.0061566338427775855,0.005266413312096978,0.004611567532012526,0.0033833910416312353,0.0028332946479037746,0.00308620713422378,0.001375421075829083,0.003387536036651508,0.003387536036651508,0.0037233104663172358,0.0037233104663172358,0.0035729324161381686,0.0028689465025251706,0.002975380449939216,0.0030639259244945806,0.003863011194276001,0.0031905390975478847,0.0031500799324305486,0.005545268205591561,0.005545268205591561,0.005177208160459039,0.004839245494392799,0.00417678961943566,0.004129672566223073,0.004078826122879867,0.004078826122879867,0.003337151587567625,0.0033080902895983237,0.005039910123488295,0.006456874938412008,0.005122540064549992,0.004886542714059972,0.0033839526494835407,0.0033839526494835407,0.0033839526494835407,0.0033839526494835407,0.0033839526494835407,0.0033839526494835407,0.005319436324678569,0.005319436324678569,0.004393393257068541,0.004398152450985543,0.004398152450985543,0.004647425056466903,0.004647425056466903,0.0035722298831101797,0.003697359635361411,0.003697359635361411,0.003697359635361411,0.0037886549763339558,0.004398775262544138,0.0037505868449780717,0.0037383765673029475,0.0037383765673029475,0.0037383765673029475,0.0034245004719751825,0.0034245004719751825,0.003182436047350196,0.0039872339358456915,0.004182988863479239,0.0029612773053963454,0.0019419363061332707,0.0019419363061332707,0.0014379533044219833,0.0014379533044219833,0.0014379533044219833,0.0014498789180661124,0.0014498789180661124,0.00039864130715997436,0.0011941094464575194,0.0011941094464575194,0.0011941094464575194,0.0011941094464575194,0.0011941094464575194,0.0011941094464575194,0.0011941094464575194,0.0011941094464575194,0.0011082294910493933,0.0011082294910493933,0.0010572928015875607,0.001164350017575007,0.001164350017575007,0.001164350017575007,0.001164350017575007,0.0024503351350164218,0.0024503351350164218,0.0022072005763701897,0.0023990756552300535,0.0023990756552300535,0.0023340226598545528,0.002789021912287534,0.002789021912287534,0.0025151472457421525

mean_time: , 125644.92414226531
best_solution: , 0.5552527646129541
worst_solution: , 0.5614561027837259
mean_solution: , 0.5585775458306768
std_solution: , 0.0025151472457421525



solutions runs are : 



0.5559216902500485

0.5552527646129541

0.5614561027837259

0.5605893186003683

0.5596678529062871

