# Scenario 129
Mean curve: 0.7315833333333333,0.7343333333333333,0.74225,0.7429166666666667,0.7499166666666667,0.7499166666666667,0.7499166666666667,0.7520833333333333,0.7520833333333333,0.7556666666666666,0.7579999999999999,0.7579999999999999,0.7596666666666667,0.7596666666666667,0.7599166666666666,0.7599166666666666,0.7599166666666666,0.7599166666666666,0.7599166666666666,0.7606666666666666,0.7606666666666666,0.7606666666666666,0.7615000000000001,0.7615000000000001,0.7638333333333333,0.7638333333333333,0.764,0.764,0.764,0.764,0.764,0.764,0.764,0.764,0.764,0.764,0.764,0.7649166666666667,0.7649166666666667,0.7658333333333334,0.7658333333333334,0.76825,0.76825,0.76825,0.76825,0.76825,0.769,0.7711666666666667,0.7711666666666667,0.7728333333333333,0.7728333333333333,0.7728333333333333,0.7728333333333333,0.7728333333333333,0.7728333333333333,0.7728333333333333,0.7728333333333333,0.7728333333333333,0.7737499999999999,0.7757499999999999,0.7757499999999999,0.7757499999999999,0.7768333333333333,0.7768333333333333,0.78175,0.78175,0.78175,0.78175,0.78175,0.78175,0.78175,0.78175,0.78175,0.78175,0.78175,0.78175,0.7823333333333332,0.7834166666666667,0.7834166666666667,0.7834166666666667,0.7834166666666667,0.7834166666666667,0.7834166666666667,0.7834166666666667,0.7834166666666667,0.7834166666666667,0.7834166666666667,0.7834166666666667,0.7834166666666667,0.7834166666666667,0.7834166666666667,0.7834166666666667,0.7834166666666667,0.7847500000000001,0.7847500000000001,0.7884166666666667,0.7933333333333332,0.7933333333333332,0.7933333333333332,0.7933333333333332
Std curve: 0.01166785708212479,0.0130931491840411,0.004437842318564793,0.004425306015783926,0.009959640778885783,0.009959640778885783,0.009959640778885783,0.007326701546777757,0.007326701546777757,0.006024256523975937,0.006430180574620146,0.006430180574620146,0.003450040257414096,0.003450040257414096,0.0030663949154957127,0.0030663949154957127,0.0030663949154957127,0.0030663949154957127,0.0030663949154957127,0.0030459444804162043,0.0030459444804162043,0.0030459444804162043,0.0018181186857726232,0.0018181186857726232,0.004017323597731315,0.004017323597731315,0.004027681991198187,0.004027681991198187,0.004027681991198187,0.004027681991198187,0.004027681991198187,0.004027681991198187,0.004027681991198187,0.004027681991198187,0.004027681991198187,0.004027681991198187,0.004027681991198187,0.003274480450731409,0.003274480450731409,0.002981423969999714,0.002981423969999714,0.006023103666530898,0.006023103666530898,0.006023103666530898,0.006023103666530898,0.006023103666530898,0.005525194818083606,0.005318991132410994,0.005318991132410994,0.006299250396321414,0.006299250396321414,0.006299250396321414,0.006299250396321414,0.006299250396321414,0.006299250396321414,0.006299250396321414,0.006299250396321414,0.006299250396321414,0.005210832733621141,0.007946872200921388,0.007946872200921388,0.007946872200921388,0.0069402209378856385,0.0069402209378856385,0.008085480814398104,0.008085480814398104,0.008085480814398104,0.008085480814398104,0.008085480814398104,0.008085480814398104,0.008085480814398104,0.008085480814398104,0.008085480814398104,0.008085480814398104,0.008085480814398104,0.008085480814398104,0.008013010254163731,0.00728106371960092,0.00728106371960092,0.00728106371960092,0.00728106371960092,0.00728106371960092,0.00728106371960092,0.00728106371960092,0.00728106371960092,0.00728106371960092,0.00728106371960092,0.00728106371960092,0.00728106371960092,0.00728106371960092,0.00728106371960092,0.00728106371960092,0.00728106371960092,0.005468343238840959,0.005468343238840959,0.008196374537291178,0.00829574857649655,0.00829574857649655,0.00829574857649655,0.00829574857649655

mean_time: , 7620.081585311889
best_solution: , 0.7804166666666666
worst_solution: , 0.8033333333333333
mean_solution: , 0.7933333333333332
std_solution: , 0.00829574857649655



solutions runs are : 



0.7933333333333333

0.7804166666666666

0.8008333333333333

0.8033333333333333

0.78875

