# Scenario 291
Mean curve: 0.7151333333333334,0.7282666666666666,0.7299999999999999,0.7390666666666666,0.7414666666666667,0.7451333333333333,0.7451333333333333,0.7514666666666667,0.7514666666666667,0.7580666666666667,0.7582666666666666,0.7595333333333334,0.7595333333333334,0.7630000000000001,0.7630000000000001,0.7630000000000001,0.7634000000000001,0.7653333333333332,0.7684666666666666,0.7688666666666666,0.7693333333333332,0.7705333333333333,0.7706000000000001,0.7719333333333334,0.7751333333333333,0.7756666666666666,0.7759333333333334,0.7769999999999999,0.7778666666666666,0.7778666666666666,0.7778666666666666,0.7779999999999999,0.7794000000000001,0.7836666666666666,0.7836666666666666,0.7836666666666666,0.7864,0.7871333333333334,0.7885333333333333,0.7885333333333333,0.7885333333333333,0.7909333333333334,0.7909333333333334,0.7909333333333334,0.7909333333333334,0.7909333333333334,0.7909333333333334,0.7914666666666667,0.7914666666666667,0.7914666666666667,0.7914666666666667,0.7914666666666667,0.7922,0.7937333333333333,0.7937333333333333,0.7937333333333333,0.7937333333333333,0.7937333333333333,0.7937333333333333,0.7937333333333333,0.7937333333333333,0.7944000000000001,0.7944000000000001,0.7946666666666667,0.7952,0.7952,0.7952,0.7965333333333333,0.7965333333333333,0.7967333333333333,0.7998000000000001,0.7998000000000001,0.7998000000000001,0.7998000000000001,0.7998000000000001,0.7999333333333334,0.7999333333333334,0.7999333333333334,0.8013333333333333,0.8018000000000001,0.8019333333333334,0.8019999999999999,0.8021333333333333,0.8021333333333333,0.8042,0.8042,0.8049333333333333,0.8051999999999999,0.8051999999999999,0.8051999999999999,0.8083333333333333,0.8083333333333333,0.8099999999999999,0.8099999999999999,0.8116666666666668,0.8116666666666668,0.8116666666666668,0.8129333333333333,0.8129333333333333,0.813
Std curve: 0.006829999186595047,0.01293127131328463,0.01182276523397881,0.008847849707383424,0.007532448325596269,0.00614491659829487,0.00614491659829487,0.0036307330144506934,0.0036307330144506934,0.010174914687057023,0.010009773002199168,0.009301373853122732,0.009301373853122732,0.007152311203768695,0.007152311203768695,0.007152311203768695,0.006874752520798247,0.006548960901462812,0.00994339535124248,0.009699026297062536,0.009489175119284283,0.010535864674740455,0.010444349881368586,0.009931767214348098,0.007038307877450175,0.006377042156569637,0.006071426704014633,0.00515967268557048,0.0052814139520902205,0.0052814139520902205,0.0052814139520902205,0.005068420748999503,0.004859812524962022,0.004699881795203904,0.004699881795203904,0.004699881795203904,0.007493404507372562,0.00759707546069906,0.0070886450672105914,0.0070886450672105914,0.0070886450672105914,0.006223253882727991,0.006223253882727991,0.006223253882727991,0.006223253882727991,0.006223253882727991,0.006223253882727991,0.006513575566972941,0.006513575566972941,0.006513575566972941,0.006513575566972941,0.006513575566972941,0.006475938370443154,0.0044790872085975885,0.0044790872085975885,0.0044790872085975885,0.0044790872085975885,0.0044790872085975885,0.0044790872085975885,0.0044790872085975885,0.0044790872085975885,0.0056150591171321715,0.0056150591171321715,0.005411920998027318,0.005643481982684885,0.005643481982684885,0.005643481982684885,0.00647593837044315,0.00647593837044315,0.006388879227045841,0.006816972283287599,0.006816972283287599,0.006816972283287599,0.006816972283287599,0.006816972283287599,0.006621178142898746,0.006621178142898746,0.006621178142898746,0.008671793355471528,0.008338931452996719,0.008556738734925682,0.008516650358758012,0.008557258127850671,0.008557258127850671,0.007884161337770788,0.007884161337770788,0.007616940184731506,0.007855924869520794,0.007855924869520794,0.007855924869520794,0.006257440016137231,0.006257440016137231,0.004623610902506566,0.004623610902506566,0.002633122354417499,0.002633122354417499,0.002633122354417499,0.003985529380702661,0.003985529380702661,0.003904413457158989

mean_time: , 18059.82371301651
best_solution: , 0.8083333333333333
worst_solution: , 0.819
mean_solution: , 0.813
std_solution: , 0.003904413457158989



solutions runs are : 



0.816

0.819

0.811

0.8106666666666666

0.8083333333333333

