# Scenario 198
Mean curve: 0.7344,0.7413000000000001,0.7477,0.7491,0.7508,0.752,0.7539,0.7539,0.756,0.759,0.759,0.76,0.76,0.76,0.7612,0.7624000000000001,0.7628,0.7628,0.7628,0.7641,0.7641,0.7641,0.7647,0.7647,0.7673,0.7674000000000001,0.7695,0.7695,0.7695,0.7695,0.7695,0.7701,0.7701,0.7701,0.7701,0.7701,0.7701,0.7701,0.7701,0.7701,0.7701,0.7714,0.7714,0.7714,0.7714,0.7714,0.7714,0.7714,0.7721000000000001,0.7721000000000001,0.7721000000000001,0.7721000000000001,0.7721000000000001,0.7721000000000001,0.7721000000000001,0.7721000000000001,0.7721000000000001,0.7721000000000001,0.7721000000000001,0.7721000000000001,0.7721000000000001,0.7721000000000001,0.7721000000000001,0.7721000000000001,0.7726,0.7726,0.7726,0.7726,0.7726,0.7726,0.7726,0.7726,0.7726,0.7734000000000001,0.7771000000000001,0.7787000000000001,0.7791,0.7791,0.7791,0.7791,0.7791,0.7791,0.7795,0.7796,0.7796,0.7796,0.7801,0.7801,0.7801,0.7801,0.7801,0.782,0.782,0.782,0.782,0.782,0.782,0.782,0.782,0.782
Std curve: 0.006938299503480662,0.0026570660511172936,0.006742403132415013,0.007066823897621877,0.008744140895479653,0.00709224929059884,0.006483826030978919,0.006483826030978919,0.003807886552931981,0.004847679857416331,0.004847679857416331,0.005049752469181046,0.005049752469181046,0.005049752469181046,0.00450111097397074,0.0052858301145609935,0.004843552415324923,0.004843552415324923,0.004843552415324923,0.006102458520956944,0.006102458520956944,0.006102458520956944,0.005381449618829485,0.005381449618829485,0.00513419906119738,0.005151698748956508,0.0021679483388679075,0.0021679483388679075,0.0021679483388679075,0.0021679483388679075,0.0021679483388679075,0.002222611077089308,0.002222611077089308,0.002222611077089308,0.002222611077089308,0.002222611077089308,0.002222611077089308,0.002222611077089308,0.002222611077089308,0.002222611077089308,0.002222611077089308,0.004079215610874233,0.004079215610874233,0.004079215610874233,0.004079215610874233,0.004079215610874233,0.004079215610874233,0.004079215610874233,0.0036796738985948253,0.0036796738985948253,0.0036796738985948253,0.0036796738985948253,0.0036796738985948253,0.0036796738985948253,0.0036796738985948253,0.0036796738985948253,0.0036796738985948253,0.0036796738985948253,0.0036796738985948253,0.0036796738985948253,0.0036796738985948253,0.0036796738985948253,0.0036796738985948253,0.0036796738985948253,0.003307567081708242,0.003307567081708242,0.003307567081708242,0.003307567081708242,0.003307567081708242,0.003307567081708242,0.003307567081708242,0.003307567081708242,0.003307567081708242,0.0033075670817082478,0.007920858539325138,0.008140024569987492,0.00766420250254389,0.00766420250254389,0.00766420250254389,0.00766420250254389,0.00766420250254389,0.00766420250254389,0.0073280283842245076,0.007255342858886834,0.007255342858886834,0.007255342858886834,0.007552483035399689,0.007552483035399689,0.007552483035399689,0.007552483035399689,0.007552483035399689,0.008087026647662306,0.008087026647662306,0.008087026647662306,0.008087026647662306,0.008087026647662306,0.008087026647662306,0.008087026647662306,0.008087026647662306,0.008087026647662306

mean_time: , 13154.673353528977
best_solution: , 0.7705
worst_solution: , 0.7915
mean_solution: , 0.782
std_solution: , 0.008087026647662306



solutions runs are : 



0.7855

0.7705

0.788

0.7745

0.7915

