# Scenario 383
Mean curve: 0.5001010784395362,0.5076374220165906,0.5110868810550266,0.5131794522529453,0.5160134850757909,0.5218434654510224,0.5242923645706732,0.5256847979640601,0.5287076451114232,0.5288809094436586,0.5319618956710352,0.5322089879911573,0.5322180725068981,0.5330826478314405,0.5362874374009985,0.5362874374009985,0.5379468393909661,0.5390417206965645,0.5397108771883021,0.5416184390975546,0.5430260624075208,0.5439187452341655,0.5456692245736374,0.5470007563737189,0.547419924847489,0.5480775467697924,0.5480775467697924,0.5483039234953115,0.5484714149304085,0.5484714149304085,0.5499306861775367,0.5506596308777781,0.5509650606180048,0.5511204593147727,0.5521621441567847,0.5527819798588858,0.5531646364736732,0.5553375440591541,0.5553375440591541,0.5557910051126653,0.5558979150828209,0.5565141658436243,0.5567296722000009,0.5567296722000009,0.5567296722000009,0.5567296722000009,0.5568832222353157,0.5568832222353157,0.5576938269069663,0.5581883964027462,0.5582389904602794,0.5583055822909383,0.558357232788296,0.5587364400994804,0.5587912306427181,0.5590184035994381,0.5592446027733694,0.5592446027733694,0.5601400189011181,0.5619938942348295,0.5623590822828638,0.5624920123556097,0.5636121468570194,0.5636121468570194,0.5641641703325576,0.5648135753278877,0.5648135753278877,0.5648135753278877,0.5663544152387299,0.5663544152387299,0.5670949901593374,0.5670949901593374,0.5678781884881946,0.5685778288646699,0.5688592210804522,0.5688592210804522,0.5688592210804522,0.5688592210804522,0.5688592210804522,0.5689530429425048,0.5698691632658497,0.5704240252034449,0.5704344118355408,0.5704344118355408,0.5705155628411228,0.5705155628411228,0.5705224957476174,0.5705224957476174,0.5705224957476174,0.5710351604560152,0.5717108528505019,0.5718483929413345,0.5718483929413345,0.5721162003881103,0.5724521112357109,0.5724521112357109,0.5731693262546813,0.5731693262546813,0.5736950507630928,0.5737018644504758
Std curve: 0.006216331788940388,0.007937544769752483,0.005969667634641773,0.006253149102158391,0.006539306555167507,0.00516527532883248,0.00401951664605683,0.006531188273538608,0.007669725722297966,0.00783786479348825,0.008127220589231538,0.00780012522818146,0.00780912090792821,0.00803460167960059,0.008292032051929927,0.008292032051929927,0.006960323250361057,0.007516851439523252,0.00788676489807095,0.007218179386887455,0.0073479897810985375,0.006825918341541236,0.007672731603069965,0.00913243415122154,0.00969840005820233,0.009853028916634725,0.009853028916634725,0.009903540981762193,0.009616008043597987,0.009616008043597987,0.010332162725722018,0.00910019482341078,0.00922770728328235,0.009280992041945947,0.010187094470610133,0.010606732961962281,0.010729941805127208,0.012691703260843139,0.012691703260843139,0.013067632741266358,0.012908967801458532,0.013605582978171748,0.01386679848262586,0.01386679848262586,0.01386679848262586,0.01386679848262586,0.013746230179795099,0.013746230179795099,0.01261293472200568,0.013079312851776635,0.013033828882732974,0.013025004464915384,0.013076806222372768,0.013113751960557514,0.013167633992413356,0.013209556572642086,0.01326663688729238,0.01326663688729238,0.013025265224132866,0.010745259563705757,0.010901008173644427,0.010835577479541215,0.009685419908595987,0.009685419908595987,0.009449155737791745,0.008713957511513713,0.008713957511513713,0.008713957511513713,0.010524575069590961,0.010524575069590961,0.01074092391466461,0.01074092391466461,0.010340032434749884,0.009900938274248377,0.009435959552114527,0.009435959552114527,0.009435959552114527,0.009435959552114527,0.009435959552114527,0.009475682789818099,0.00992211606329774,0.010216394371411681,0.010223171495739413,0.010223171495739413,0.010173176713504121,0.010173176713504121,0.010169014260586355,0.010169014260586355,0.010169014260586355,0.009531781313645314,0.01006715371919862,0.010141181539440776,0.010141181539440776,0.010068693335907833,0.010384968002318931,0.010384968002318931,0.009429614262264688,0.009429614262264688,0.009728393705289131,0.009734941655437016

mean_time: , 106994.10332770347
best_solution: , 0.5574351479722324
worst_solution: , 0.5830676195711929
mean_solution: , 0.5737018644504758
std_solution: , 0.009734941655437016



solutions runs are : 



0.5574351479722324

0.5801904336829576

0.5802062922843728

0.5676098287416232

0.5830676195711929

