# Scenario 176
Mean curve: 0.7733749999999999,0.783625,0.7858750000000001,0.7915,0.794625,0.7958749999999999,0.7978749999999999,0.7991249999999999,0.8065,0.8109999999999999,0.8109999999999999,0.8118749999999999,0.813125,0.81375,0.81375,0.81375,0.81375,0.81375,0.81375,0.814875,0.8164999999999999,0.8195,0.8195,0.8195,0.8195,0.8195,0.82175,0.8227499999999999,0.8227499999999999,0.8227499999999999,0.8227499999999999,0.8227499999999999,0.8233750000000001,0.8233750000000001,0.8233750000000001,0.8233750000000001,0.8239999999999998,0.8239999999999998,0.8239999999999998,0.8239999999999998,0.8239999999999998,0.8239999999999998,0.8239999999999998,0.8239999999999998,0.8239999999999998,0.8252499999999999,0.8252499999999999,0.8252499999999999,0.8252499999999999,0.8252499999999999,0.8252499999999999,0.8252499999999999,0.826375,0.826375,0.8274999999999999,0.8274999999999999,0.82925,0.82925,0.82925,0.82925,0.82925,0.82925,0.8306249999999998,0.8306249999999998,0.83375,0.83375,0.83375,0.83375,0.83375,0.83375,0.83375,0.834,0.834,0.834,0.834,0.834,0.834,0.834,0.834,0.834,0.834875,0.834875,0.83675,0.83675,0.83675,0.83675,0.83675,0.83675,0.83675,0.83675,0.83675,0.837,0.837,0.837,0.837,0.837,0.837,0.837,0.837,0.837
Std curve: 0.008799857953399014,0.006341825446982926,0.005709093623334624,0.0035925269657999673,0.003152380053229605,0.002150581316760661,0.0034141250709369122,0.004304793839430631,0.00906228448019595,0.009663074045043863,0.009663074045043863,0.009786789565531707,0.00803313450652984,0.00732077523217318,0.00732077523217318,0.00732077523217318,0.00732077523217318,0.00732077523217318,0.00732077523217318,0.008771402396424433,0.011337162343373225,0.009580253128179844,0.009580253128179844,0.009580253128179844,0.009580253128179844,0.009580253128179844,0.0072392161177851225,0.006550286253286937,0.006550286253286937,0.006550286253286937,0.006550286253286937,0.006550286253286937,0.00615680517801236,0.00615680517801236,0.00615680517801236,0.00615680517801236,0.005871009282908667,0.005871009282908667,0.005871009282908667,0.005871009282908667,0.005871009282908667,0.005871009282908667,0.005871009282908667,0.005871009282908667,0.005871009282908667,0.006080193253507633,0.006080193253507633,0.006080193253507633,0.006080193253507633,0.006080193253507633,0.006080193253507633,0.006080193253507633,0.005497158356823969,0.005497158356823969,0.006373774391990943,0.006373774391990943,0.00901734439843569,0.00901734439843569,0.00901734439843569,0.00901734439843569,0.00901734439843569,0.00901734439843569,0.008071942145481448,0.008071942145481448,0.008953002289734963,0.008953002289734963,0.008953002289734963,0.008953002289734963,0.008953002289734963,0.008953002289734963,0.008953002289734963,0.008790975486258595,0.008790975486258595,0.008790975486258595,0.008790975486258595,0.008790975486258595,0.008790975486258595,0.008790975486258595,0.008790975486258595,0.008790975486258595,0.008104782538723652,0.008104782538723652,0.007840200890283344,0.007840200890283344,0.007840200890283344,0.007840200890283344,0.007840200890283344,0.007840200890283344,0.007840200890283344,0.007840200890283344,0.007840200890283344,0.007514569182594559,0.007514569182594559,0.007514569182594559,0.007514569182594559,0.007514569182594559,0.007514569182594559,0.007514569182594559,0.007514569182594559,0.007514569182594559

mean_time: , 9437.429230165482
best_solution: , 0.8275
worst_solution: , 0.845
mean_solution: , 0.837
std_solution: , 0.007514569182594559



solutions runs are : 



0.845

0.82875

0.839375

0.844375

0.8275

