# Scenario 93
Mean curve: 0.7056666666666667,0.7230000000000001,0.7331333333333333,0.7454666666666666,0.7561333333333333,0.7656,0.7674666666666666,0.7778666666666667,0.7830666666666668,0.7930666666666667,0.7978666666666666,0.7990666666666666,0.8068666666666665,0.8109333333333334,0.8151333333333334,0.8197333333333333,0.8234666666666666,0.8278666666666666,0.8285333333333333,0.8309333333333333,0.8343999999999999,0.836,0.8382666666666667,0.8399333333333333,0.8442666666666667,0.8502666666666666,0.8536666666666667,0.8563333333333333,0.8568,0.8577333333333333,0.8610666666666666,0.8622,0.8625999999999999,0.8638666666666666,0.8648,0.8648666666666667,0.8678000000000001,0.8694000000000001,0.8704000000000001,0.8712,0.8740666666666668,0.8742000000000001,0.8757333333333334,0.8757333333333334,0.8757333333333334,0.8768666666666668,0.8771999999999999,0.8771999999999999,0.8771999999999999,0.8780666666666666,0.8780666666666666,0.8780666666666666,0.8780666666666666,0.8787999999999998,0.8792666666666665,0.8798,0.8798,0.8800666666666667,0.8817999999999999,0.8823333333333334,0.8823333333333334,0.8859333333333334,0.8865999999999999,0.8865999999999999,0.8865999999999999,0.8865999999999999,0.8865999999999999,0.8865999999999999,0.8865999999999999,0.8865999999999999,0.8868666666666666,0.8868666666666666,0.8868666666666666,0.8868666666666666,0.8868666666666666,0.8868666666666666,0.8872,0.8895333333333333,0.8907999999999999,0.8907999999999999,0.8907999999999999,0.8907999999999999,0.8907999999999999,0.8907999999999999,0.8925333333333333,0.8925333333333333,0.8925333333333333,0.8928666666666667,0.8928666666666667,0.8928666666666667,0.8928666666666667,0.8928666666666667,0.8928666666666667,0.8928666666666667,0.8928666666666667,0.8928666666666667,0.8928666666666667,0.8928666666666667,0.8928666666666667,0.8928666666666667
Std curve: 0.0038528488738132946,0.010524046539024584,0.008073550781547263,0.0066084121474913465,0.007556013058044126,0.0062517553090667664,0.0051880203888916765,0.00471687278701565,0.005847696602556893,0.011034088594492597,0.00950929369967436,0.007463689882803713,0.008368193751740359,0.005021730556071064,0.0043949465930265205,0.002954469307488033,0.002569911368986186,0.004008879034232788,0.0037452191747168705,0.0027519689920733684,0.004776795764712791,0.004788875998951481,0.005144144459696111,0.004730045806684461,0.006786915516066344,0.010109181745104561,0.00795543140809401,0.00473286382647969,0.005166559138666008,0.005964338465692015,0.005926962872238119,0.005000444424693127,0.004813868852942854,0.004796294866294645,0.005686631496569633,0.005568163471418974,0.0060391316520764324,0.004307100081390174,0.00462553300232045,0.00504468917663805,0.004090096440047478,0.004182503237695509,0.0019252705437591466,0.0019252705437591466,0.0019252705437591466,0.0023055488621053933,0.002552558629210212,0.002552558629210212,0.002552558629210212,0.003714236873915759,0.003714236873915759,0.003714236873915759,0.003714236873915759,0.0033105890714493734,0.0027112932543550496,0.002535087112244221,0.002535087112244221,0.0022050447211388294,0.003493486001753042,0.003960920207336797,0.003960920207336797,0.00582485097568077,0.006093347921207943,0.006093347921207943,0.006093347921207943,0.006093347921207943,0.006093347921207943,0.006093347921207943,0.006093347921207943,0.006093347921207943,0.006277295950044481,0.006277295950044481,0.006277295950044481,0.006277295950044481,0.006277295950044481,0.006277295950044481,0.006561165208169135,0.006368673331236286,0.007356327586204663,0.007356327586204663,0.007356327586204663,0.007356327586204663,0.007356327586204663,0.007356327586204663,0.007197530440675098,0.007197530440675098,0.007197530440675098,0.007341207893346534,0.007341207893346534,0.007341207893346534,0.007341207893346534,0.007341207893346534,0.007341207893346534,0.007341207893346534,0.007341207893346534,0.007341207893346534,0.007341207893346534,0.007341207893346534,0.007341207893346534,0.007341207893346534

mean_time: , 18198.81605334282
best_solution: , 0.8783333333333333
worst_solution: , 0.8983333333333333
mean_solution: , 0.8928666666666667
std_solution: , 0.007341207893346534



solutions runs are : 



0.8956666666666667

0.8953333333333333

0.8966666666666666

0.8983333333333333

0.8783333333333333

