# Scenario 480
Mean curve: 0.5617381932348724,0.5617381932348724,0.5625634360436513,0.5632203124893242,0.5638703792761853,0.5638703792761853,0.5672119958887417,0.5672119958887417,0.5673868864820067,0.5685625302387661,0.5685625302387661,0.5685625302387661,0.5685625302387661,0.5685625302387661,0.5686878530442584,0.5686878530442584,0.5686878530442584,0.5686878530442584,0.5686878530442584,0.571305184534469,0.571305184534469,0.5713520063502944,0.5713520063502944,0.5713520063502944,0.5713520063502944,0.5713520063502944,0.5713520063502944,0.5713520063502944,0.5713520063502944,0.5713520063502944,0.5713520063502944,0.5713520063502944,0.5713520063502944,0.571480716988291,0.5723097444333104,0.5723097444333104,0.5723097444333104,0.5723097444333104,0.5723097444333104,0.5724967019520919,0.5724967019520919,0.5724967019520919,0.5724967019520919,0.5724967019520919,0.5726587150924195,0.5726587150924195,0.5726587150924195,0.5726587150924195,0.5728439937293448,0.5734323128143476,0.5734323128143476,0.5734323128143476,0.5735116176697566,0.5735116176697566,0.5735116176697566,0.5735116176697566,0.5735116176697566,0.5735116176697566,0.5737148588338327,0.5737148588338327,0.5738951611857275,0.5738951611857275,0.5738951611857275,0.5738951611857275,0.5738951611857275,0.5738951611857275,0.5740985296659554,0.5740985296659554,0.5740985296659554,0.5740985296659554,0.5740985296659554,0.5753342041740735,0.5753342041740735,0.5753342041740735,0.5753342041740735,0.5753342041740735,0.5753342041740735,0.5753342041740735,0.5753342041740735,0.5753342041740735,0.5753342041740735,0.5753342041740735,0.5753342041740735,0.5753342041740735,0.5753342041740735,0.5753342041740735,0.57568893182724,0.57568893182724,0.57568893182724,0.57568893182724,0.5759241674097579,0.5759241674097579,0.5759241674097579,0.5759241674097579,0.5759241674097579,0.5759241674097579,0.5759241674097579,0.5759241674097579,0.5759241674097579,0.5772430973283799
Std curve: 0.006305899304874318,0.006305899304874318,0.004678914148139356,0.003400097758552549,0.0021759131592080285,0.0021759131592080285,0.0037442610275034657,0.0037442610275034657,0.003690970228617859,0.003525085837835739,0.003525085837835739,0.003525085837835739,0.003525085837835739,0.003525085837835739,0.0035987206899467158,0.0035987206899467158,0.0035987206899467158,0.0035987206899467158,0.0035987206899467158,0.007253952677779006,0.007253952677779006,0.007217364623184868,0.007217364623184868,0.007217364623184868,0.007217364623184868,0.007217364623184868,0.007217364623184868,0.007217364623184868,0.007217364623184868,0.007217364623184868,0.007217364623184868,0.007217364623184868,0.007217364623184868,0.007143684381075659,0.006884241866918719,0.006884241866918719,0.006884241866918719,0.006884241866918719,0.006884241866918719,0.006700821899536383,0.006700821899536383,0.006700821899536383,0.006700821899536383,0.006700821899536383,0.0065549868396313216,0.0065549868396313216,0.0065549868396313216,0.0065549868396313216,0.006404253812274787,0.006413932411084494,0.006413932411084494,0.006413932411084494,0.0063804162197335906,0.0063804162197335906,0.0063804162197335906,0.0063804162197335906,0.0063804162197335906,0.0063804162197335906,0.0061430316641184176,0.0061430316641184176,0.0059892437538647935,0.0059892437538647935,0.0059892437538647935,0.0059892437538647935,0.0059892437538647935,0.0059892437538647935,0.005757928103907472,0.005757928103907472,0.005757928103907472,0.005757928103907472,0.005757928103907472,0.006223058586661025,0.006223058586661025,0.006223058586661025,0.006223058586661025,0.006223058586661025,0.006223058586661025,0.006223058586661025,0.006223058586661025,0.006223058586661025,0.006223058586661025,0.006223058586661025,0.006223058586661025,0.006223058586661025,0.006223058586661025,0.006223058586661025,0.0058986357172801755,0.0058986357172801755,0.0058986357172801755,0.0058986357172801755,0.005616173969338019,0.005616173969338019,0.005616173969338019,0.005616173969338019,0.005616173969338019,0.005616173969338019,0.005616173969338019,0.005616173969338019,0.005616173969338019,0.0046372965665159

mean_time: , 98961.3262454033
best_solution: , 0.5708553249945774
worst_solution: , 0.5841179932323084
mean_solution: , 0.5772430973283799
std_solution: , 0.0046372965665159



solutions runs are : 



0.5708553249945774

0.5760760201229738

0.574594635550841

0.5841179932323084

0.580571512741199

