# Scenario 273
Mean curve: 0.7251666666666667,0.7251666666666667,0.7279166666666667,0.7308333333333333,0.7324166666666667,0.734,0.7371666666666667,0.7489166666666667,0.7511666666666666,0.7520833333333333,0.7545,0.7545,0.7593333333333333,0.7660833333333333,0.7660833333333333,0.7666666666666667,0.7668333333333334,0.76825,0.76825,0.76825,0.76825,0.7694166666666666,0.7694166666666666,0.77325,0.77325,0.774,0.774,0.7755833333333333,0.7755833333333333,0.7755833333333333,0.7755833333333333,0.7774166666666666,0.7774166666666666,0.7784166666666666,0.7784166666666666,0.7808333333333334,0.7808333333333334,0.7809166666666667,0.7818333333333334,0.782,0.782,0.782,0.7829166666666667,0.7829166666666667,0.7850000000000001,0.7850000000000001,0.7855833333333335,0.7855833333333335,0.7861666666666668,0.7878333333333334,0.7878333333333334,0.7895833333333334,0.7895833333333334,0.7919166666666667,0.7924166666666667,0.7936666666666667,0.7936666666666667,0.7936666666666667,0.7974166666666667,0.7974166666666667,0.7974166666666667,0.7974166666666667,0.7987499999999998,0.7995833333333333,0.7995833333333333,0.7995833333333333,0.7995833333333333,0.8007500000000001,0.8011666666666667,0.8019999999999999,0.8019999999999999,0.8019999999999999,0.8019999999999999,0.8025833333333333,0.8030833333333334,0.8030833333333334,0.8030833333333334,0.8030833333333334,0.8030833333333334,0.8030833333333334,0.8030833333333334,0.8041666666666666,0.8049166666666666,0.8049166666666666,0.8049166666666666,0.8049166666666666,0.8060833333333333,0.8060833333333333,0.8061666666666666,0.8061666666666666,0.8061666666666666,0.8065,0.8065,0.8086666666666666,0.8089999999999999,0.8092499999999999,0.8120833333333334,0.8128333333333334,0.8130833333333334,0.8134166666666667
Std curve: 0.005294126724756199,0.005294126724756199,0.009335565209336682,0.009272120697134054,0.007814694136333428,0.007881941385217204,0.007097534783289194,0.015647150965378123,0.015246584316932552,0.014617816374395859,0.01329003386000202,0.01329003386000202,0.012140954566168928,0.010660805681456631,0.010660805681456631,0.009982623792259124,0.009798667709892449,0.008536685539481942,0.008536685539481942,0.008536685539481942,0.008536685539481942,0.007093619981676802,0.007093619981676802,0.005757844890041558,0.005757844890041558,0.006415043084639242,0.006415043084639242,0.004891886707146403,0.004891886707146403,0.004891886707146403,0.004891886707146403,0.005912557258355584,0.005912557258355584,0.00591255725835558,0.00591255725835558,0.005980291706003064,0.005980291706003064,0.0060747656562025595,0.004584090846491701,0.004544532734812004,0.004544532734812004,0.004544532734812004,0.003660980439414805,0.003660980439414805,0.0033747427885527713,0.0033747427885527713,0.0032123892112327435,0.0032123892112327435,0.0037950991789119184,0.006408544643243471,0.006408544643243471,0.005130247990540472,0.005130247990540472,0.007181186840936851,0.006725779591327024,0.0061767934867354764,0.0061767934867354764,0.0061767934867354764,0.009179536420151542,0.009179536420151542,0.009179536420151542,0.009179536420151542,0.008971405191557834,0.009238356034610378,0.009238356034610378,0.009238356034610378,0.009238356034610378,0.008094065041058694,0.007946872200921403,0.007911840634278593,0.007911840634278593,0.007911840634278593,0.007911840634278593,0.007304869000270373,0.0074236858171066915,0.0074236858171066915,0.0074236858171066915,0.0074236858171066915,0.0074236858171066915,0.0074236858171066915,0.0074236858171066915,0.006897060565519498,0.00609758604330888,0.00609758604330888,0.00609758604330888,0.00609758604330888,0.0073248056477819125,0.0073248056477819125,0.0072236109775897905,0.0072236109775897905,0.0072236109775897905,0.007258137195972235,0.007258137195972235,0.008471356968567009,0.008201456510211405,0.008483644395082968,0.006123724356957975,0.005841660722773993,0.006127125481550625,0.006108964269370445

mean_time: , 12507.898744869231
best_solution: , 0.8029166666666666
worst_solution: , 0.8204166666666667
mean_solution: , 0.8134166666666667
std_solution: , 0.006108964269370445



solutions runs are : 



0.8029166666666666

0.8116666666666666

0.8204166666666667

0.8183333333333334

0.81375

