# Scenario 404
Mean curve: 0.6559370884150638,0.6559370884150638,0.6559370884150638,0.6640665562076526,0.6640665562076526,0.6640665562076526,0.6640665562076526,0.6659866578645559,0.6659866578645559,0.6678255146599344,0.6678255146599344,0.6678255146599344,0.6678255146599344,0.6678255146599344,0.6742178827299098,0.6742178827299098,0.6742178827299098,0.6742178827299098,0.6746736775195054,0.6746736775195054,0.6746736775195054,0.6746736775195054,0.6746736775195054,0.6746736775195054,0.6746736775195054,0.6752844354001224,0.6752878251323559,0.67821353941807,0.67821353941807,0.67821353941807,0.67821353941807,0.67821353941807,0.67821353941807,0.67821353941807,0.6784582877061165,0.6784582877061165,0.6796563035194827,0.6796598565484399,0.6796598565484399,0.6831548662825389,0.6831548662825389,0.6831548662825389,0.6889065645048252,0.6889065645048252,0.6889065645048252,0.6889065645048252,0.6889065645048252,0.6890749176883124,0.6890749176883124,0.6890749176883124,0.6896730707258769,0.6896730707258769,0.6896730707258769,0.6896730707258769,0.6896730707258769,0.6916442418970482,0.6916442418970482,0.6916442418970482,0.6916442418970482,0.6916442418970482,0.6916442418970482,0.6916442418970482,0.6916442418970482,0.6916442418970482,0.6916442418970482,0.6936871002244914,0.6936871002244914,0.6936871002244914,0.6936871002244914,0.6936871002244914,0.6936871002244914,0.6936871002244914,0.6936871002244914,0.6936871002244914,0.6936871002244914,0.6936871002244914,0.6936871002244914,0.6936871002244914,0.6936871002244914,0.6936871002244914,0.6936871002244914,0.6936871002244914,0.6936871002244914,0.6936871002244914,0.6936871002244914,0.6936871002244914,0.6936871002244914,0.6936871002244914,0.6936871002244914,0.6936871002244914,0.6936871002244914,0.6936871002244914,0.6936871002244914,0.6936871002244914,0.6936871002244914,0.6936871002244914,0.6936871002244914,0.6936871002244914,0.6936871002244914,0.6936871002244914
Std curve: 0.021407445571435865,0.021407445571435865,0.021407445571435865,0.017761006223556395,0.017761006223556395,0.017761006223556395,0.017761006223556395,0.015122986421299556,0.015122986421299556,0.013828852349426903,0.013828852349426903,0.013828852349426903,0.013828852349426903,0.013828852349426903,0.009564065924053072,0.009564065924053072,0.009564065924053072,0.009564065924053072,0.00897444546254938,0.00897444546254938,0.00897444546254938,0.00897444546254938,0.00897444546254938,0.00897444546254938,0.00897444546254938,0.008483238848993924,0.008483393471339898,0.008500384928546965,0.008500384928546965,0.008500384928546965,0.008500384928546965,0.008500384928546965,0.008500384928546965,0.008500384928546965,0.00844137196408478,0.00844137196408478,0.008875402082804221,0.00887430357385128,0.00887430357385128,0.003913600857401795,0.003913600857401795,0.003913600857401795,0.01112006392320163,0.01112006392320163,0.01112006392320163,0.01112006392320163,0.01112006392320163,0.010942315854805217,0.010942315854805217,0.010942315854805217,0.010374734369665699,0.010374734369665699,0.010374734369665699,0.010374734369665699,0.010374734369665699,0.010271328071151088,0.010271328071151088,0.010271328071151088,0.010271328071151088,0.010271328071151088,0.010271328071151088,0.010271328071151088,0.010271328071151088,0.010271328071151088,0.010271328071151088,0.008815065977227369,0.008815065977227369,0.008815065977227369,0.008815065977227369,0.008815065977227369,0.008815065977227369,0.008815065977227369,0.008815065977227369,0.008815065977227369,0.008815065977227369,0.008815065977227369,0.008815065977227369,0.008815065977227369,0.008815065977227369,0.008815065977227369,0.008815065977227369,0.008815065977227369,0.008815065977227369,0.008815065977227369,0.008815065977227369,0.008815065977227369,0.008815065977227369,0.008815065977227369,0.008815065977227369,0.008815065977227369,0.008815065977227369,0.008815065977227369,0.008815065977227369,0.008815065977227369,0.008815065977227369,0.008815065977227369,0.008815065977227369,0.008815065977227369,0.008815065977227369,0.008815065977227369

mean_time: , 10041.497537612915
best_solution: , 0.6841142857142857
worst_solution: , 0.7098280098280099
mean_solution: , 0.6936871002244914
std_solution: , 0.008815065977227369



solutions runs are : 



0.695045045045045

0.6841142857142857

0.6909698996655519

0.6884782608695652

0.7098280098280099

