# Scenario 278
Mean curve: 0.7286250000000001,0.7344999999999999,0.743,0.7484999999999999,0.7529999999999999,0.764875,0.7665000000000001,0.770125,0.771375,0.775,0.777625,0.779375,0.780625,0.7835,0.7835,0.7842499999999999,0.786125,0.786125,0.78725,0.787625,0.78975,0.78975,0.78975,0.78975,0.792625,0.793875,0.795625,0.7969999999999999,0.7969999999999999,0.798625,0.8002499999999999,0.8020000000000002,0.8055,0.8055,0.806625,0.807,0.807,0.807,0.8071250000000001,0.8071250000000001,0.8071250000000001,0.8105,0.81175,0.81175,0.81175,0.8125,0.8137500000000001,0.8137500000000001,0.8137500000000001,0.8137500000000001,0.8137500000000001,0.8137500000000001,0.81425,0.8161250000000001,0.8161250000000001,0.818,0.818,0.818,0.818,0.8185,0.8185,0.8185,0.8186249999999999,0.81875,0.822625,0.8227499999999999,0.8230000000000001,0.8230000000000001,0.826,0.82675,0.82675,0.82675,0.82675,0.82675,0.827625,0.82775,0.82775,0.82775,0.8285,0.8285,0.8285,0.8285,0.829,0.829,0.829,0.829,0.829125,0.82975,0.82975,0.830125,0.830125,0.8327500000000001,0.8332499999999999,0.8332499999999999,0.8332499999999999,0.8332499999999999,0.8332499999999999,0.8332499999999999,0.834125,0.8346250000000002
Std curve: 0.006317139384246641,0.007260767865728803,0.008323535907293247,0.00885296560481286,0.005382262535402718,0.0146703357153134,0.013843996893960939,0.01168198399245606,0.011259718024888536,0.010216408370851261,0.008536685539481939,0.008062257748298557,0.006566962768281836,0.006344288770224753,0.006344288770224753,0.0058683472971527385,0.005323884859761706,0.005323884859761706,0.005804093383121945,0.00514477890681414,0.0023584952830141524,0.0023584952830141524,0.0023584952830141524,0.0023584952830141524,0.006701212576840138,0.0072284161474005185,0.0066614562972371495,0.0054829280498653364,0.0054829280498653364,0.004096492402043508,0.003201562118716436,0.004282960424752969,0.009399135598553732,0.009399135598553732,0.008437268515343108,0.008398288516120418,0.008398288516120418,0.008398288516120418,0.008316023689239956,0.008316023689239956,0.008316023689239956,0.008342286856731806,0.008171979564340593,0.008171979564340593,0.008171979564340593,0.008431710977020043,0.0066731739075195605,0.0066731739075195605,0.0066731739075195605,0.0066731739075195605,0.0066731739075195605,0.0066731739075195605,0.006166948191772005,0.0046334382482126684,0.0046334382482126684,0.006192233038250432,0.006192233038250432,0.006192233038250432,0.006192233038250432,0.005428512687652112,0.005428512687652112,0.005428512687652112,0.005411215205478336,0.0055901699437494665,0.0075560406298536996,0.007630121231015918,0.007800240380911336,0.007800240380911336,0.004753288335457893,0.0036098822695484123,0.0036098822695484123,0.0036098822695484123,0.0036098822695484123,0.0036098822695484123,0.0036098822695484014,0.003657184709581935,0.003657184709581935,0.003657184709581935,0.00424999999999999,0.00424999999999999,0.00424999999999999,0.00424999999999999,0.00446514277487293,0.00446514277487293,0.00446514277487293,0.00446514277487293,0.004568916720624257,0.005086747487343929,0.005086747487343929,0.004831537022521907,0.004831537022521907,0.002755675960631059,0.0029947871376777135,0.0029947871376777135,0.0029947871376777135,0.0029947871376777135,0.0029947871376777135,0.0029947871376777135,0.0038850675669799984,0.0046199296531440875

mean_time: , 9470.225682640075
best_solution: , 0.8275
worst_solution: , 0.841875
mean_solution: , 0.8346250000000002
std_solution: , 0.0046199296531440875



solutions runs are : 



0.841875

0.835625

0.835

0.8275

0.833125

