# Scenario 471
Mean curve: 0.7380000000000001,0.7408333333333335,0.7420833333333333,0.7420833333333333,0.7420833333333333,0.7420833333333333,0.7420833333333333,0.7420833333333333,0.7422500000000001,0.7438333333333333,0.7438333333333333,0.7438333333333333,0.7438333333333333,0.7438333333333333,0.7438333333333333,0.7438333333333333,0.7438333333333333,0.7438333333333333,0.7438333333333333,0.7438333333333333,0.7438333333333333,0.7438333333333333,0.7438333333333333,0.7444999999999999,0.7449166666666667,0.7449166666666667,0.7449166666666667,0.7455,0.7455833333333334,0.7455833333333334,0.7455833333333334,0.7455833333333334,0.7455833333333334,0.7455833333333334,0.7455833333333334,0.7455833333333334,0.7455833333333334,0.7455833333333334,0.7455833333333334,0.7455833333333334,0.7455833333333334,0.7455833333333334,0.7455833333333334,0.7455833333333334,0.7455833333333334,0.7455833333333334,0.7455833333333334,0.7455833333333334,0.7457499999999999,0.7458333333333333,0.7458333333333333,0.7458333333333333,0.7458333333333333,0.7458333333333333,0.7458333333333333,0.7458333333333333,0.7458333333333333,0.7458333333333333,0.7458333333333333,0.7458333333333333,0.7458333333333333,0.7458333333333333,0.7458333333333333,0.7458333333333333,0.7458333333333333,0.747,0.747,0.747,0.747,0.747,0.747,0.747,0.747,0.747,0.747,0.747,0.747,0.747,0.747,0.747,0.747,0.747,0.747,0.747,0.747,0.747,0.747,0.747,0.747,0.747,0.747,0.747,0.747,0.747,0.747,0.747,0.747,0.747,0.747,0.747
Std curve: 0.005498737228774562,0.00724089466540949,0.005432668671002185,0.005432668671002185,0.005432668671002185,0.005432668671002185,0.005432668671002185,0.005432668671002185,0.005455629101110944,0.006574360974438649,0.006574360974438649,0.006574360974438649,0.006574360974438649,0.006574360974438649,0.006574360974438649,0.006574360974438649,0.006574360974438649,0.006574360974438649,0.006574360974438649,0.006574360974438649,0.006574360974438649,0.006574360974438649,0.006574360974438649,0.0068231631634862126,0.0071024252508874765,0.0071024252508874765,0.0071024252508874765,0.0065319726474217755,0.006463573143221746,0.006463573143221746,0.006463573143221746,0.006463573143221746,0.006463573143221746,0.006463573143221746,0.006463573143221746,0.006463573143221746,0.006463573143221746,0.006463573143221746,0.006463573143221746,0.006463573143221746,0.006463573143221746,0.006463573143221746,0.006463573143221746,0.006463573143221746,0.006463573143221746,0.006463573143221746,0.006463573143221746,0.006463573143221746,0.006204836822995431,0.00607819417627014,0.00607819417627014,0.00607819417627014,0.00607819417627014,0.00607819417627014,0.00607819417627014,0.00607819417627014,0.00607819417627014,0.00607819417627014,0.00607819417627014,0.00607819417627014,0.00607819417627014,0.00607819417627014,0.00607819417627014,0.00607819417627014,0.00607819417627014,0.0072858309981314534,0.0072858309981314534,0.0072858309981314534,0.0072858309981314534,0.0072858309981314534,0.0072858309981314534,0.0072858309981314534,0.0072858309981314534,0.0072858309981314534,0.0072858309981314534,0.0072858309981314534,0.0072858309981314534,0.0072858309981314534,0.0072858309981314534,0.0072858309981314534,0.0072858309981314534,0.0072858309981314534,0.0072858309981314534,0.0072858309981314534,0.0072858309981314534,0.0072858309981314534,0.0072858309981314534,0.0072858309981314534,0.0072858309981314534,0.0072858309981314534,0.0072858309981314534,0.0072858309981314534,0.0072858309981314534,0.0072858309981314534,0.0072858309981314534,0.0072858309981314534,0.0072858309981314534,0.0072858309981314534,0.0072858309981314534,0.0072858309981314534

mean_time: , 16044.815431547166
best_solution: , 0.7366666666666667
worst_solution: , 0.75625
mean_solution: , 0.747
std_solution: , 0.0072858309981314534



solutions runs are : 



0.75125

0.7366666666666667

0.7404166666666666

0.75625

0.7504166666666666

