# Scenario 181
Mean curve: 0.5316058862481098,0.5316058862481098,0.5316058862481098,0.5316058862481098,0.5324768473730719,0.5324768473730719,0.5324768473730719,0.5330979400007209,0.5330979400007209,0.5330979400007209,0.534584526549726,0.5378145700871254,0.5378145700871254,0.5378145700871254,0.5399058577588883,0.5399058577588883,0.5403807530312594,0.5403807530312594,0.5403807530312594,0.5403807530312594,0.5425442049779423,0.5425442049779423,0.5430478712585705,0.5430478712585705,0.5430478712585705,0.5430478712585705,0.5430478712585705,0.5430478712585705,0.5430478712585705,0.5435289507629586,0.5451087392770131,0.5451087392770131,0.5451087392770131,0.5451087392770131,0.5451087392770131,0.5452329798104049,0.5452329798104049,0.5452329798104049,0.5452329798104049,0.5452329798104049,0.5452329798104049,0.5452329798104049,0.5452329798104049,0.5452329798104049,0.552626806117315,0.552626806117315,0.552626806117315,0.552626806117315,0.552626806117315,0.5560211293146005,0.5560211293146005,0.5560211293146005,0.5560211293146005,0.5572593480721025,0.5572593480721025,0.5572593480721025,0.5572593480721025,0.5581891355465445,0.5581891355465445,0.5592404694144844,0.5592404694144844,0.5592404694144844,0.5592404694144844,0.5599165175393862,0.5599165175393862,0.5599165175393862,0.5599165175393862,0.5599165175393862,0.5599165175393862,0.5599165175393862,0.5599165175393862,0.5599165175393862,0.5599165175393862,0.5625735019852567,0.5629785995621822,0.5629785995621822,0.5629785995621822,0.5629785995621822,0.5629785995621822,0.5629785995621822,0.5629785995621822,0.5629785995621822,0.5629785995621822,0.5629785995621822,0.5629785995621822,0.5629785995621822,0.5629785995621822,0.5629785995621822,0.5629785995621822,0.5629785995621822,0.5629785995621822,0.5629785995621822,0.5629785995621822,0.5629785995621822,0.5629785995621822,0.5650941626884812,0.5650941626884812,0.5650941626884812,0.5650941626884812,0.5650941626884812
Std curve: 0.005031125099180666,0.005031125099180666,0.005031125099180666,0.005031125099180666,0.005083727758904806,0.005083727758904806,0.005083727758904806,0.005391594277428028,0.005391594277428028,0.005391594277428028,0.0035978987832049926,0.004400140352238748,0.004400140352238748,0.004400140352238748,0.005611478464918976,0.005611478464918976,0.0050009533169972495,0.0050009533169972495,0.0050009533169972495,0.0050009533169972495,0.004831623197725251,0.004831623197725251,0.005322623491473712,0.005322623491473712,0.005322623491473712,0.005322623491473712,0.005322623491473712,0.005322623491473712,0.005322623491473712,0.005915018084313745,0.004058416094278985,0.004058416094278985,0.004058416094278985,0.004058416094278985,0.004058416094278985,0.004254202602456162,0.004254202602456162,0.004254202602456162,0.004254202602456162,0.004254202602456162,0.004254202602456162,0.004254202602456162,0.004254202602456162,0.004254202602456162,0.010662160166291035,0.010662160166291035,0.010662160166291035,0.010662160166291035,0.010662160166291035,0.01102212281280187,0.01102212281280187,0.01102212281280187,0.01102212281280187,0.009760791288210705,0.009760791288210705,0.009760791288210705,0.009760791288210705,0.009811401805758594,0.009811401805758594,0.010281776830593158,0.010281776830593158,0.010281776830593158,0.010281776830593158,0.00961900360957077,0.00961900360957077,0.00961900360957077,0.00961900360957077,0.00961900360957077,0.00961900360957077,0.00961900360957077,0.00961900360957077,0.00961900360957077,0.00961900360957077,0.008724144962614047,0.007964150074532318,0.007964150074532318,0.007964150074532318,0.007964150074532318,0.007964150074532318,0.007964150074532318,0.007964150074532318,0.007964150074532318,0.007964150074532318,0.007964150074532318,0.007964150074532318,0.007964150074532318,0.007964150074532318,0.007964150074532318,0.007964150074532318,0.007964150074532318,0.007964150074532318,0.007964150074532318,0.007964150074532318,0.007964150074532318,0.007964150074532318,0.0043038277957866055,0.0043038277957866055,0.0043038277957866055,0.0043038277957866055,0.0043038277957866055

mean_time: , 124022.8197543621
best_solution: , 0.5587123338948157
worst_solution: , 0.5721623196852689
mean_solution: , 0.5650941626884812
std_solution: , 0.0043038277957866055



solutions runs are : 



0.5721623196852689

0.5639595677936563

0.565838060070806

0.5587123338948157

0.5647985319978591

