# Scenario 41
Mean curve: 0.58984994149357,0.6080534518138968,0.6233279191242842,0.6323279386243568,0.6432445828272143,0.6503601854406444,0.6620079719779743,0.6726357747336029,0.6789723772372461,0.6875481971875116,0.6969196472987234,0.7032262209823082,0.7075164362468561,0.7136628071862029,0.7172693404719983,0.7257532836481164,0.7280986940419054,0.7311047452498931,0.7331902866762137,0.7367508168903156,0.7411445516298462,0.7443176560971457,0.7452454892273004,0.7491536603372696,0.7540144630046828,0.7587374670566425,0.7603086864576761,0.7630725067536652,0.7651058960553103,0.765292505932164,0.7682774288980392,0.7724920489255269,0.7730044464824577,0.7730044464824577,0.7760524275494947,0.7802307403124569,0.7802307403124569,0.781071518955672,0.781071518955672,0.7817442234269169,0.7836860523876131,0.7847488931646748,0.7847488931646748,0.7851912533493169,0.789523441609384,0.7916472648103998,0.7916472648103998,0.7924767131209137,0.7935544293569124,0.7935544293569124,0.7942578840522463,0.7942578840522463,0.795814032256583,0.795814032256583,0.7965312569364904,0.8001657693224807,0.8001657693224807,0.8002142370381018,0.8002142370381018,0.8002142370381018,0.8002810699773686,0.8002810699773686,0.8042249074716139,0.8054022463462147,0.8054022463462147,0.8071681385268421,0.808275889386087,0.808275889386087,0.8084339519410774,0.8092368576427236,0.8096357487014967,0.8103114899752348,0.8103114899752348,0.8107604099456468,0.8108370854779092,0.8127019070925623,0.8127019070925623,0.8127019070925623,0.8127019070925623,0.8127019070925623,0.8159426085862467,0.8167848059145084,0.817131392312796,0.817131392312796,0.817131392312796,0.817990440333104,0.817990440333104,0.817990440333104,0.8182483491621768,0.8182483491621768,0.8182483491621768,0.8182483491621768,0.8198424999240481,0.8198424999240481,0.8198834270546659,0.8199702965901661,0.8204857037103208,0.8204857037103208,0.8215138678018372,0.8216045201664176
Std curve: 0.004509114038730318,0.006628968014885326,0.00932215417605283,0.00463369611890753,0.004626655233015817,0.004675350368945791,0.005389152222210999,0.007963505403158929,0.005733458496929714,0.005413367196190038,0.004056687890714507,0.008036311962682374,0.005923002155947857,0.003763302986507906,0.005552749091019896,0.008180849782222782,0.008057037411735742,0.00505315858879342,0.003949353796012432,0.005725863673406105,0.004567484627921678,0.00209303784640264,0.0027397018393496035,0.005712862896592677,0.008024034187908237,0.012178106712194518,0.010465873600465496,0.009275438391215583,0.007451575759489683,0.007159224332837989,0.00964215502716002,0.008964064587279174,0.008093334113688573,0.008093334113688573,0.006971311306757432,0.0050511768402058885,0.0050511768402058885,0.004142518773843152,0.004142518773843152,0.005047881551202783,0.004776659147169408,0.004553612048870954,0.004553612048870954,0.0044962524500469555,0.0068437598895373045,0.007667913307352966,0.007667913307352966,0.00755901618070727,0.006026552984924175,0.006026552984924175,0.005267053683423312,0.005267053683423312,0.006053834791772499,0.006053834791772499,0.006442927842742832,0.00775187542285482,0.00775187542285482,0.007786885250136327,0.007786885250136327,0.007786885250136327,0.007747131964557179,0.007747131964557179,0.008891636201085549,0.007207151857707011,0.007207151857707011,0.004384185284413213,0.0033804725910966133,0.0033804725910966133,0.003385441669193885,0.0038364388693368163,0.0036809238259059604,0.0031507114746999083,0.0031507114746999083,0.0030865815474238278,0.0031015911069241613,0.005134298672254069,0.005134298672254069,0.005134298672254069,0.005134298672254069,0.005134298672254069,0.006653158861715081,0.00647517062751367,0.006728661327257133,0.006728661327257133,0.006728661327257133,0.005382385658353943,0.005382385658353943,0.005382385658353943,0.005625055987806876,0.005625055987806876,0.005625055987806876,0.005625055987806876,0.007743502620901765,0.007743502620901765,0.0077293317734263975,0.007865293434722321,0.007756223616689183,0.007756223616689183,0.00726093179574932,0.007397178217568007

mean_time: , 48778.469313335416
best_solution: , 0.8102184918731681
worst_solution: , 0.8328010645375915
mean_solution: , 0.8216045201664176
std_solution: , 0.007397178217568007



solutions runs are : 



0.8198636148808318

0.819953130231001

0.8251862993094962

0.8102184918731681

0.8328010645375915

