# Scenario 256
Mean curve: 0.7430000000000001,0.7550000000000001,0.764,0.7710000000000001,0.7781666666666667,0.7861666666666667,0.7931666666666666,0.7935,0.807,0.807,0.8086666666666666,0.8171666666666667,0.8171666666666667,0.8191666666666666,0.8191666666666666,0.8213333333333335,0.8246666666666667,0.8266666666666665,0.8266666666666665,0.8266666666666665,0.8266666666666665,0.8310000000000001,0.8321666666666667,0.834,0.836,0.837,0.8398333333333333,0.8403333333333333,0.844,0.8451666666666666,0.8451666666666666,0.8469999999999999,0.8480000000000001,0.8480000000000001,0.8484999999999999,0.8525,0.8525,0.8546666666666667,0.8556666666666667,0.857,0.8585,0.8585,0.8585,0.8591666666666666,0.8591666666666666,0.8591666666666666,0.8598333333333332,0.8653333333333334,0.8661666666666668,0.8668333333333333,0.8668333333333333,0.8668333333333333,0.8673333333333334,0.8673333333333334,0.8673333333333334,0.869,0.869,0.8691666666666666,0.8691666666666666,0.8721666666666665,0.8721666666666665,0.8721666666666665,0.8721666666666665,0.8721666666666665,0.8721666666666665,0.8721666666666665,0.873,0.8731666666666665,0.8774999999999998,0.8774999999999998,0.8774999999999998,0.8781666666666667,0.8781666666666667,0.8783333333333333,0.8783333333333333,0.8783333333333333,0.8785000000000001,0.8793333333333333,0.8813333333333333,0.884,0.8881666666666665,0.8881666666666665,0.8881666666666665,0.8881666666666665,0.8895,0.8895,0.8895,0.8895,0.8895,0.8895,0.8895,0.8898333333333331,0.8903333333333332,0.8903333333333332,0.8903333333333332,0.8903333333333332,0.8926666666666666,0.8926666666666666,0.893,0.893
Std curve: 0.009495613022162758,0.008530989261379796,0.0041965594373380615,0.00659123997776175,0.00451540572804802,0.012186057606953921,0.014789260367652666,0.01508678597684447,0.005666666666666672,0.005666666666666672,0.006446359868604574,0.005016638981097458,0.005016638981097458,0.005400617248673215,0.005400617248673215,0.006658328118479399,0.004932882862316233,0.004772607021092092,0.004772607021092092,0.004772607021092092,0.004772607021092092,0.010559356040971439,0.01014615417014961,0.008965985104208523,0.008422852512328861,0.007501851623284611,0.010252370999486466,0.01014615417014962,0.011022703842524288,0.01003327796219494,0.01003327796219494,0.00895358401237553,0.0077567175188133965,0.0077567175188133965,0.00757187779440036,0.009006170724070844,0.009006170724070844,0.010173494974687891,0.009565563234854484,0.008637772346566612,0.008222597589029325,0.008222597589029325,0.008222597589029325,0.007975657409336912,0.007975657409336912,0.007975657409336912,0.007442371187255352,0.006720615051218628,0.005286250509051217,0.004262237284181464,0.004262237284181464,0.004262237284181464,0.0036285901761795403,0.0036285901761795403,0.0036285901761795403,0.003308238873546524,0.003308238873546524,0.003205897343611878,0.003205897343611878,0.0060231036665308576,0.0060231036665308576,0.0060231036665308576,0.0060231036665308576,0.0060231036665308576,0.0060231036665308576,0.0060231036665308576,0.006159906204192105,0.006041522986797277,0.007434902674398479,0.007434902674398479,0.007434902674398479,0.007019813229550895,0.007019813229550895,0.006810938913900845,0.006810938913900845,0.006810938913900845,0.006737127643802572,0.006612278141625787,0.006114645442614707,0.00899691305084384,0.011443095929181241,0.011443095929181241,0.011443095929181241,0.011443095929181241,0.009466314547441934,0.009466314547441934,0.009466314547441934,0.009466314547441934,0.009466314547441934,0.009466314547441934,0.009466314547441934,0.009027735042633897,0.008426149773176348,0.008426149773176348,0.008426149773176348,0.008426149773176348,0.009195409482755813,0.009195409482755813,0.008844332774281056,0.008844332774281056

mean_time: , 6659.345806121826
best_solution: , 0.8808333333333334
worst_solution: , 0.9033333333333333
mean_solution: , 0.893
std_solution: , 0.008844332774281056



solutions runs are : 



0.8975

0.8991666666666667

0.8841666666666667

0.9033333333333333

0.8808333333333334

