# Scenario 287
Mean curve: 0.6757000000000001,0.6836,0.6854666666666667,0.6867,0.6909333333333334,0.6915000000000001,0.6947333333333333,0.6970666666666666,0.6970666666666666,0.6999333333333333,0.7015,0.7030000000000001,0.7049666666666666,0.7051,0.7057,0.7057,0.7071,0.7113,0.7129666666666666,0.7156,0.7168333333333333,0.7168333333333333,0.7171,0.7171,0.7178333333333333,0.7185333333333334,0.7195666666666667,0.7199666666666666,0.7199666666666666,0.7205666666666667,0.7230666666666666,0.7245333333333333,0.7245333333333333,0.7245333333333333,0.7245333333333333,0.7245333333333333,0.7245333333333333,0.7272000000000001,0.7272000000000001,0.7273,0.7273,0.7273,0.7277333333333333,0.7294333333333334,0.7307333333333333,0.7312333333333333,0.7314,0.7314,0.7332666666666666,0.7337999999999999,0.7337999999999999,0.7337999999999999,0.7341666666666666,0.7344333333333333,0.7351333333333333,0.7353999999999999,0.7392,0.7392,0.7437333333333334,0.7437333333333334,0.7437333333333334,0.7437333333333334,0.7438666666666667,0.7445999999999999,0.7453666666666666,0.7453666666666666,0.7453666666666666,0.746,0.7485333333333333,0.7485333333333333,0.7485333333333333,0.7506666666666666,0.7515333333333333,0.7515999999999999,0.7532,0.7532,0.7553666666666666,0.7597999999999999,0.7603666666666667,0.7603666666666667,0.7603666666666667,0.7603666666666667,0.7628666666666666,0.7628666666666666,0.7628666666666666,0.7631,0.7632333333333333,0.7632333333333333,0.7651,0.7660333333333333,0.7660333333333333,0.7660666666666666,0.7686999999999999,0.7693,0.7693,0.7721,0.7721,0.7721,0.7721,0.7721
Std curve: 0.0062400142449979806,0.003549021774454998,0.0034855256259119227,0.003876424469361752,0.005058106804373006,0.00486826457785525,0.004524746770078237,0.00404227658628157,0.00404227658628157,0.0035708697975579008,0.003857172251504688,0.004514175204594711,0.0034934860017530427,0.003261901286060007,0.003919183588453074,0.003919183588453074,0.004202644669993164,0.004769579529569543,0.005623759122390168,0.004573595716477121,0.005914201364324509,0.005914201364324509,0.005678027826631352,0.005678027826631352,0.005257798440834767,0.005712948256178938,0.005625932021550852,0.006052914816662954,0.006052914816662954,0.006125175734440437,0.003477866523539336,0.004687335182287599,0.004687335182287599,0.004687335182287599,0.004687335182287599,0.004687335182287599,0.004687335182287599,0.005311831657305738,0.005311831657305738,0.005133116878553318,0.005133116878553318,0.005133116878553318,0.005124668010927375,0.0039743622828770486,0.004486523028904344,0.004607481838150746,0.0046649997022746165,0.0046649997022746165,0.00508439879544388,0.005201922721455988,0.005201922721455988,0.005201922721455988,0.005516641490375597,0.0054940371717385195,0.005677832137160971,0.005748043145279982,0.007447147104764368,0.007447147104764368,0.0056011903496786825,0.0056011903496786825,0.0056011903496786825,0.0056011903496786825,0.005473572873361621,0.005551376205750957,0.0049322070786481315,0.0049322070786481315,0.0049322070786481315,0.004388115262337083,0.004965883607174063,0.004965883607174063,0.004965883607174063,0.004902380374199185,0.004021332007073165,0.0039251326941476435,0.0034470599388786998,0.0034470599388786998,0.0042705711301625655,0.011618184979686929,0.011363391512513652,0.011363391512513652,0.011363391512513652,0.011363391512513652,0.010740577265678071,0.010740577265678071,0.010740577265678071,0.010814907407011066,0.010682592277990309,0.010682592277990309,0.011028045056934527,0.010382891911430308,0.010382891911430308,0.010367470494023357,0.010502063289341461,0.010894647003612992,0.010894647003612992,0.007605261336732636,0.007605261336732636,0.007605261336732636,0.007605261336732636,0.007605261336732636

mean_time: , 33106.65338401795
best_solution: , 0.7605
worst_solution: , 0.7818333333333334
mean_solution: , 0.7721
std_solution: , 0.007605261336732636



solutions runs are : 



0.7738333333333334

0.7605

0.7775

0.7818333333333334

0.7668333333333334

