# Scenario 139
Mean curve: 0.78575,0.8,0.80975,0.8164999999999999,0.8195,0.82075,0.82325,0.8282499999999999,0.8315000000000001,0.83475,0.83625,0.83725,0.8385,0.8385,0.8400000000000001,0.8424999999999999,0.8424999999999999,0.8435,0.8445,0.8462500000000001,0.8462500000000001,0.8474999999999999,0.85025,0.851,0.8515,0.85175,0.853,0.853,0.858,0.865,0.86525,0.8675,0.8675,0.8675,0.8675,0.8675,0.8675,0.8675,0.8695,0.8695,0.873,0.873,0.873,0.873,0.873,0.873,0.873,0.873,0.8744999999999999,0.8744999999999999,0.8744999999999999,0.8744999999999999,0.8744999999999999,0.8744999999999999,0.8744999999999999,0.8744999999999999,0.8744999999999999,0.8744999999999999,0.8744999999999999,0.87475,0.87475,0.87475,0.87475,0.87475,0.87475,0.87475,0.87475,0.87475,0.87475,0.87475,0.87475,0.87475,0.87475,0.87475,0.87475,0.87525,0.87525,0.87525,0.87525,0.87625,0.87625,0.87625,0.87625,0.87625,0.87625,0.8772500000000001,0.8772500000000001,0.8772500000000001,0.8772500000000001,0.8772500000000001,0.8772500000000001,0.8772500000000001,0.8772500000000001,0.8772500000000001,0.8772500000000001,0.8772500000000001,0.8787499999999999,0.8787499999999999,0.8805,0.8805
Std curve: 0.015280706789936108,0.01057709790065307,0.006093028803476951,0.0028939592256975464,0.003020761493398619,0.004077376607575019,0.008314144574157937,0.007441438033068628,0.007433034373659256,0.005556527692723231,0.004472135954999596,0.005385164807134518,0.006244997998398403,0.006244997998398403,0.006020797289396148,0.006892024376045093,0.006892024376045093,0.007999999999999985,0.0069191762515490324,0.008909264840602745,0.008909264840602745,0.00758287544405155,0.011051018052650184,0.011710038428630385,0.011330269193624686,0.011688669727560979,0.013052777482206636,0.013052777482206636,0.013797644726546644,0.006846531968814577,0.006442049363362571,0.006373774391990994,0.006373774391990994,0.006373774391990994,0.006373774391990994,0.006373774391990994,0.006373774391990994,0.006373774391990994,0.006051859218455129,0.006051859218455129,0.005279678020485735,0.005279678020485735,0.005279678020485735,0.005279678020485735,0.005279678020485735,0.005279678020485735,0.005279678020485735,0.005279678020485735,0.007356969484781078,0.007356969484781078,0.007356969484781078,0.007356969484781078,0.007356969484781078,0.007356969484781078,0.007356969484781078,0.007356969484781078,0.007356969484781078,0.007356969484781078,0.007356969484781078,0.007219764539096825,0.007219764539096825,0.007219764539096825,0.007219764539096825,0.007219764539096825,0.007219764539096825,0.007219764539096825,0.007219764539096825,0.007219764539096825,0.007219764539096825,0.007219764539096825,0.007219764539096825,0.007219764539096825,0.007219764539096825,0.007219764539096825,0.007219764539096825,0.00755810822891548,0.00755810822891548,0.00755810822891548,0.00755810822891548,0.008551315688243528,0.008551315688243528,0.008551315688243528,0.008551315688243528,0.008551315688243528,0.008551315688243528,0.007390872749547232,0.007390872749547232,0.007390872749547232,0.007390872749547232,0.007390872749547232,0.007390872749547232,0.007390872749547232,0.007390872749547232,0.007390872749547232,0.007390872749547232,0.007390872749547232,0.006471089552772383,0.006471089552772383,0.008965210538520558,0.008965210538520558

mean_time: , 4683.524221706391
best_solution: , 0.87125
worst_solution: , 0.895
mean_solution: , 0.8805
std_solution: , 0.008965210538520558



solutions runs are : 



0.8775

0.895

0.87125

0.8725

0.88625

