# Scenario 418
Mean curve: 0.8065000000000001,0.8115,0.8115,0.812,0.812,0.812,0.8125,0.8154999999999999,0.8154999999999999,0.818,0.818,0.818,0.818,0.8195,0.8195,0.8195,0.8195,0.821,0.8225,0.8225,0.8225,0.8225,0.8225,0.8225,0.8225,0.8225,0.8225,0.8225,0.8245000000000001,0.8245000000000001,0.8245000000000001,0.8245000000000001,0.8245000000000001,0.8245000000000001,0.8245000000000001,0.8255000000000001,0.8265,0.8265,0.8265,0.8265,0.8265,0.8265,0.8265,0.8265,0.8265,0.8265,0.8265,0.8265,0.8265,0.8265,0.8265,0.8265,0.8265,0.8265,0.8265,0.8265,0.8265,0.8265,0.827,0.827,0.8295,0.8295,0.8295,0.8295,0.8295,0.8295,0.8295,0.8295,0.8295,0.8295,0.8295,0.8295,0.8295,0.8295,0.8295,0.8295,0.8295,0.8295,0.8295,0.8305,0.8305,0.8305,0.8320000000000001,0.8320000000000001,0.8320000000000001,0.8320000000000001,0.8320000000000001,0.8320000000000001,0.8320000000000001,0.8320000000000001,0.8320000000000001,0.8320000000000001,0.8320000000000001,0.8320000000000001,0.8320000000000001,0.8324999999999999,0.8324999999999999,0.8324999999999999,0.8324999999999999,0.8324999999999999
Std curve: 0.01454303957224897,0.013095800853708772,0.013095800853708772,0.012288205727444502,0.012288205727444502,0.012288205727444502,0.012144957801491111,0.007968688725254594,0.007968688725254594,0.006964194138592031,0.006964194138592031,0.006964194138592031,0.006964194138592031,0.005787918451395098,0.005787918451395098,0.005787918451395098,0.005787918451395098,0.004636809247747839,0.0052440442408507515,0.0052440442408507515,0.0052440442408507515,0.0052440442408507515,0.0052440442408507515,0.0052440442408507515,0.0052440442408507515,0.0052440442408507515,0.0052440442408507515,0.0052440442408507515,0.004847679857416331,0.004847679857416331,0.004847679857416331,0.004847679857416331,0.004847679857416331,0.004847679857416331,0.004847679857416331,0.0057879184513951205,0.007176350047203673,0.007176350047203673,0.007176350047203673,0.007176350047203673,0.007176350047203673,0.007176350047203673,0.007176350047203673,0.007176350047203673,0.007176350047203673,0.007176350047203673,0.007176350047203673,0.007176350047203673,0.007176350047203673,0.007176350047203673,0.007176350047203673,0.007176350047203673,0.007176350047203673,0.007176350047203673,0.007176350047203673,0.007176350047203673,0.007176350047203673,0.007176350047203673,0.007968688725254608,0.007968688725254608,0.012389511693363886,0.012389511693363886,0.012389511693363886,0.012389511693363886,0.012389511693363886,0.012389511693363886,0.012389511693363886,0.012389511693363886,0.012389511693363886,0.012389511693363886,0.012389511693363886,0.012389511693363886,0.012389511693363886,0.012389511693363886,0.012389511693363886,0.012389511693363886,0.012389511693363886,0.012389511693363886,0.012389511693363886,0.014265342617687127,0.014265342617687127,0.014265342617687127,0.013453624047073724,0.013453624047073724,0.013453624047073724,0.013453624047073724,0.013453624047073724,0.013453624047073724,0.013453624047073724,0.013453624047073724,0.013453624047073724,0.013453624047073724,0.013453624047073724,0.013453624047073724,0.013453624047073724,0.013322912594474243,0.013322912594474243,0.013322912594474243,0.013322912594474243,0.013322912594474243

mean_time: , 4602.474126386643
best_solution: , 0.8175
worst_solution: , 0.8575
mean_solution: , 0.8324999999999999
std_solution: , 0.013322912594474243



solutions runs are : 



0.8575

0.83

0.8175

0.83

0.8275

