# Scenario 294
Mean curve: 0.7059333333333333,0.7111999999999999,0.7130666666666666,0.7158666666666667,0.7172,0.7192,0.7192,0.7196666666666667,0.7215999999999999,0.7238666666666667,0.7274,0.7275333333333334,0.7301333333333333,0.7345333333333334,0.7355333333333334,0.7362,0.7388666666666667,0.7434,0.7434,0.7437333333333334,0.7437333333333334,0.7472,0.7472,0.7474666666666666,0.7486,0.7486,0.7502000000000001,0.7502000000000001,0.7535333333333334,0.7535333333333334,0.7548000000000001,0.7548000000000001,0.7548000000000001,0.7559333333333333,0.7559333333333333,0.7583333333333333,0.7583333333333333,0.7583333333333333,0.7583333333333333,0.7583333333333333,0.7583333333333333,0.7583333333333333,0.7604,0.7604,0.7614000000000001,0.7614000000000001,0.7625333333333334,0.7625333333333334,0.7625333333333334,0.7625333333333334,0.7625333333333334,0.7625333333333334,0.7634000000000001,0.7634000000000001,0.7634000000000001,0.7634000000000001,0.7634666666666667,0.7672666666666667,0.7672666666666667,0.7672666666666667,0.7672666666666667,0.7674,0.7688,0.7688,0.7706,0.7713333333333333,0.7744,0.7755333333333333,0.7755333333333333,0.7756666666666667,0.7756666666666667,0.7756666666666667,0.7756666666666667,0.7768,0.7783333333333333,0.7796666666666667,0.781,0.781,0.781,0.7817999999999999,0.7819999999999999,0.7823333333333333,0.7841333333333333,0.7854666666666666,0.7854666666666666,0.7854666666666666,0.7854666666666666,0.7854666666666666,0.7854666666666666,0.7854666666666666,0.7854666666666666,0.7854666666666666,0.787,0.787,0.7874666666666666,0.7888666666666666,0.7888666666666666,0.7898666666666666,0.7901333333333334,0.7901333333333334
Std curve: 0.008449589076135945,0.009717338455907922,0.008081254028099043,0.007206786924682726,0.0063826152772807595,0.0050270380057356925,0.0050270380057356925,0.0047795862210493105,0.004138706185378319,0.006561165208169106,0.006420107302668519,0.0062914403932821305,0.005507974017529275,0.009916540615445358,0.009318082778483271,0.008557258127850664,0.007605845705040882,0.005630867310340975,0.005630867310340975,0.005131168374638377,0.005131168374638377,0.004805552344250697,0.004805552344250697,0.004749736834815172,0.005161395160225585,0.005161395160225585,0.004354308211415448,0.004354308211415448,0.008935820549277421,0.008935820549277421,0.007496962347807565,0.007496962347807565,0.007496962347807565,0.0076663768061146845,0.0076663768061146845,0.0071367593019053994,0.0071367593019053994,0.0071367593019053994,0.0071367593019053994,0.0071367593019053994,0.0071367593019053994,0.0071367593019053994,0.007078606265831331,0.007078606265831331,0.005413563213509803,0.005413563213509803,0.006009621914526369,0.006009621914526369,0.006009621914526369,0.006009621914526369,0.006009621914526369,0.006009621914526369,0.0067508024214409735,0.0067508024214409735,0.0067508024214409735,0.0067508024214409735,0.006803920438492299,0.008543743649920407,0.008543743649920407,0.008543743649920407,0.008543743649920407,0.008449589076135904,0.009742461473136819,0.009742461473136819,0.008822698000045126,0.0074922181851126935,0.0072828565824132425,0.007799145252312381,0.007799145252312381,0.007817359599705722,0.007817359599705722,0.007817359599705722,0.007817359599705722,0.00823164625090268,0.007504072968136119,0.007737355275975552,0.007851397610899886,0.007851397610899886,0.007851397610899886,0.008338931452996705,0.007961016127215026,0.00824890565132397,0.005079807520413003,0.00677446184824545,0.00677446184824545,0.00677446184824545,0.00677446184824545,0.00677446184824545,0.00677446184824545,0.00677446184824545,0.00677446184824545,0.00677446184824545,0.008143163458454651,0.008143163458454651,0.007906677908929616,0.007470237241510095,0.007470237241510095,0.007878522140040672,0.007799145252312373,0.007799145252312373

mean_time: , 18055.825215816498
best_solution: , 0.778
worst_solution: , 0.8013333333333333
mean_solution: , 0.7901333333333334
std_solution: , 0.007799145252312373



solutions runs are : 



0.788

0.8013333333333333

0.795

0.778

0.7883333333333333

