# Scenario 61
Mean curve: 0.5753390959557076,0.5903466804323977,0.6000764879226496,0.6117343902028962,0.6188397364128644,0.6261120617782495,0.6320423915239064,0.6378186878768657,0.6505146072504961,0.6572131915595184,0.6629015856859135,0.6671111139630954,0.6703665096908724,0.6760887470004657,0.6787860860838284,0.6838576472076737,0.6874995930598666,0.6894339584963374,0.6920401788721039,0.6955774981013704,0.7002515702110635,0.7052478918209601,0.7061243948084247,0.7075737419462419,0.7088364860010905,0.7094292894828181,0.7132367801529113,0.7136829329153199,0.7178081771980914,0.7211087211106244,0.7230633045554555,0.7276393700799504,0.732602095168305,0.7337639498893485,0.7337639498893485,0.7337639498893485,0.7345105512489222,0.7356334976258676,0.7358265258540777,0.7366327333513705,0.7392561453321262,0.7393655658770181,0.7395530051114585,0.7395530051114585,0.739896270528277,0.739896270528277,0.7402630432163628,0.7408291515827136,0.7408291515827136,0.7425499432182843,0.7445441192985225,0.7446042812258795,0.7466431431240684,0.7474726345303082,0.7474726345303082,0.7474726345303082,0.7474726345303082,0.748281094156321,0.748281094156321,0.7514501648226761,0.7514501648226761,0.7516557348135307,0.7516557348135307,0.7516557348135307,0.752321825426931,0.7536411374387633,0.7548112624457771,0.7576096956063543,0.7576096956063543,0.7581588292210416,0.7581588292210416,0.7581588292210416,0.7581588292210416,0.7583789779343314,0.7589996729714505,0.7589996729714505,0.7603127928876757,0.7603127928876757,0.7603127928876757,0.7612528895903468,0.7615891790979548,0.7619517909784134,0.7619718733159975,0.7619718733159975,0.7627986498273829,0.763705392192699,0.7651839835458789,0.7664142553744686,0.7664142553744686,0.7664142553744686,0.7664142553744686,0.7666441325291844,0.7689715504012579,0.7689715504012579,0.7689715504012579,0.7689715504012579,0.7689715504012579,0.7689715504012579,0.7689715504012579,0.7691552028363149
Std curve: 0.004064610862383867,0.006800819771265754,0.008395083470699595,0.0069847737360021365,0.008667686731710844,0.008394395666613689,0.006280773372295272,0.0036839970910064438,0.007622854573319567,0.005387858503939426,0.007354707247229754,0.00528468308259275,0.002602228887084734,0.005502298237851475,0.003125450170970004,0.003769748051613533,0.005717547487300419,0.004917818088951365,0.005601956774960267,0.004167322851669983,0.004029669946734246,0.00666754419481842,0.006066521765659586,0.006555892553396154,0.00624054325315343,0.005665442481620543,0.006756694461524678,0.00744272285180691,0.006479422235084808,0.006811410783228369,0.004872804220508969,0.005574752314651731,0.009164330608437602,0.007808446890910414,0.007808446890910414,0.007808446890910414,0.007069624803563675,0.007118042533237592,0.007436180292379722,0.0066550791044303614,0.009278825954651338,0.009264518713465151,0.009610370135768096,0.009610370135768096,0.009397183763862912,0.009397183763862912,0.009221674136632252,0.008610927507270553,0.008610927507270553,0.008687550169556864,0.008854501589474565,0.008813287368240318,0.008584060828854566,0.009329836076996187,0.009329836076996187,0.009329836076996187,0.009329836076996187,0.008691523768706603,0.008691523768706603,0.007046880214522302,0.007046880214522302,0.00700896757555872,0.00700896757555872,0.00700896757555872,0.006636309103673854,0.005550579230411395,0.004994478049375548,0.0054249944168202864,0.0054249944168202864,0.005355354073711877,0.005355354073711877,0.005355354073711877,0.005355354073711877,0.005113588411190988,0.0052850109848712745,0.0052850109848712745,0.004117065768726695,0.004117065768726695,0.004117065768726695,0.00388117947525316,0.00421938275399454,0.004665939002165443,0.004635206150301296,0.004635206150301296,0.0035380084491880605,0.004150257621352369,0.00348431927809071,0.0050485851811679795,0.0050485851811679795,0.0050485851811679795,0.0050485851811679795,0.005069822994342226,0.007363080207672505,0.007363080207672505,0.007363080207672505,0.007363080207672505,0.007363080207672505,0.007363080207672505,0.007363080207672505,0.007337270769216247

mean_time: , 87569.45234065056
best_solution: , 0.7587577274065351
worst_solution: , 0.779751595823643
mean_solution: , 0.7691552028363149
std_solution: , 0.007337270769216247



solutions runs are : 



0.7684895570578145

0.7742995072910964

0.7644776266024854

0.779751595823643

0.7587577274065351

