# Scenario 426
Mean curve: 0.7409166666666666,0.7449999999999999,0.74725,0.7496666666666666,0.7504166666666666,0.7504166666666666,0.7516666666666666,0.7557499999999999,0.7557499999999999,0.7578333333333334,0.7578333333333334,0.7578333333333334,0.7606666666666666,0.7606666666666666,0.7606666666666666,0.7606666666666666,0.7606666666666666,0.7606666666666666,0.7606666666666666,0.7606666666666666,0.7612499999999999,0.7612499999999999,0.7612499999999999,0.7612499999999999,0.7612499999999999,0.7612499999999999,0.7612499999999999,0.7612499999999999,0.7612499999999999,0.7612499999999999,0.7612499999999999,0.7612499999999999,0.7615000000000001,0.7615000000000001,0.7615000000000001,0.7615000000000001,0.7625,0.7625,0.7625,0.7625,0.7625,0.7625,0.7625,0.7625,0.7625,0.7629999999999999,0.7629999999999999,0.7629999999999999,0.7629999999999999,0.7629999999999999,0.7629999999999999,0.7629999999999999,0.7629999999999999,0.7629999999999999,0.7629999999999999,0.7629999999999999,0.7629999999999999,0.7629999999999999,0.7629999999999999,0.7629999999999999,0.7643333333333333,0.7643333333333333,0.7643333333333333,0.7643333333333333,0.7643333333333333,0.7643333333333333,0.7643333333333333,0.7643333333333333,0.7643333333333333,0.7645833333333334,0.7645833333333334,0.76625,0.76625,0.76625,0.76625,0.76625,0.76625,0.767,0.767,0.767,0.767,0.767,0.767,0.767,0.76725,0.76725,0.76725,0.76725,0.76725,0.76725,0.76725,0.76725,0.76725,0.7673333333333332,0.7673333333333332,0.7673333333333332,0.7673333333333332,0.7673333333333332,0.7673333333333332,0.7673333333333332
Std curve: 0.010630799071042989,0.007768347457614279,0.010978514370249659,0.010060235252385188,0.00939858145324782,0.00939858145324782,0.010041580220928074,0.007657603338440115,0.007657603338440115,0.009499268977721978,0.009499268977721978,0.009499268977721978,0.006338813418578855,0.006338813418578855,0.006338813418578855,0.006338813418578855,0.006338813418578855,0.006338813418578855,0.006338813418578855,0.006338813418578855,0.005571504883482242,0.005571504883482242,0.005571504883482242,0.005571504883482242,0.005571504883482242,0.005571504883482242,0.005571504883482242,0.005571504883482242,0.005571504883482242,0.005571504883482242,0.005571504883482242,0.005571504883482242,0.0052875640264050915,0.0052875640264050915,0.0052875640264050915,0.0052875640264050915,0.00454147553114623,0.00454147553114623,0.00454147553114623,0.00454147553114623,0.00454147553114623,0.00454147553114623,0.00454147553114623,0.00454147553114623,0.00454147553114623,0.0044674750512267315,0.0044674750512267315,0.0044674750512267315,0.0044674750512267315,0.0044674750512267315,0.0044674750512267315,0.0044674750512267315,0.0044674750512267315,0.0044674750512267315,0.0044674750512267315,0.0044674750512267315,0.0044674750512267315,0.0044674750512267315,0.0044674750512267315,0.0044674750512267315,0.003966876745137308,0.003966876745137308,0.003966876745137308,0.003966876745137308,0.003966876745137308,0.003966876745137308,0.003966876745137308,0.003966876745137308,0.003966876745137308,0.003935239651039204,0.003935239651039204,0.005546520430764593,0.005546520430764593,0.005546520430764593,0.005546520430764593,0.005546520430764593,0.005546520430764593,0.005523937806392197,0.005523937806392197,0.005523937806392197,0.005523937806392197,0.005523937806392197,0.005523937806392197,0.005523937806392197,0.005606296063851399,0.005606296063851399,0.005606296063851399,0.005606296063851399,0.005606296063851399,0.005606296063851399,0.005606296063851399,0.005606296063851399,0.005606296063851399,0.005710613899670605,0.005710613899670605,0.005710613899670605,0.005710613899670605,0.005710613899670605,0.005710613899670605,0.005710613899670605

mean_time: , 9801.108208560943
best_solution: , 0.7575
worst_solution: , 0.7745833333333333
mean_solution: , 0.7673333333333332
std_solution: , 0.005710613899670605



solutions runs are : 



0.7695833333333333

0.7575

0.7695833333333333

0.7745833333333333

0.7654166666666666

