# Scenario 306
Mean curve: 0.7715,0.7905,0.7955,0.8046666666666666,0.8046666666666666,0.8061666666666667,0.8098333333333333,0.8098333333333333,0.8098333333333333,0.8098333333333333,0.8098333333333333,0.8098333333333333,0.8098333333333333,0.8098333333333333,0.8154999999999999,0.8154999999999999,0.8161666666666667,0.8221666666666666,0.8240000000000001,0.8240000000000001,0.8240000000000001,0.8240000000000001,0.8251666666666667,0.826,0.8263333333333331,0.8263333333333331,0.8263333333333331,0.8324999999999999,0.834,0.8361666666666666,0.8371666666666666,0.8371666666666666,0.8375,0.8379999999999999,0.8414999999999999,0.8431666666666666,0.8471666666666666,0.8471666666666666,0.8471666666666666,0.8486666666666667,0.8486666666666667,0.8486666666666667,0.8501666666666665,0.8501666666666665,0.8501666666666665,0.8521666666666668,0.8526666666666667,0.8546666666666667,0.8546666666666667,0.8546666666666667,0.8546666666666667,0.857,0.859,0.859,0.8598333333333332,0.861,0.8646666666666667,0.8646666666666667,0.8653333333333333,0.8711666666666666,0.8711666666666666,0.8713333333333335,0.8713333333333335,0.8718333333333333,0.8734999999999999,0.8755,0.8768333333333335,0.8768333333333335,0.8768333333333335,0.8768333333333335,0.8808333333333334,0.8815000000000002,0.8815000000000002,0.8844999999999998,0.8844999999999998,0.8844999999999998,0.8846666666666667,0.8850000000000001,0.8850000000000001,0.8850000000000001,0.8853333333333333,0.8853333333333333,0.8853333333333333,0.8873333333333333,0.8873333333333333,0.8873333333333333,0.8903333333333332,0.8903333333333332,0.8903333333333332,0.8903333333333332,0.8923333333333334,0.8923333333333334,0.8955,0.8975,0.8975,0.8985,0.8985,0.8985,0.9005000000000001,0.9005000000000001
Std curve: 0.02036063740543394,0.013597385369580788,0.012106013198223265,0.01250111106173279,0.01250111106173279,0.011469767022723492,0.01591993858167941,0.01591993858167941,0.01591993858167941,0.01591993858167941,0.01591993858167941,0.01591993858167941,0.01591993858167941,0.01591993858167941,0.016478942792411033,0.016478942792411033,0.01654623152798781,0.015488346873985245,0.015664893516678893,0.015664893516678893,0.015664893516678893,0.015664893516678893,0.016644985898328513,0.017727881367432974,0.017148048155855983,0.017148048155855983,0.017148048155855983,0.01509230856356236,0.017008167972411913,0.013769935043823244,0.013463943619080484,0.013463943619080484,0.013974182544169711,0.013276964177769626,0.010664062182030939,0.012149531312405077,0.011815714583177407,0.011815714583177407,0.011815714583177407,0.013587167148125898,0.013587167148125898,0.013587167148125898,0.01475164774223922,0.01475164774223922,0.01475164774223922,0.013119112436102955,0.013697120540869563,0.01575506973079529,0.01575506973079529,0.01575506973079529,0.01575506973079529,0.013920408678547404,0.013482498944104459,0.013482498944104459,0.012319812408384196,0.012240642684652336,0.014573568159132765,0.014573568159132765,0.015317020307850687,0.01783878421367952,0.01783878421367952,0.01786990020490693,0.01786990020490693,0.017999999999999978,0.014948058216519101,0.017476968971891105,0.015351438586225926,0.015351438586225926,0.015351438586225926,0.015351438586225926,0.015652475842498518,0.015814901552368605,0.015814901552368605,0.010821788720498647,0.010821788720498647,0.010821788720498647,0.010718623460542377,0.010219806477837276,0.010219806477837276,0.010219806477837276,0.010022197585581948,0.010022197585581948,0.010022197585581948,0.007423685817106702,0.007423685817106702,0.007423685817106702,0.00686375342732467,0.00686375342732467,0.00686375342732467,0.00686375342732467,0.010088497300281041,0.010088497300281041,0.010295630140987002,0.010000000000000004,0.010000000000000004,0.009949874371066205,0.009949874371066205,0.009949874371066205,0.011000000000000008,0.011000000000000008

mean_time: , 4389.764033889771
best_solution: , 0.88
worst_solution: , 0.91
mean_solution: , 0.9005000000000001
std_solution: , 0.011000000000000008



solutions runs are : 



0.91

0.91

0.9

0.88

0.9025

