# Scenario 317
Mean curve: 0.788,0.808,0.8145,0.8160000000000001,0.8200000000000001,0.8200000000000001,0.8200000000000001,0.8230000000000001,0.8230000000000001,0.825,0.825,0.829,0.829,0.829,0.8329999999999999,0.8399999999999999,0.8404999999999999,0.8404999999999999,0.8404999999999999,0.8424999999999999,0.8424999999999999,0.8424999999999999,0.8424999999999999,0.8424999999999999,0.8455,0.8455,0.8455,0.8455,0.8465,0.8465,0.8465,0.8465,0.8480000000000001,0.8480000000000001,0.8504999999999999,0.8504999999999999,0.8515,0.8535,0.859,0.859,0.859,0.8629999999999999,0.8629999999999999,0.8695,0.8705,0.8705,0.8705,0.8705,0.8705,0.8705,0.8705,0.8724999999999999,0.8734999999999999,0.8734999999999999,0.874,0.874,0.874,0.874,0.874,0.874,0.874,0.874,0.875,0.8800000000000001,0.884,0.884,0.884,0.884,0.884,0.884,0.884,0.884,0.8859999999999999,0.8859999999999999,0.889,0.889,0.889,0.889,0.8895,0.8915,0.8915,0.8915,0.8915,0.8915,0.8915,0.8915,0.8915,0.8935000000000001,0.8935000000000001,0.8935000000000001,0.8955,0.8975,0.899,0.899,0.899,0.899,0.899,0.899,0.899,0.899
Std curve: 0.011445523142259629,0.010653637876331265,0.018601075237738265,0.01655294535724682,0.015165750888103064,0.015165750888103064,0.015165750888103064,0.015362291495737193,0.015362291495737193,0.016733200530681485,0.016733200530681485,0.014282856857085684,0.014282856857085684,0.014282856857085684,0.0188679622641132,0.024494897427831775,0.02451530134426252,0.02451530134426252,0.02451530134426252,0.023130067012440744,0.023130067012440744,0.023130067012440744,0.023130067012440744,0.023130067012440744,0.023895606290697036,0.023895606290697036,0.023895606290697036,0.023895606290697036,0.024166091947189137,0.024166091947189137,0.024166091947189137,0.024166091947189137,0.02331308645374952,0.02331308645374952,0.02271563338320108,0.02271563338320108,0.022999999999999986,0.02567099530598686,0.019786358937409397,0.019786358937409397,0.019786358937409397,0.01958315602756616,0.01958315602756616,0.024718414188616568,0.026000000000000016,0.026000000000000016,0.026000000000000016,0.026000000000000016,0.026000000000000016,0.026000000000000016,0.026000000000000016,0.02626785107312741,0.02754995462791184,0.02754995462791184,0.028222331583340175,0.028222331583340175,0.028222331583340175,0.028222331583340175,0.028222331583340175,0.028222331583340175,0.028222331583340175,0.028222331583340175,0.028504385627478455,0.029958304357890493,0.029351320242878357,0.029351320242878357,0.029351320242878357,0.029351320242878357,0.029351320242878357,0.029351320242878357,0.029351320242878357,0.029351320242878357,0.03068387198513253,0.03068387198513253,0.031168894751017417,0.031168894751017417,0.031168894751017417,0.031168894751017417,0.031160872901765783,0.03269556544854365,0.03269556544854365,0.03269556544854365,0.03269556544854365,0.03269556544854365,0.03269556544854365,0.03269556544854365,0.03269556544854365,0.03462657938636159,0.03462657938636159,0.03462657938636159,0.035227829907617095,0.035142566781611186,0.03611094017053561,0.03611094017053561,0.03611094017053561,0.03611094017053561,0.03611094017053561,0.03611094017053561,0.03611094017053561,0.03611094017053561

mean_time: , 3618.6770083427427
best_solution: , 0.83
worst_solution: , 0.93
mean_solution: , 0.899
std_solution: , 0.03611094017053561



solutions runs are : 



0.91

0.83

0.93

0.9

0.925

