# Scenario 15
Mean curve: 0.796,0.8305,0.8585,0.875,0.8879999999999999,0.909,0.9235,0.9355,0.9490000000000001,0.9584999999999999,0.9695,0.9715,0.9755,0.9804999999999999,0.9865,0.991,0.992,0.9970000000000001,0.9970000000000001,0.9970000000000001,0.9970000000000001,0.998,1.0,1.0,1.0,1.0,1.0,1.0,1.0,1.0,1.0,1.0,1.0,1.0,1.0,1.0,1.0,1.0,1.0,1.0,1.0,1.0,1.0,1.0,1.0,1.0,1.0,1.0,1.0,1.0,1.0,1.0,1.0,1.0,1.0,1.0,1.0,1.0,1.0,1.0,1.0,1.0,1.0,1.0,1.0,1.0,1.0,1.0,1.0,1.0,1.0,1.0,1.0,1.0,1.0,1.0,1.0,1.0,1.0,1.0,1.0,1.0,1.0,1.0,1.0,1.0,1.0,1.0,1.0,1.0,1.0,1.0,1.0,1.0,1.0,1.0,1.0,1.0,1.0,1.0
Std curve: 0.011999999999999966,0.00678232998312527,0.017720045146669347,0.01341640786499875,0.012083045973594582,0.011135528725660053,0.01044030650891052,0.008426149773176326,0.006633249580710806,0.006999999999999997,0.011874342087037946,0.010908712114635741,0.013076696830622042,0.010770329614269025,0.009695359714832668,0.008000000000000007,0.007483314773547889,0.0040000000000000036,0.0040000000000000036,0.0040000000000000036,0.0040000000000000036,0.0040000000000000036,0.0,0.0,0.0,0.0,0.0,0.0,0.0,0.0,0.0,0.0,0.0,0.0,0.0,0.0,0.0,0.0,0.0,0.0,0.0,0.0,0.0,0.0,0.0,0.0,0.0,0.0,0.0,0.0,0.0,0.0,0.0,0.0,0.0,0.0,0.0,0.0,0.0,0.0,0.0,0.0,0.0,0.0,0.0,0.0,0.0,0.0,0.0,0.0,0.0,0.0,0.0,0.0,0.0,0.0,0.0,0.0,0.0,0.0,0.0,0.0,0.0,0.0,0.0,0.0,0.0,0.0,0.0,0.0,0.0,0.0,0.0,0.0,0.0,0.0,0.0,0.0,0.0,0.0

mean_time: , 3536.4421223640443
best_solution: , 1.0
worst_solution: , 1.0
mean_solution: , 1.0
std_solution: , 0.0



solutions runs are : 



1.0

1.0

1.0

1.0

1.0

