# Scenario 336
Mean curve: 0.7505000000000001,0.75475,0.7645000000000001,0.76575,0.76575,0.76575,0.76575,0.7677500000000002,0.7685000000000001,0.7710000000000001,0.77175,0.7762500000000001,0.7775000000000001,0.7775000000000001,0.7775000000000001,0.7775000000000001,0.7782500000000001,0.7782500000000001,0.7782500000000001,0.77925,0.77925,0.77925,0.77925,0.77925,0.78125,0.78125,0.78225,0.78225,0.7832500000000001,0.7832500000000001,0.7847500000000001,0.7847500000000001,0.7847500000000001,0.7847500000000001,0.7847500000000001,0.7847500000000001,0.7855000000000001,0.786,0.79275,0.79425,0.7954999999999999,0.7962499999999999,0.7962499999999999,0.7967500000000001,0.79775,0.8007500000000001,0.8007500000000001,0.80275,0.80275,0.80275,0.80275,0.80275,0.8032499999999999,0.80425,0.8067499999999999,0.8067499999999999,0.80725,0.80725,0.80725,0.8085000000000001,0.8092499999999999,0.81225,0.81375,0.8164999999999999,0.8164999999999999,0.8175000000000001,0.8175000000000001,0.8175000000000001,0.8175000000000001,0.8175000000000001,0.8175000000000001,0.8182499999999999,0.82025,0.82025,0.82225,0.8227499999999999,0.8227499999999999,0.8227499999999999,0.8227499999999999,0.8227499999999999,0.8237499999999999,0.8240000000000001,0.82775,0.82775,0.82775,0.82775,0.8295,0.82975,0.82975,0.8305,0.8305,0.8305,0.8324999999999999,0.83375,0.8372499999999998,0.8397500000000001,0.8397500000000001,0.8397500000000001,0.8397500000000001,0.8397500000000001
Std curve: 0.014802871343087455,0.010647769719523447,0.0073569694847810995,0.005733672470589883,0.005733672470589883,0.005733672470589883,0.005733672470589883,0.007802243267163645,0.008192984804086987,0.007132671308843537,0.008499999999999994,0.010723805294763605,0.011180339887498959,0.011180339887498959,0.011180339887498959,0.011180339887498959,0.011280514172678486,0.011280514172678486,0.011280514172678486,0.011715374513859988,0.011715374513859988,0.011715374513859988,0.011715374513859988,0.011715374513859988,0.014008925726121911,0.014008925726121911,0.01450000000000001,0.01450000000000001,0.01580348062927912,0.01580348062927912,0.016815171720800236,0.016815171720800236,0.016815171720800236,0.016815171720800236,0.016815171720800236,0.016815171720800236,0.017758800635178023,0.017201017411769565,0.019111514853616396,0.019519221295943138,0.020579115627256676,0.01958953802415972,0.01958953802415972,0.01977371993328518,0.02077257807784098,0.02260530911091461,0.02260530911091461,0.024372115213907867,0.024372115213907867,0.024372115213907867,0.024372115213907867,0.024372115213907867,0.023738154940938408,0.024819347291981687,0.02687470930075334,0.02687470930075334,0.027322152184628478,0.027322152184628478,0.027322152184628478,0.02854163625302515,0.0293001706479672,0.031208973068654448,0.03276812475562185,0.03531465701376694,0.03531465701376694,0.0357508741151877,0.0357508741151877,0.0357508741151877,0.0357508741151877,0.0357508741151877,0.0357508741151877,0.0348532638356869,0.03252306873589883,0.03252306873589883,0.0305409561081509,0.0301081384346492,0.0301081384346492,0.0301081384346492,0.0301081384346492,0.0301081384346492,0.029325756597230364,0.028933112518358593,0.024320773014030597,0.024320773014030597,0.024320773014030597,0.024320773014030597,0.021716928880483998,0.02136586061922147,0.02136586061922147,0.021572552004804596,0.021572552004804596,0.021572552004804596,0.021316073747292177,0.02280350850198275,0.02068211787994643,0.01997498435543818,0.01997498435543818,0.01997498435543818,0.01997498435543818,0.01997498435543818

mean_time: , 4708.988136720657
best_solution: , 0.80625
worst_solution: , 0.8625
mean_solution: , 0.8397500000000001
std_solution: , 0.01997498435543818



solutions runs are : 



0.845

0.8625

0.80625

0.83

0.855

