# Scenario 460
Mean curve: 0.5884625275945086,0.5897528594413053,0.5947437738142747,0.5947437738142747,0.5947437738142747,0.5959154676127489,0.5967774454192354,0.5967774454192354,0.5967774454192354,0.5967774454192354,0.5968743083790498,0.5968743083790498,0.5973129154773671,0.5976522527779398,0.5998381672648823,0.6002788041188032,0.6002788041188032,0.6002788041188032,0.6002788041188032,0.6002837606773972,0.6002837606773972,0.6002837606773972,0.6002837606773972,0.6002837606773972,0.6002837606773972,0.6002837606773972,0.6002901206058849,0.6008590812899052,0.6008590812899052,0.6008590812899052,0.6008590812899052,0.6008590812899052,0.6008590812899052,0.6008590812899052,0.6009219784779777,0.6009219784779777,0.6040633470755017,0.6040633470755017,0.6040633470755017,0.6040633470755017,0.6040633470755017,0.6040633470755017,0.6040633470755017,0.6040633470755017,0.6040633470755017,0.6040633470755017,0.6040633470755017,0.6040633470755017,0.6040633470755017,0.6040633470755017,0.6040633470755017,0.6040633470755017,0.6040633470755017,0.6040633470755017,0.6040633470755017,0.6040633470755017,0.6040633470755017,0.6040633470755017,0.6040633470755017,0.6040633470755017,0.6040633470755017,0.6040633470755017,0.6040633470755017,0.6040633470755017,0.6040633470755017,0.6040633470755017,0.6040633470755017,0.6040633470755017,0.6040633470755017,0.6040633470755017,0.6040633470755017,0.6040633470755017,0.6040633470755017,0.6040633470755017,0.6040633470755017,0.6040633470755017,0.6040633470755017,0.6040633470755017,0.6040633470755017,0.6040633470755017,0.6040633470755017,0.6040633470755017,0.6040633470755017,0.6040633470755017,0.6040633470755017,0.6040633470755017,0.6040633470755017,0.6040633470755017,0.6040633470755017,0.6040633470755017,0.6040633470755017,0.6040633470755017,0.6040633470755017,0.6040633470755017,0.6042024435262068,0.6042024435262068,0.6042024435262068,0.6042024435262068,0.6042024435262068,0.6042024435262068
Std curve: 0.0056380139611570635,0.00572269639448277,0.004000053898029907,0.004000053898029907,0.004000053898029907,0.004567894784752621,0.0036652366224934245,0.0036652366224934245,0.0036652366224934245,0.0036652366224934245,0.0038047597341057593,0.0038047597341057593,0.003651172295402306,0.0032792690845135017,0.003618107606243299,0.003067318461200236,0.003067318461200236,0.003067318461200236,0.003067318461200236,0.0030620020607260187,0.0030620020607260187,0.0030620020607260187,0.0030620020607260187,0.0030620020607260187,0.0030620020607260187,0.0030620020607260187,0.0030549603771741147,0.002601813977712717,0.002601813977712717,0.002601813977712717,0.002601813977712717,0.002601813977712717,0.002601813977712717,0.002601813977712717,0.0025105472627566542,0.0025105472627566542,0.006194568858897694,0.006194568858897694,0.006194568858897694,0.006194568858897694,0.006194568858897694,0.006194568858897694,0.006194568858897694,0.006194568858897694,0.006194568858897694,0.006194568858897694,0.006194568858897694,0.006194568858897694,0.006194568858897694,0.006194568858897694,0.006194568858897694,0.006194568858897694,0.006194568858897694,0.006194568858897694,0.006194568858897694,0.006194568858897694,0.006194568858897694,0.006194568858897694,0.006194568858897694,0.006194568858897694,0.006194568858897694,0.006194568858897694,0.006194568858897694,0.006194568858897694,0.006194568858897694,0.006194568858897694,0.006194568858897694,0.006194568858897694,0.006194568858897694,0.006194568858897694,0.006194568858897694,0.006194568858897694,0.006194568858897694,0.006194568858897694,0.006194568858897694,0.006194568858897694,0.006194568858897694,0.006194568858897694,0.006194568858897694,0.006194568858897694,0.006194568858897694,0.006194568858897694,0.006194568858897694,0.006194568858897694,0.006194568858897694,0.006194568858897694,0.006194568858897694,0.006194568858897694,0.006194568858897694,0.006194568858897694,0.006194568858897694,0.006194568858897694,0.006194568858897694,0.006194568858897694,0.006048083007327751,0.006048083007327751,0.006048083007327751,0.006048083007327751,0.006048083007327751,0.006048083007327751

mean_time: , 77859.20614471435
best_solution: , 0.5980341193705402
worst_solution: , 0.6154505212051977
mean_solution: , 0.6042024435262068
std_solution: , 0.006048083007327751



solutions runs are : 



0.6047445772884079

0.6024479913916786

0.6003350083752094

0.5980341193705402

0.6154505212051977

