# Scenario 117
Mean curve: 0.8275,0.8545,0.8714999999999999,0.8885,0.8939999999999999,0.901,0.9109999999999999,0.9155,0.917,0.917,0.9245000000000001,0.9335000000000001,0.9375,0.9445,0.9445,0.945,0.9470000000000001,0.9490000000000001,0.9490000000000001,0.95,0.9514999999999999,0.9514999999999999,0.9514999999999999,0.9535,0.9535,0.9535,0.9550000000000001,0.9560000000000001,0.9560000000000001,0.9560000000000001,0.9570000000000001,0.9570000000000001,0.9570000000000001,0.9570000000000001,0.9575000000000001,0.9625,0.9625,0.9635,0.9650000000000001,0.9650000000000001,0.97,0.97,0.97,0.9710000000000001,0.9710000000000001,0.9710000000000001,0.9725000000000001,0.9725000000000001,0.9734999999999999,0.9734999999999999,0.9734999999999999,0.9734999999999999,0.9734999999999999,0.9734999999999999,0.9734999999999999,0.9745000000000001,0.9745000000000001,0.9745000000000001,0.976,0.976,0.976,0.976,0.976,0.976,0.976,0.9765,0.9785,0.9800000000000001,0.9800000000000001,0.9804999999999999,0.9804999999999999,0.9804999999999999,0.9804999999999999,0.9804999999999999,0.9810000000000001,0.9810000000000001,0.9810000000000001,0.9810000000000001,0.9810000000000001,0.9810000000000001,0.9810000000000001,0.9810000000000001,0.9810000000000001,0.9810000000000001,0.9810000000000001,0.9810000000000001,0.9814999999999999,0.9814999999999999,0.9814999999999999,0.9814999999999999,0.9814999999999999,0.9824999999999999,0.9824999999999999,0.983,0.9834999999999999,0.9834999999999999,0.9834999999999999,0.9834999999999999,0.9834999999999999,0.9834999999999999
Std curve: 0.006519202405202638,0.010295630140987024,0.016015617378046958,0.01504991694329243,0.01978635893740941,0.015858751527153745,0.012409673645990868,0.009539392014169486,0.010653637876331277,0.010653637876331277,0.007648529270389164,0.012103718436910183,0.012747548783981943,0.01478174549909447,0.01478174549909447,0.014916433890176281,0.011768602295939803,0.009565563234854479,0.009565563234854479,0.011067971810589317,0.010908712114635706,0.010908712114635706,0.010908712114635706,0.00902773504263391,0.00902773504263391,0.00902773504263391,0.009219544457292896,0.008602325267042635,0.008602325267042635,0.008602325267042635,0.009539392014169467,0.009539392014169467,0.009539392014169467,0.009539392014169467,0.009354143466934868,0.008514693182963233,0.008514693182963233,0.007842193570679092,0.007745966692414862,0.007745966692414862,0.012144957801491125,0.012144957801491125,0.012144957801491125,0.01055935604097144,0.01055935604097144,0.01055935604097144,0.008514693182963183,0.008514693182963183,0.008154753215150027,0.008154753215150027,0.008154753215150027,0.008154753215150027,0.008154753215150027,0.008154753215150027,0.008154753215150027,0.007648529270389162,0.007648529270389162,0.007648529270389162,0.009165151389911677,0.009165151389911677,0.009165151389911677,0.009165151389911677,0.009165151389911677,0.009165151389911677,0.009165151389911677,0.009027735042633893,0.009027735042633898,0.009219544457292896,0.009219544457292896,0.008276472678623453,0.008276472678623453,0.008276472678623453,0.008276472678623453,0.008276472678623453,0.007348469228349542,0.007348469228349542,0.007348469228349542,0.007348469228349542,0.007348469228349542,0.007348469228349542,0.007348469228349542,0.007348469228349542,0.007348469228349542,0.007348469228349542,0.007348469228349542,0.007348469228349542,0.006442049363362591,0.006442049363362591,0.006442049363362591,0.006442049363362591,0.006442049363362591,0.006519202405202671,0.006519202405202671,0.006782329983125296,0.007176350047203679,0.007176350047203679,0.007176350047203679,0.007176350047203679,0.007176350047203679,0.007176350047203679

mean_time: , 3591.6158259391786
best_solution: , 0.97
worst_solution: , 0.99
mean_solution: , 0.9834999999999999
std_solution: , 0.007176350047203679



solutions runs are : 



0.97

0.99

0.9875

0.9825

0.9875

