# Scenario 262
Mean curve: 0.5514844244270346,0.5556244212529033,0.5592329867393595,0.5628008656684745,0.567819128220328,0.5693164380679386,0.5719891882314665,0.5733426757709664,0.5749148513905478,0.5779372626915517,0.5878937861859024,0.5879123598836686,0.5879123598836686,0.588415434872636,0.5900497762610803,0.5915913171151106,0.5926040384190101,0.5926040384190101,0.5943875193933212,0.5949386054577365,0.5965640042590746,0.596934772339806,0.598887797581373,0.5991465074394815,0.5991465074394815,0.6031967834985157,0.6042417470067822,0.6042417470067822,0.6054076239276901,0.6054076239276901,0.6067702228062678,0.6073308217433386,0.6073308217433386,0.6099250480868503,0.6124717452481443,0.6145772038733787,0.6161617209053665,0.6165556250367233,0.6180823857747766,0.6180823857747766,0.6183992205952684,0.6183992205952684,0.6183992205952684,0.6196432885758348,0.6234005664226108,0.6237376381762567,0.6237376381762567,0.6240561676222554,0.6257896011959809,0.6264870200939482,0.6264870200939482,0.6269700332389856,0.6276414795041994,0.6284125422997322,0.628984460838105,0.628984460838105,0.6311794098360325,0.6326986809983849,0.6326986809983849,0.6337903981271437,0.6354851648404554,0.6369127523661222,0.637015788966012,0.6387143719486474,0.6398215801394004,0.6400549363090822,0.6412248284119275,0.6414322035642079,0.6417543416630013,0.6417543416630013,0.6439839477856436,0.6448930573280152,0.6453879088366422,0.6456474321750381,0.6456956223899828,0.6458781462413421,0.6485813052318044,0.6500317728480575,0.6520106757981736,0.6520935643547492,0.6521404874650836,0.6524939855554246,0.6524939855554246,0.6536921246853863,0.6536921246853863,0.6536921246853863,0.6540272298250762,0.6548861884846786,0.6588185818139128,0.6600607181033327,0.6601781821593103,0.6604302345328674,0.6604302345328674,0.6604302345328674,0.660519888455695,0.660519888455695,0.660519888455695,0.660519888455695,0.660519888455695,0.6611450610389276
Std curve: 0.005973055437019704,0.0036720907965781466,0.0009352937206982793,0.001676638174615688,0.006640711601586284,0.005567089685041259,0.006268233913915944,0.005521731772296303,0.007900805265633339,0.005934674731270429,0.0064154813902930945,0.006386640250595731,0.006386640250595731,0.005818788828721525,0.006531525507004524,0.005089829734331765,0.00436132584655828,0.00436132584655828,0.0032291909031694197,0.0030159806491460014,0.004367429090317596,0.004091652247268933,0.003037880047690259,0.0025996416323149224,0.0025996416323149224,0.005382047402681895,0.004766491653420994,0.004766491653420994,0.0056258899316363395,0.0056258899316363395,0.0048885681683055295,0.004645849953434222,0.004645849953434222,0.004473132747236852,0.007722577680772256,0.006893317713430041,0.006371369983094323,0.00647360575837466,0.0044966677752930955,0.0044966677752930955,0.004308033937595265,0.004308033937595265,0.004308033937595265,0.0037265680916065544,0.00512153114501542,0.005357501894650707,0.005357501894650707,0.0051854840410008075,0.006079840853883862,0.00580762295083161,0.00580762295083161,0.004933874832545315,0.005121299316118496,0.005575489780790988,0.006117295250417054,0.006117295250417054,0.004536519627365091,0.004638938839395686,0.004638938839395686,0.005928345349773103,0.005090883218470172,0.005882766294452238,0.005978453015268538,0.008166566494881419,0.007818800033375536,0.007831292437335045,0.009487456639865388,0.009223420666216979,0.009008459185522804,0.009008459185522804,0.012968608425471788,0.012551811243696366,0.01198848536857346,0.011715666541206834,0.01166684741194146,0.012015671942172488,0.010953613489109228,0.010306878426772602,0.008593389780396983,0.008551643879893257,0.008542498335801499,0.008407329243768727,0.008407329243768727,0.00809427227046016,0.00809427227046016,0.00809427227046016,0.007992053450418792,0.007750804922391592,0.007675056366009108,0.006142711434253501,0.006206564194925546,0.005972618246417251,0.005972618246417251,0.005972618246417251,0.005897561952841655,0.005897561952841655,0.005897561952841655,0.005897561952841655,0.005897561952841655,0.005509643632967155

mean_time: , 88085.68676166535
best_solution: , 0.6522439933511308
worst_solution: , 0.6688732327769634
mean_solution: , 0.6611450610389276
std_solution: , 0.005509643632967155



solutions runs are : 



0.663769606582669

0.6522439933511308

0.6588563322408648

0.6688732327769634

0.6619821402430098

