# Scenario 40
Mean curve: 0.6163824407563682,0.6352927118856982,0.6408733311585297,0.6531788101349922,0.6618811023531567,0.6748066403960192,0.6908026666100062,0.6966104623082441,0.7003378297115717,0.7118648444194889,0.7218288809860245,0.7242644664111999,0.7300399761009239,0.7317511453901078,0.7354297318773412,0.7449977867020733,0.7508723623303144,0.7542378672132817,0.7570488455608871,0.7605260630159764,0.7625355733902934,0.7685643385628865,0.7685643385628865,0.7701827003514125,0.7741254309223833,0.7782584914126025,0.781366033011149,0.7825635042501973,0.7825635042501973,0.7831948240193637,0.7856615661746532,0.7928096089916501,0.7937086063773704,0.7951446572245547,0.7967214726396442,0.7977984385957,0.8031729640139321,0.8031729640139321,0.8053201420632821,0.8053201420632821,0.8056499070746728,0.8060787510089222,0.8078875380349281,0.8078875380349281,0.8096209049928401,0.8096209049928401,0.8101696568279906,0.8132496921804439,0.8138132871565121,0.8140642293913448,0.8140642293913448,0.8154109623359151,0.8160138575451349,0.8170081701109693,0.818467114419984,0.8200674459595103,0.8212043196195111,0.8212043196195111,0.8212043196195111,0.8244995598446938,0.8244995598446938,0.8244995598446938,0.8247913711908593,0.8247913711908593,0.8247913711908593,0.8255854529900025,0.8256832257607218,0.8256832257607218,0.8256832257607218,0.82921200236978,0.8300391891558639,0.8308075959651948,0.8308075959651948,0.8308075959651948,0.8308075959651948,0.8310257067293811,0.8323472815097557,0.8334886964406996,0.8334886964406996,0.8334886964406996,0.8334886964406996,0.8334886964406996,0.8334886964406996,0.8335819764110699,0.8348379687094878,0.8348379687094878,0.8348379687094878,0.8365568410632497,0.8365568410632497,0.8365568410632497,0.8365568410632497,0.8365568410632497,0.8365568410632497,0.838482270244419,0.838482270244419,0.838482270244419,0.838482270244419,0.838482270244419,0.838482270244419,0.838482270244419
Std curve: 0.005039244877202803,0.00924344354342213,0.002875463986391734,0.004879029539812467,0.006136653341639443,0.006589772161169393,0.009888846587468315,0.006591152481165963,0.006725804649166347,0.005931515751161747,0.004952261520530857,0.00431995504210081,0.00542225212091512,0.004096230914522896,0.0049593063911788976,0.009856485136120885,0.00905973321741429,0.005586540746377286,0.00825815833817876,0.007149283836312712,0.008230518067418494,0.004755490111376456,0.004755490111376456,0.006064383177931601,0.0029339108765703546,0.005124326412108389,0.005820607799618897,0.007239733257246109,0.007239733257246109,0.006757719539890166,0.0047084493266175385,0.008767404445857833,0.008628605003728165,0.009331519207177242,0.010951807359235824,0.01079094125194669,0.011061315736346217,0.011061315736346217,0.00819331728866699,0.00819331728866699,0.008651303285037435,0.008399718566649046,0.008327394332602607,0.008327394332602607,0.010790907246230256,0.010790907246230256,0.01078249753080971,0.011471653004873069,0.011092387678490693,0.011390664517257142,0.011390664517257142,0.009256628711531512,0.008994984895189517,0.010419085697174193,0.011085943138440272,0.010929104595633557,0.010927837578693119,0.010927837578693119,0.010927837578693119,0.009171381376214573,0.009171381376214573,0.009171381376214573,0.009313011173779074,0.009313011173779074,0.009313011173779074,0.010321571001893973,0.0103638344784029,0.0103638344784029,0.0103638344784029,0.009279268158454678,0.00957852092405718,0.009312240438261546,0.009312240438261546,0.009312240438261546,0.009312240438261546,0.008987289152802697,0.008924797722278317,0.007537593941294241,0.007537593941294241,0.007537593941294241,0.007537593941294241,0.007537593941294241,0.007537593941294241,0.007506806197448675,0.007695939683701057,0.007695939683701057,0.007695939683701057,0.009497402085273245,0.009497402085273245,0.009497402085273245,0.009497402085273245,0.009497402085273245,0.009497402085273245,0.009867468108703103,0.009867468108703103,0.009867468108703103,0.009867468108703103,0.009867468108703103,0.009867468108703103,0.009867468108703103

mean_time: , 50997.41705350876
best_solution: , 0.8227638126834248
worst_solution: , 0.8490043178449442
mean_solution: , 0.838482270244419
std_solution: , 0.009867468108703103



solutions runs are : 



0.8441940852643708

0.8312857786068052

0.8490043178449442

0.8227638126834248

0.8451633568225496

