# Scenario 440
Mean curve: 0.6053154699532871,0.6059251037414243,0.6071075974976813,0.6071075974976813,0.6071075974976813,0.6071075974976813,0.6089880052388559,0.6089880052388559,0.6110698270294046,0.6122931550117642,0.6122931550117642,0.6130757216286521,0.6130757216286521,0.6145839331559287,0.6145839331559287,0.6153713109651497,0.6153713109651497,0.6153713109651497,0.6153713109651497,0.6153713109651497,0.6153713109651497,0.6171915728762472,0.6172672335044502,0.6172672335044502,0.6172672335044502,0.6172672335044502,0.6172672335044502,0.6172672335044502,0.6172672335044502,0.6173172218260374,0.6173172218260374,0.6192090495231658,0.6192090495231658,0.6192090495231658,0.6192090495231658,0.6192090495231658,0.6192090495231658,0.6192090495231658,0.6199418974543568,0.6199418974543568,0.6199418974543568,0.6199418974543568,0.6202197053890786,0.6202197053890786,0.6204734053789838,0.6204734053789838,0.6204734053789838,0.6204734053789838,0.6204734053789838,0.6204734053789838,0.6204734053789838,0.6204734053789838,0.6204734053789838,0.6204734053789838,0.6204734053789838,0.6204734053789838,0.6204734053789838,0.6204734053789838,0.6204734053789838,0.6204734053789838,0.6204734053789838,0.6204734053789838,0.6204734053789838,0.6204734053789838,0.6206488462496944,0.6206488462496944,0.6206488462496944,0.6206488462496944,0.6206488462496944,0.6206488462496944,0.6209995488211708,0.6209995488211708,0.6209995488211708,0.6209995488211708,0.6209995488211708,0.6209995488211708,0.6209995488211708,0.6212942602688716,0.6212942602688716,0.6212942602688716,0.6212942602688716,0.6212942602688716,0.621803227122558,0.621803227122558,0.621803227122558,0.621803227122558,0.621803227122558,0.621803227122558,0.621803227122558,0.621803227122558,0.621803227122558,0.621803227122558,0.621803227122558,0.6232074482304126,0.6232074482304126,0.6241343887833875,0.6241343887833875,0.6241343887833875,0.6241343887833875,0.6241343887833875
Std curve: 0.0036475278137855062,0.003805605669677083,0.0030954635151800507,0.0030954635151800507,0.0030954635151800507,0.0030954635151800507,0.005953674482547804,0.005953674482547804,0.006908463263886714,0.005484912791966181,0.005484912791966181,0.005060581055630071,0.005060581055630071,0.004442025356702692,0.004442025356702692,0.003331892194957549,0.003331892194957549,0.003331892194957549,0.003331892194957549,0.003331892194957549,0.003331892194957549,0.004499556192544928,0.004451683682107431,0.004451683682107431,0.004451683682107431,0.004451683682107431,0.004451683682107431,0.004451683682107431,0.004451683682107431,0.0044808623160389575,0.0044808623160389575,0.006681052045522748,0.006681052045522748,0.006681052045522748,0.006681052045522748,0.006681052045522748,0.006681052045522748,0.006681052045522748,0.0062827910243786825,0.0062827910243786825,0.0062827910243786825,0.0062827910243786825,0.006200680042932745,0.006200680042932745,0.006168608305155434,0.006168608305155434,0.006168608305155434,0.006168608305155434,0.006168608305155434,0.006168608305155434,0.006168608305155434,0.006168608305155434,0.006168608305155434,0.006168608305155434,0.006168608305155434,0.006168608305155434,0.006168608305155434,0.006168608305155434,0.006168608305155434,0.006168608305155434,0.006168608305155434,0.006168608305155434,0.006168608305155434,0.006168608305155434,0.005926645251870122,0.005926645251870122,0.005926645251870122,0.005926645251870122,0.005926645251870122,0.005926645251870122,0.00547841064753364,0.00547841064753364,0.00547841064753364,0.00547841064753364,0.00547841064753364,0.00547841064753364,0.00547841064753364,0.005256089999613222,0.005256089999613222,0.005256089999613222,0.005256089999613222,0.005256089999613222,0.005248593675466997,0.005248593675466997,0.005248593675466997,0.005248593675466997,0.005248593675466997,0.005248593675466997,0.005248593675466997,0.005248593675466997,0.005248593675466997,0.005248593675466997,0.005248593675466997,0.003831282653589695,0.003831282653589695,0.002855759313935272,0.002855759313935272,0.002855759313935272,0.002855759313935272,0.002855759313935272

mean_time: , 53763.62906475067
best_solution: , 0.6214336317382624
worst_solution: , 0.6294833407657514
mean_solution: , 0.6241343887833875
std_solution: , 0.002855759313935272



solutions runs are : 



0.6294833407657514

0.6245416613984068

0.6214336317382624

0.6227438016528926

0.6224695083616245

