# Scenario 430
Mean curve: 0.7673333333333334,0.7743333333333333,0.7828333333333334,0.783,0.783,0.7855000000000001,0.7863333333333333,0.7863333333333333,0.7863333333333333,0.7863333333333333,0.7863333333333333,0.7863333333333333,0.7863333333333333,0.7863333333333333,0.7863333333333333,0.7863333333333333,0.791,0.791,0.791,0.791,0.791,0.791,0.8029999999999999,0.8029999999999999,0.8029999999999999,0.8029999999999999,0.8029999999999999,0.8029999999999999,0.8029999999999999,0.8029999999999999,0.8029999999999999,0.8029999999999999,0.8029999999999999,0.8029999999999999,0.8029999999999999,0.8029999999999999,0.8029999999999999,0.8029999999999999,0.8029999999999999,0.8029999999999999,0.8029999999999999,0.8029999999999999,0.8029999999999999,0.8029999999999999,0.8029999999999999,0.8029999999999999,0.8029999999999999,0.8029999999999999,0.8029999999999999,0.8029999999999999,0.8029999999999999,0.8029999999999999,0.8029999999999999,0.8029999999999999,0.8029999999999999,0.8029999999999999,0.8029999999999999,0.8036666666666668,0.8036666666666668,0.8036666666666668,0.8036666666666668,0.8036666666666668,0.8036666666666668,0.8036666666666668,0.8036666666666668,0.8036666666666668,0.8036666666666668,0.8036666666666668,0.8036666666666668,0.8036666666666668,0.8036666666666668,0.8036666666666668,0.8036666666666668,0.8036666666666668,0.8036666666666668,0.8036666666666668,0.8036666666666668,0.8036666666666668,0.8036666666666668,0.8036666666666668,0.8036666666666668,0.8036666666666668,0.8036666666666668,0.8036666666666668,0.8036666666666668,0.8036666666666668,0.8036666666666668,0.8036666666666668,0.8036666666666668,0.8036666666666668,0.8036666666666668,0.8036666666666668,0.8036666666666668,0.8036666666666668,0.8036666666666668,0.8036666666666668,0.8036666666666668,0.8036666666666668,0.8036666666666668,0.8036666666666668
Std curve: 0.005612486080160931,0.007000000000000024,0.005206833117271114,0.004988876515698624,0.004988876515698624,0.004268749491621918,0.004702245326555317,0.004702245326555317,0.004702245326555317,0.004702245326555317,0.004702245326555317,0.004702245326555317,0.004702245326555317,0.004702245326555317,0.004702245326555317,0.004702245326555317,0.011308796969124912,0.011308796969124912,0.011308796969124912,0.011308796969124912,0.011308796969124912,0.011308796969124912,0.019490738541391613,0.019490738541391613,0.019490738541391613,0.019490738541391613,0.019490738541391613,0.019490738541391613,0.019490738541391613,0.019490738541391613,0.019490738541391613,0.019490738541391613,0.019490738541391613,0.019490738541391613,0.019490738541391613,0.019490738541391613,0.019490738541391613,0.019490738541391613,0.019490738541391613,0.019490738541391613,0.019490738541391613,0.019490738541391613,0.019490738541391613,0.019490738541391613,0.019490738541391613,0.019490738541391613,0.019490738541391613,0.019490738541391613,0.019490738541391613,0.019490738541391613,0.019490738541391613,0.019490738541391613,0.019490738541391613,0.019490738541391613,0.019490738541391613,0.019490738541391613,0.019490738541391613,0.018941430193567154,0.018941430193567154,0.018941430193567154,0.018941430193567154,0.018941430193567154,0.018941430193567154,0.018941430193567154,0.018941430193567154,0.018941430193567154,0.018941430193567154,0.018941430193567154,0.018941430193567154,0.018941430193567154,0.018941430193567154,0.018941430193567154,0.018941430193567154,0.018941430193567154,0.018941430193567154,0.018941430193567154,0.018941430193567154,0.018941430193567154,0.018941430193567154,0.018941430193567154,0.018941430193567154,0.018941430193567154,0.018941430193567154,0.018941430193567154,0.018941430193567154,0.018941430193567154,0.018941430193567154,0.018941430193567154,0.018941430193567154,0.018941430193567154,0.018941430193567154,0.018941430193567154,0.018941430193567154,0.018941430193567154,0.018941430193567154,0.018941430193567154,0.018941430193567154,0.018941430193567154,0.018941430193567154,0.018941430193567154

mean_time: , 6923.222420787812
best_solution: , 0.7891666666666667
worst_solution: , 0.8375
mean_solution: , 0.8036666666666668
std_solution: , 0.018941430193567154



solutions runs are : 



0.7908333333333334

0.8375

0.7891666666666667

0.8116666666666666

0.7891666666666667

