# Scenario 149
Mean curve: 0.6780555555555556,0.6780555555555556,0.6853888888888889,0.6853888888888889,0.6909444444444444,0.6950000000000001,0.6983333333333333,0.6983333333333333,0.6986111111111111,0.6991666666666667,0.6991666666666667,0.6991666666666667,0.7017777777777777,0.7017777777777777,0.7032222222222222,0.7032222222222222,0.7032222222222222,0.7058333333333333,0.7058333333333333,0.7058333333333333,0.7058333333333333,0.7082222222222222,0.7082222222222222,0.7082222222222222,0.7103333333333333,0.7103333333333333,0.7103333333333333,0.7107777777777777,0.7107777777777777,0.7107777777777777,0.7107777777777777,0.7107777777777777,0.7107777777777777,0.7107777777777777,0.7107777777777777,0.7107777777777777,0.7107777777777777,0.7107777777777777,0.7107777777777777,0.7107777777777777,0.7107777777777777,0.7111666666666666,0.7122222222222223,0.7122222222222223,0.7122222222222223,0.7142777777777779,0.7142777777777779,0.7142777777777779,0.7142777777777779,0.7142777777777779,0.7142777777777779,0.7142777777777779,0.7142777777777779,0.7142777777777779,0.7142777777777779,0.7142777777777779,0.7142777777777779,0.7142777777777779,0.7142777777777779,0.7142777777777779,0.7142777777777779,0.7142777777777779,0.7142777777777779,0.7142777777777779,0.7142777777777779,0.7142777777777779,0.7142777777777779,0.7142777777777779,0.7167222222222223,0.7167222222222223,0.7167222222222223,0.7167222222222223,0.7167222222222223,0.7167222222222223,0.7167222222222223,0.7167222222222223,0.7167222222222223,0.7167222222222223,0.7182222222222223,0.7182222222222223,0.7182222222222223,0.7215555555555556,0.7215555555555556,0.7215555555555556,0.7215555555555556,0.7215555555555556,0.7215555555555556,0.7215555555555556,0.7215555555555556,0.7215555555555556,0.7215555555555556,0.7215555555555556,0.7215555555555556,0.7215555555555556,0.7215555555555556,0.7216666666666667,0.7216666666666667,0.7216666666666667,0.7231111111111111,0.7231111111111111
Std curve: 0.003998456492321463,0.003998456492321463,0.006381880213677499,0.006381880213677499,0.006192887198379425,0.00876123617186864,0.006561673228343177,0.006561673228343177,0.006111111111111116,0.005879447357921309,0.005879447357921309,0.005879447357921309,0.004845132468981127,0.004845132468981127,0.002725055215206813,0.002725055215206813,0.002725055215206813,0.005155004759849806,0.005155004759849806,0.005155004759849806,0.005155004759849806,0.004917843550295742,0.004917843550295742,0.004917843550295742,0.0048888888888889105,0.0048888888888889105,0.0048888888888889105,0.004030746032714917,0.004030746032714917,0.004030746032714917,0.004030746032714917,0.004030746032714917,0.004030746032714917,0.004030746032714917,0.004030746032714917,0.004030746032714917,0.004030746032714917,0.004030746032714917,0.004030746032714917,0.004030746032714917,0.004030746032714917,0.004463155059643327,0.0026931554763423957,0.0026931554763423957,0.0026931554763423957,0.005029542354558319,0.005029542354558319,0.005029542354558319,0.005029542354558319,0.005029542354558319,0.005029542354558319,0.005029542354558319,0.005029542354558319,0.005029542354558319,0.005029542354558319,0.005029542354558319,0.005029542354558319,0.005029542354558319,0.005029542354558319,0.005029542354558319,0.005029542354558319,0.005029542354558319,0.005029542354558319,0.005029542354558319,0.005029542354558319,0.005029542354558319,0.005029542354558319,0.005029542354558319,0.005806552280201732,0.005806552280201732,0.005806552280201732,0.005806552280201732,0.005806552280201732,0.005806552280201732,0.005806552280201732,0.005806552280201732,0.005806552280201732,0.005806552280201732,0.007908816770924025,0.007908816770924025,0.007908816770924025,0.009829723128863951,0.009829723128863951,0.009829723128863951,0.009829723128863951,0.009829723128863951,0.009829723128863951,0.009829723128863951,0.009829723128863951,0.009829723128863951,0.009829723128863951,0.009829723128863951,0.009829723128863951,0.009829723128863951,0.009829723128863951,0.009729362457384351,0.009729362457384351,0.009729362457384351,0.009446731749168076,0.009446731749168076

mean_time: , 13353.729626512528
best_solution: , 0.7083333333333334
worst_solution: , 0.7333333333333333
mean_solution: , 0.7231111111111111
std_solution: , 0.009446731749168076



solutions runs are : 



0.7161111111111111

0.7269444444444444

0.7308333333333333

0.7333333333333333

0.7083333333333334

