# Scenario 327
Mean curve: 0.7260833333333332,0.7310833333333333,0.7328333333333333,0.7349166666666667,0.7354166666666666,0.7378333333333333,0.7383333333333333,0.7394999999999999,0.7420833333333334,0.7448333333333332,0.7471666666666665,0.7491666666666666,0.7570833333333333,0.7645833333333333,0.7645833333333333,0.7696666666666666,0.7709166666666667,0.7709166666666667,0.77125,0.7719166666666667,0.7719166666666667,0.7720833333333335,0.7720833333333335,0.7720833333333335,0.7734166666666666,0.7734166666666666,0.7755000000000001,0.77875,0.77875,0.77875,0.7814166666666666,0.7819166666666667,0.783,0.7833333333333333,0.7833333333333333,0.78375,0.7843333333333333,0.7843333333333333,0.7843333333333333,0.78525,0.78525,0.7858333333333334,0.7883333333333333,0.7895000000000001,0.7926666666666667,0.7926666666666667,0.7926666666666667,0.7930000000000001,0.7930833333333334,0.7930833333333334,0.7930833333333334,0.7935000000000001,0.7935000000000001,0.7935000000000001,0.7935000000000001,0.7935000000000001,0.7980833333333333,0.8003333333333333,0.8003333333333333,0.8006666666666666,0.8007500000000001,0.8007500000000001,0.8007500000000001,0.8015000000000001,0.80525,0.8054166666666667,0.8054166666666667,0.8054166666666667,0.8064166666666667,0.8064166666666667,0.8064166666666667,0.8064166666666667,0.8092500000000001,0.8105833333333333,0.8108333333333334,0.8108333333333334,0.8108333333333334,0.8109166666666667,0.8109166666666667,0.81125,0.81225,0.8138333333333334,0.8154999999999999,0.8154999999999999,0.8154999999999999,0.8160833333333333,0.8182500000000001,0.8182500000000001,0.8191666666666666,0.8204166666666668,0.8204166666666668,0.8213333333333332,0.8213333333333332,0.8256666666666665,0.8256666666666665,0.8266666666666665,0.8268333333333333,0.8276666666666668,0.8278333333333332,0.8278333333333332
Std curve: 0.01515338246069175,0.014219509289861055,0.012459378439998973,0.01118779096455895,0.01174379268663521,0.009314713569879044,0.009599623835222806,0.008949705147222575,0.008274794391537601,0.0119274426801762,0.011308182877898637,0.008379041313499607,0.016016484563654336,0.017328524974093366,0.017328524974093366,0.011874342087037918,0.009797958971132717,0.009797958971132717,0.010041580220928057,0.010844865656664988,0.010844865656664988,0.010897247358851714,0.010897247358851714,0.010897247358851714,0.009429563439877098,0.009429563439877098,0.007487953288078444,0.004965156369922098,0.004965156369922098,0.004965156369922098,0.006975154319280544,0.007712723974777726,0.006266090399035801,0.00644959085696309,0.00644959085696309,0.006003471218109268,0.0064635731432217515,0.0064635731432217515,0.0064635731432217515,0.007502777263564912,0.007502777263564912,0.008220063530438457,0.006603870918719648,0.006720615051218645,0.008582119655293654,0.008582119655293654,0.008582119655293654,0.008272276322485566,0.00820145651021139,0.00820145651021139,0.00820145651021139,0.007890747042510539,0.007890747042510539,0.007890747042510539,0.007890747042510539,0.007890747042510539,0.00981283173536907,0.008863940683716499,0.008863940683716499,0.008813657331412176,0.008910823630718885,0.008910823630718885,0.008910823630718885,0.009869284562610285,0.015008331019803634,0.01504622507105649,0.01504622507105649,0.01504622507105649,0.015423647068345703,0.015423647068345703,0.015423647068345703,0.015423647068345703,0.013995038803487122,0.01521968754241979,0.01548969191286756,0.01548969191286756,0.01548969191286756,0.01558221921151012,0.01558221921151012,0.015206906325745551,0.01420973844469583,0.013456204682021017,0.012234400498412472,0.012234400498412472,0.012234400498412472,0.012884637708872097,0.01177155233792232,0.01177155233792232,0.012904564222699583,0.014679445190848031,0.014679445190848031,0.01610382977224154,0.01610382977224154,0.015269795894728466,0.015269795894728466,0.015652475842498518,0.015871882896073376,0.015012957366518071,0.015051762539834193,0.015051762539834193

mean_time: , 7680.5147585392
best_solution: , 0.80375
worst_solution: , 0.84875
mean_solution: , 0.8278333333333332
std_solution: , 0.015051762539834193



solutions runs are : 



0.8204166666666667

0.80375

0.8316666666666667

0.8345833333333333

0.84875

