# Scenario 19
Mean curve: 0.7905,0.8225,0.8459999999999999,0.8755000000000001,0.892,0.915,0.9349999999999999,0.944,0.9514999999999999,0.9549999999999998,0.9675,0.976,0.9835,0.9865,0.9895000000000002,0.9964999999999999,0.9964999999999999,0.9964999999999999,0.9974999999999999,0.9974999999999999,0.9974999999999999,0.9984999999999999,0.9984999999999999,0.999,0.9995,0.9995,0.9995,0.9995,1.0,1.0,1.0,1.0,1.0,1.0,1.0,1.0,1.0,1.0,1.0,1.0,1.0,1.0,1.0,1.0,1.0,1.0,1.0,1.0,1.0,1.0,1.0,1.0,1.0,1.0,1.0,1.0,1.0,1.0,1.0,1.0,1.0,1.0,1.0,1.0,1.0,1.0,1.0,1.0,1.0,1.0,1.0,1.0,1.0,1.0,1.0,1.0,1.0,1.0,1.0,1.0,1.0,1.0,1.0,1.0,1.0,1.0,1.0,1.0,1.0,1.0,1.0,1.0,1.0,1.0,1.0,1.0,1.0,1.0,1.0,1.0
Std curve: 0.008999999999999992,0.014317821063276339,0.0196596032513375,0.011874342087037916,0.01029563014098701,0.014832396974191302,0.01581138830084186,0.010198039027185548,0.008602325267042635,0.006123724356957942,0.009746794344808962,0.007842193570679045,0.006633249580710804,0.006999999999999999,0.007810249675906644,0.0037416573867739477,0.0037416573867739477,0.0037416573867739477,0.0022360679774997916,0.0022360679774997916,0.0022360679774997916,0.001999999999999996,0.001999999999999996,0.001224744871391563,0.0009999999999999788,0.0009999999999999788,0.0009999999999999788,0.0009999999999999788,0.0,0.0,0.0,0.0,0.0,0.0,0.0,0.0,0.0,0.0,0.0,0.0,0.0,0.0,0.0,0.0,0.0,0.0,0.0,0.0,0.0,0.0,0.0,0.0,0.0,0.0,0.0,0.0,0.0,0.0,0.0,0.0,0.0,0.0,0.0,0.0,0.0,0.0,0.0,0.0,0.0,0.0,0.0,0.0,0.0,0.0,0.0,0.0,0.0,0.0,0.0,0.0,0.0,0.0,0.0,0.0,0.0,0.0,0.0,0.0,0.0,0.0,0.0,0.0,0.0,0.0,0.0,0.0,0.0,0.0,0.0,0.0

mean_time: , 3536.816485786438
best_solution: , 1.0
worst_solution: , 1.0
mean_solution: , 1.0
std_solution: , 0.0



solutions runs are : 



1.0

1.0

1.0

1.0

1.0

