# Scenario 272
Mean curve: 0.7250833333333333,0.7286666666666667,0.7311666666666666,0.736,0.7373333333333333,0.73925,0.7459166666666667,0.7468333333333332,0.7501666666666666,0.7508333333333332,0.754,0.758,0.7608333333333334,0.7628333333333334,0.7630833333333334,0.7636666666666667,0.7675,0.7675,0.7675,0.7696666666666666,0.7696666666666666,0.7729166666666668,0.7766666666666667,0.7777499999999999,0.7801666666666668,0.7801666666666668,0.7801666666666668,0.7830833333333332,0.7830833333333332,0.7830833333333332,0.7831666666666667,0.7831666666666667,0.7831666666666667,0.7831666666666667,0.7841666666666667,0.7841666666666667,0.7841666666666667,0.7855833333333333,0.7856666666666667,0.7863333333333333,0.7905,0.7935,0.7935,0.7935,0.7935,0.7935,0.7948333333333333,0.7948333333333333,0.7948333333333333,0.7974166666666667,0.7996666666666667,0.7996666666666667,0.7996666666666667,0.8001666666666667,0.8001666666666667,0.8001666666666667,0.8001666666666667,0.8028333333333334,0.8045,0.8045,0.8045,0.8045,0.8050833333333334,0.8050833333333334,0.8050833333333334,0.8050833333333334,0.8050833333333334,0.8050833333333334,0.8050833333333334,0.8050833333333334,0.8071666666666667,0.8071666666666667,0.8071666666666667,0.8071666666666667,0.8078333333333333,0.8078333333333333,0.8078333333333333,0.8084166666666667,0.8120833333333334,0.8120833333333334,0.8120833333333334,0.8123333333333334,0.8123333333333334,0.8123333333333334,0.8131666666666666,0.8134166666666666,0.8138333333333332,0.8138333333333332,0.8149999999999998,0.8149999999999998,0.8149999999999998,0.8149999999999998,0.8149999999999998,0.8149999999999998,0.8149999999999998,0.8149999999999998,0.8149999999999998,0.8149999999999998,0.8159166666666666,0.8159166666666666
Std curve: 0.009980536614386573,0.008372408388404272,0.006365052151309443,0.0030799531020960537,0.0018371173070873966,0.005611248623177462,0.005829760810797563,0.006752571526627635,0.005326818938165642,0.004141591213263043,0.0030799531020960368,0.003549256573174481,0.006805838996365124,0.005460718308468617,0.005274414132815531,0.005009712788396364,0.006624868971450571,0.006624868971450571,0.006624868971450571,0.006114645442614694,0.006114645442614694,0.005355423004353238,0.004056887148212711,0.005326818938165632,0.0044064346888007715,0.0044064346888007715,0.0044064346888007715,0.005661762583821014,0.005661762583821014,0.005661762583821014,0.005600099205470491,0.005600099205470491,0.005600099205470491,0.005600099205470491,0.005426273532033242,0.005426273532033242,0.005426273532033242,0.005493683241283195,0.005372253820428738,0.00508538210079746,0.009363047936792095,0.006945222178671553,0.006945222178671553,0.006945222178671553,0.006945222178671553,0.006945222178671553,0.005813060008865097,0.005813060008865097,0.005813060008865097,0.006959206532037649,0.006684351543385154,0.006684351543385154,0.006684351543385154,0.006001157295796288,0.006001157295796288,0.006001157295796288,0.006001157295796288,0.005351531452667457,0.002303379160180911,0.002303379160180911,0.002303379160180911,0.002303379160180911,0.0027813865447131403,0.0027813865447131403,0.0027813865447131403,0.0027813865447131403,0.0027813865447131403,0.0027813865447131403,0.0027813865447131403,0.0027813865447131403,0.004008671156935252,0.004008671156935252,0.004008671156935252,0.004008671156935252,0.005105824560680136,0.005105824560680136,0.005105824560680136,0.004597704741377902,0.0057493961035534474,0.0057493961035534474,0.0057493961035534474,0.0053398397812002745,0.0053398397812002745,0.0053398397812002745,0.004121421006292755,0.004333333333333339,0.0047096237169816,0.0047096237169816,0.0037174513371992348,0.0037174513371992348,0.0037174513371992348,0.0037174513371992348,0.0037174513371992348,0.0037174513371992348,0.0037174513371992348,0.0037174513371992348,0.0037174513371992348,0.0037174513371992348,0.0022267315359812425,0.0022267315359812425

mean_time: , 12510.873683691025
best_solution: , 0.8129166666666666
worst_solution: , 0.81875
mean_solution: , 0.8159166666666666
std_solution: , 0.0022267315359812425



solutions runs are : 



0.8166666666666667

0.8129166666666666

0.8175

0.81375

0.81875

