# Scenario 409
Mean curve: 0.7693333333333333,0.7739999999999999,0.7739999999999999,0.7754999999999999,0.7756666666666666,0.7783333333333332,0.7789999999999999,0.7789999999999999,0.7791666666666666,0.7791666666666666,0.7849999999999999,0.7849999999999999,0.7853333333333333,0.7853333333333333,0.7853333333333333,0.7869999999999999,0.7869999999999999,0.7869999999999999,0.7869999999999999,0.7869999999999999,0.7869999999999999,0.7869999999999999,0.7869999999999999,0.7869999999999999,0.7869999999999999,0.7869999999999999,0.7888333333333334,0.7888333333333334,0.7888333333333334,0.7888333333333334,0.7888333333333334,0.7888333333333334,0.7888333333333334,0.7888333333333334,0.7888333333333334,0.7901666666666667,0.7903333333333334,0.7903333333333334,0.7903333333333334,0.7923333333333333,0.7923333333333333,0.7923333333333333,0.7951666666666666,0.7951666666666666,0.7951666666666666,0.7951666666666666,0.7951666666666666,0.7951666666666666,0.7951666666666666,0.7951666666666666,0.7951666666666666,0.7951666666666666,0.7951666666666666,0.7951666666666666,0.7951666666666666,0.7951666666666666,0.7951666666666666,0.7951666666666666,0.7951666666666666,0.7951666666666666,0.7951666666666666,0.7951666666666666,0.7951666666666666,0.7951666666666666,0.7951666666666666,0.7951666666666666,0.7965,0.7965,0.7965,0.7965,0.7965,0.7965,0.7965,0.7965,0.7965,0.7965,0.7965,0.7965,0.7965,0.7965,0.7965,0.7965,0.7965,0.7965,0.7968333333333334,0.8004999999999999,0.8004999999999999,0.8025,0.8025,0.8025,0.8025,0.8025,0.8025,0.8025,0.8025,0.8025,0.8025,0.8025,0.8025,0.8025
Std curve: 0.015123565129367557,0.013159280628767896,0.013159280628767896,0.011409060726749874,0.011247221879201975,0.010967122584241384,0.01021164912136025,0.01021164912136025,0.010069204977995464,0.010069204977995464,0.00932440048713292,0.00932440048713292,0.009258629608220777,0.009258629608220777,0.009258629608220777,0.008409650541028579,0.008409650541028579,0.008409650541028579,0.008409650541028579,0.008409650541028579,0.008409650541028579,0.008409650541028579,0.008409650541028579,0.008409650541028579,0.008409650541028579,0.008409650541028579,0.005835713800003864,0.005835713800003864,0.005835713800003864,0.005835713800003864,0.005835713800003864,0.005835713800003864,0.005835713800003864,0.005835713800003864,0.005835713800003864,0.004927248499698148,0.004731689855526112,0.004731689855526112,0.004731689855526112,0.004229525846816492,0.004229525846816492,0.004229525846816492,0.0089038069261287,0.0089038069261287,0.0089038069261287,0.0089038069261287,0.0089038069261287,0.0089038069261287,0.0089038069261287,0.0089038069261287,0.0089038069261287,0.0089038069261287,0.0089038069261287,0.0089038069261287,0.0089038069261287,0.0089038069261287,0.0089038069261287,0.0089038069261287,0.0089038069261287,0.0089038069261287,0.0089038069261287,0.0089038069261287,0.0089038069261287,0.0089038069261287,0.0089038069261287,0.0089038069261287,0.00784219357067905,0.00784219357067905,0.00784219357067905,0.00784219357067905,0.00784219357067905,0.00784219357067905,0.00784219357067905,0.00784219357067905,0.00784219357067905,0.00784219357067905,0.00784219357067905,0.00784219357067905,0.00784219357067905,0.00784219357067905,0.00784219357067905,0.00784219357067905,0.00784219357067905,0.00784219357067905,0.0084885543854979,0.015710930377712616,0.015710930377712616,0.015411035007422436,0.015411035007422436,0.015411035007422436,0.015411035007422436,0.015411035007422436,0.015411035007422436,0.015411035007422436,0.015411035007422436,0.015411035007422436,0.015411035007422436,0.015411035007422436,0.015411035007422436,0.015411035007422436

mean_time: , 5661.4855370521545
best_solution: , 0.7891666666666667
worst_solution: , 0.8316666666666667
mean_solution: , 0.8025
std_solution: , 0.015411035007422436



solutions runs are : 



0.7925

0.7891666666666667

0.8316666666666667

0.8041666666666667

0.795

