# Scenario 24
Mean curve: 0.5971353173657749,0.6168227580690242,0.642919273212996,0.6492090600746143,0.6679716691320259,0.6774732420767473,0.6893515339779046,0.7040564470779123,0.7126902321309239,0.7248600176600648,0.7305038487408718,0.7399758117507406,0.7477704188225117,0.7519287885558223,0.7608319100046416,0.7676677453673493,0.7750491795570482,0.7818029730828838,0.7850290522754245,0.7899774068440639,0.792653885479049,0.793428695154548,0.8004436096015333,0.8095089164068474,0.811855981298702,0.812113419477695,0.817881869853303,0.8232625177383234,0.8236470830207827,0.8255723284955586,0.8315476020212321,0.8334578523979884,0.8351304548727019,0.8363841022470426,0.8369901204033641,0.8417347147427199,0.8434886438998701,0.8470052612945288,0.8470052612945288,0.8470052612945288,0.8470167060153593,0.8479963104339507,0.8487006823271672,0.8497173035448433,0.8515047640358147,0.8515047640358147,0.8515047640358147,0.8515047640358147,0.854046937834591,0.8544807567766135,0.8550305396396487,0.8552708470510242,0.8601585329225921,0.8614792345505153,0.8614792345505153,0.8642857945803707,0.8642857945803707,0.8664164486975027,0.8664164486975027,0.8674002248083067,0.8674002248083067,0.8678690307560298,0.8682911210561224,0.8707353923782486,0.8707353923782486,0.8707353923782486,0.8747343320697116,0.8749602309967326,0.8754965032105362,0.8754965032105362,0.8754965032105362,0.8754965032105362,0.8754965032105362,0.8754965032105362,0.8754965032105362,0.8754965032105362,0.8757589991326287,0.8762341020973585,0.8762341020973585,0.8762341020973585,0.8762341020973585,0.8762341020973585,0.8762341020973585,0.8762341020973585,0.8762341020973585,0.8762341020973585,0.8762341020973585,0.8762341020973585,0.8762341020973585,0.8762341020973585,0.8762935128908783,0.8762935128908783,0.8762935128908783,0.8762935128908783,0.8762935128908783,0.8762935128908783,0.8778622579968005,0.8778622579968005,0.8778622579968005,0.8778622579968005
Std curve: 0.019526933954477122,0.00884572033107838,0.012291656703095588,0.01082655907545419,0.011735215997567201,0.012465275281061158,0.01294074455174514,0.013811189043530488,0.008667622636509713,0.010374676147753665,0.013284794865933243,0.013970650958052385,0.012554624374836896,0.014687200159545296,0.01387282049244997,0.008806626797083616,0.005485711669007206,0.010085289796638636,0.006902537894314468,0.005490402339875075,0.0038555381475543367,0.00462468955613149,0.009397576212540766,0.010022365009478411,0.007863994071300805,0.008181370402924338,0.0078615002493064,0.008959893009963119,0.009105573959137967,0.009069721472607928,0.00999532785852042,0.008664965066708087,0.00937433334614473,0.009385023189847711,0.009656954888959896,0.013004925634238291,0.01353269910332001,0.011268263362742318,0.011268263362742318,0.011268263362742318,0.011270332311270599,0.01097077314004719,0.009787728622773748,0.008206892478617134,0.008493654224004863,0.008493654224004863,0.008493654224004863,0.008493654224004863,0.009163676933775728,0.008402050098723269,0.0074701257438346555,0.007077914320448188,0.009611882765013574,0.008893932095331318,0.008893932095331318,0.010215139263280647,0.010215139263280647,0.01085470917761515,0.01085470917761515,0.010237119042689648,0.010237119042689648,0.010061157299161624,0.009940609168872018,0.009733589807841838,0.009733589807841838,0.009733589807841838,0.008805807092646962,0.00840369223339365,0.008632957501285224,0.008632957501285224,0.008632957501285224,0.008632957501285224,0.008632957501285224,0.008632957501285224,0.008632957501285224,0.008632957501285224,0.008168103471234728,0.008266733981624842,0.008266733981624842,0.008266733981624842,0.008266733981624842,0.008266733981624842,0.008266733981624842,0.008266733981624842,0.008266733981624842,0.008266733981624842,0.008266733981624842,0.008266733981624842,0.008266733981624842,0.008266733981624842,0.008160348515189238,0.008160348515189238,0.008160348515189238,0.008160348515189238,0.008160348515189238,0.008160348515189238,0.008435491493513376,0.008435491493513376,0.008435491493513376,0.008435491493513376

mean_time: , 20675.82567281723
best_solution: , 0.8617045454545454
worst_solution: , 0.8860506180105945
mean_solution: , 0.8778622579968005
std_solution: , 0.008435491493513376



solutions runs are : 



0.8860506180105945

0.8788902291917974

0.8824551244933411

0.8617045454545454

0.8802107728337236

