# Scenario 234
Mean curve: 0.7538333333333334,0.7613333333333333,0.7676666666666667,0.7713333333333333,0.7768333333333333,0.7789999999999999,0.7818333333333334,0.7856666666666665,0.7893333333333332,0.7893333333333332,0.7951666666666666,0.7996666666666666,0.8083333333333333,0.8109999999999999,0.8138333333333334,0.8138333333333334,0.8140000000000001,0.8140000000000001,0.8153333333333332,0.8153333333333332,0.8191666666666666,0.8191666666666666,0.8215,0.8223333333333335,0.8246666666666668,0.8256666666666668,0.826,0.8288333333333334,0.8326666666666667,0.8326666666666667,0.8328333333333333,0.8378333333333334,0.8383333333333335,0.8395000000000001,0.8416666666666668,0.8425,0.8425,0.8455,0.8455,0.8478333333333333,0.8478333333333333,0.8483333333333333,0.8483333333333333,0.8483333333333333,0.8483333333333333,0.8513333333333332,0.8523333333333334,0.8548333333333332,0.8548333333333332,0.8581666666666667,0.8581666666666667,0.8581666666666667,0.8581666666666667,0.8581666666666667,0.8581666666666667,0.8591666666666666,0.8591666666666666,0.8591666666666666,0.8595,0.8595,0.8598333333333334,0.8608333333333335,0.8608333333333335,0.8608333333333335,0.8616666666666667,0.8616666666666667,0.8616666666666667,0.8633333333333333,0.8638333333333333,0.8638333333333333,0.8646666666666667,0.8710000000000001,0.8710000000000001,0.8723333333333333,0.8741666666666668,0.8743333333333332,0.8756666666666666,0.8756666666666666,0.8756666666666666,0.8756666666666666,0.8756666666666666,0.8766666666666666,0.8766666666666666,0.8766666666666666,0.8766666666666666,0.8766666666666666,0.8766666666666666,0.8766666666666666,0.8766666666666666,0.8779999999999999,0.8779999999999999,0.8779999999999999,0.8783333333333333,0.8788333333333332,0.8788333333333332,0.8788333333333332,0.8791666666666667,0.8813333333333333,0.8813333333333333,0.8841666666666667
Std curve: 0.012025436005031644,0.010049875621120898,0.009780933834080805,0.005930148958219053,0.0077352009239148615,0.005878397362849482,0.003391164991562661,0.0054619898693913085,0.005807083796728087,0.005807083796728087,0.01201156849781815,0.01392040867854739,0.012995725793078594,0.011527744310527046,0.006046119049072342,0.006046119049072342,0.006132789830991359,0.006132789830991359,0.006553201083779156,0.006553201083779156,0.0055527770829859125,0.0055527770829859125,0.00639878460681751,0.006420453428086093,0.007121953539740531,0.007982620009885375,0.007663042621715105,0.011506037062728815,0.009240610850419433,0.009240610850419433,0.0090154188908657,0.007828012377211592,0.007264831572567809,0.006679154969837984,0.0063464775882199325,0.007071067811865479,0.007071067811865479,0.004702245326555299,0.004702245326555299,0.007557189365836418,0.007557189365836418,0.00743490267439848,0.00743490267439848,0.00743490267439848,0.00743490267439848,0.009288583195395187,0.009360080721399317,0.009404490653110593,0.009404490653110593,0.0034318767136623297,0.0034318767136623297,0.0034318767136623297,0.0034318767136623297,0.0034318767136623297,0.0034318767136623297,0.0030731814857642824,0.0030731814857642824,0.0030731814857642824,0.0032317865716108758,0.0032317865716108758,0.003511884584284223,0.004082482904638606,0.004082482904638606,0.004082482904638606,0.005137011669140788,0.005137011669140788,0.005137011669140788,0.005400617248673195,0.005180090089306657,0.005180090089306657,0.004612784167699329,0.012420860589257801,0.012420860589257801,0.012057731498457276,0.011510864433221333,0.011563832505801097,0.010292931771096341,0.010292931771096341,0.010292931771096341,0.010292931771096341,0.010292931771096341,0.010736748938937604,0.010736748938937604,0.010736748938937604,0.010736748938937604,0.010736748938937604,0.010736748938937604,0.010736748938937604,0.010736748938937604,0.010118739491107033,0.010118739491107033,0.010118739491107033,0.010314498964510546,0.010679679562400533,0.010679679562400533,0.010679679562400533,0.010233387622005827,0.009480975102218585,0.009480975102218585,0.01111805338677196

mean_time: , 5445.1140360355375
best_solution: , 0.8683333333333333
worst_solution: , 0.8991666666666667
mean_solution: , 0.8841666666666667
std_solution: , 0.01111805338677196



solutions runs are : 



0.88

0.8683333333333333

0.8791666666666667

0.8941666666666667

0.8991666666666667

