# Scenario 359
Mean curve: 0.7238333333333333,0.7245,0.7305,0.7336666666666666,0.7401666666666666,0.7401666666666666,0.7426666666666667,0.7426666666666667,0.7426666666666667,0.7426666666666667,0.7426666666666667,0.7431666666666666,0.7445,0.7445,0.7451666666666668,0.7451666666666668,0.7475,0.7486666666666667,0.7516666666666667,0.7521666666666667,0.7523333333333333,0.7523333333333333,0.7523333333333333,0.7531666666666667,0.7536666666666667,0.7588333333333332,0.7588333333333332,0.7588333333333332,0.7596666666666667,0.7601666666666667,0.7601666666666667,0.7608333333333334,0.7618333333333334,0.7631666666666667,0.7656666666666666,0.766,0.7663333333333333,0.7663333333333333,0.7678333333333334,0.768,0.7681666666666667,0.7681666666666667,0.7683333333333333,0.7683333333333333,0.7683333333333333,0.7685000000000001,0.7723333333333333,0.7735,0.7736666666666666,0.7755,0.7755,0.7756666666666667,0.7761666666666667,0.7783333333333334,0.7786666666666667,0.7786666666666667,0.7808333333333335,0.7816666666666667,0.7823333333333334,0.7825000000000001,0.7825000000000001,0.7853333333333333,0.7861666666666667,0.787,0.787,0.787,0.7888333333333333,0.7891666666666667,0.7891666666666667,0.7891666666666667,0.7898333333333333,0.7898333333333333,0.7898333333333333,0.7898333333333333,0.7898333333333333,0.7898333333333333,0.7899999999999999,0.7913333333333333,0.7913333333333333,0.7913333333333333,0.7913333333333333,0.7926666666666666,0.7931666666666667,0.7945,0.7946666666666666,0.7946666666666666,0.7946666666666666,0.7948333333333333,0.7955,0.796,0.7963333333333333,0.7963333333333333,0.7985,0.7988333333333333,0.7988333333333333,0.7995,0.7995,0.7995,0.7995,0.8006666666666667
Std curve: 0.009669539802906843,0.010118739491107023,0.014401003051485315,0.012633729105498141,0.014077168275852443,0.014077168275852443,0.015946089733153344,0.015946089733153344,0.015946089733153344,0.015946089733153344,0.015946089733153344,0.015306135298558511,0.014284801558144109,0.014284801558144109,0.013368703086770324,0.013368703086770324,0.0108269211792745,0.01293788579671689,0.011462499242699598,0.011506037062728803,0.01180160064473366,0.01180160064473366,0.01180160064473366,0.011813363431112908,0.011932681546445837,0.007898663740715189,0.007898663740715189,0.007898663740715189,0.007792446485040634,0.007930251502246872,0.007930251502246872,0.007601169500660915,0.00764489662745314,0.0074981479194679915,0.008714610974934247,0.008778129388175793,0.00910738406154284,0.00910738406154284,0.010627532377953258,0.010640593133008263,0.010585629672133627,0.010585629672133627,0.010788368221788167,0.010788368221788167,0.010788368221788167,0.01099747445754908,0.012172373091006806,0.013042665031009223,0.013097921802925657,0.01484737163421338,0.01484737163421338,0.014562127439201837,0.01496848541287846,0.01234908903522847,0.0123670709727261,0.0123670709727261,0.013322912594474235,0.014033689623347261,0.013533908033774538,0.01342675604074856,0.01342675604074856,0.010200762498732903,0.009797958971132689,0.009407443861113371,0.009407443861113371,0.009407443861113371,0.011050389636167165,0.011450376024878434,0.011450376024878434,0.011450376024878434,0.012319812408384201,0.012319812408384201,0.012319812408384201,0.012319812408384201,0.012319812408384201,0.012319812408384201,0.012247448713915872,0.01217465491183313,0.01217465491183313,0.01217465491183313,0.01217465491183313,0.010360180178613374,0.01121011448053348,0.011590225767142446,0.011886032886450269,0.011886032886450269,0.011886032886450269,0.011848581724784127,0.01160220285597139,0.011430952132988143,0.01151810169544731,0.01151810169544731,0.01161177563223355,0.011113055385446435,0.011113055385446435,0.011602202855971409,0.011602202855971409,0.011602202855971409,0.011602202855971409,0.01188369564665059

mean_time: , 6669.243676996231
best_solution: , 0.7825
worst_solution: , 0.8166666666666667
mean_solution: , 0.8006666666666667
std_solution: , 0.01188369564665059



solutions runs are : 



0.8166666666666667

0.8058333333333333

0.7825

0.7925

0.8058333333333333

