# Scenario 333
Mean curve: 0.73,0.7401666666666666,0.7483333333333333,0.7501666666666666,0.7595,0.7635000000000001,0.7658333333333334,0.7681666666666667,0.7703333333333333,0.7703333333333333,0.771,0.7735000000000001,0.776,0.779,0.7836666666666666,0.784,0.7859999999999999,0.7878333333333334,0.7895,0.79,0.79,0.79,0.7916666666666667,0.7916666666666667,0.7916666666666667,0.792,0.792,0.792,0.792,0.7925000000000001,0.7925000000000001,0.794,0.7941666666666667,0.7975000000000001,0.7986666666666667,0.7986666666666667,0.8,0.8,0.8,0.8,0.8026666666666668,0.8036666666666668,0.8053333333333332,0.8055,0.8055,0.8055,0.8055,0.8055,0.8055,0.8055,0.8061666666666667,0.8061666666666667,0.807,0.8076666666666666,0.8081666666666667,0.8081666666666667,0.8123333333333334,0.8146666666666667,0.8148333333333333,0.8148333333333333,0.8155000000000001,0.8155000000000001,0.8175000000000001,0.819,0.819,0.819,0.819,0.8196666666666668,0.82,0.821,0.821,0.821,0.821,0.821,0.8215,0.8216666666666667,0.8216666666666667,0.8233333333333333,0.8234999999999999,0.8236666666666667,0.8241666666666667,0.8248333333333333,0.8248333333333333,0.8258333333333333,0.8258333333333333,0.8258333333333333,0.8278333333333334,0.8278333333333334,0.8288333333333334,0.8288333333333334,0.829,0.829,0.8291666666666666,0.8306666666666664,0.8314999999999999,0.8314999999999999,0.8338333333333333,0.8338333333333333,0.8355,0.8355
Std curve: 0.0016666666666666718,0.015575978656608102,0.01766194905565193,0.017089632984811445,0.017564168070250283,0.01562049935181333,0.016633299933166215,0.012115187896924161,0.008072587358874873,0.008072587358874873,0.006900080514828145,0.010453601187044496,0.008809716857601686,0.006900080514828162,0.005233439489369219,0.005201495511442436,0.006612278141625813,0.005930148958219095,0.006924192692613679,0.00600925212577331,0.00600925212577331,0.00600925212577331,0.007071067811865474,0.007071067811865474,0.007071067811865474,0.006984108946585652,0.006984108946585652,0.006984108946585652,0.006984108946585652,0.0060781941762701715,0.0060781941762701715,0.007137537701787959,0.007264831572567798,0.008096638534327424,0.0061599062041921135,0.0061599062041921135,0.00697216688778396,0.00697216688778396,0.00697216688778396,0.00697216688778396,0.006132789830991369,0.007720823214600315,0.006883958809354456,0.0071608503529802785,0.0071608503529802785,0.0071608503529802785,0.0071608503529802785,0.0071608503529802785,0.0071608503529802785,0.0071608503529802785,0.007408703590297618,0.007408703590297618,0.008749603165604452,0.00843932593411478,0.008086339647138799,0.008086339647138799,0.009623466688834697,0.011262030604350768,0.011443095929181253,0.011443095929181253,0.01223156208793918,0.01223156208793918,0.012791055902899924,0.014581190318732947,0.014581190318732947,0.014581190318732947,0.014581190318732947,0.015497311594811106,0.015977414614942502,0.016409685486863487,0.016409685486863487,0.016409685486863487,0.016409685486863487,0.016409685486863487,0.017105879431093596,0.017344547654330265,0.017344547654330265,0.019881593944595526,0.019912307751739872,0.019969421067666877,0.020763215336529934,0.02091251618847751,0.02091251618847751,0.021291625896895098,0.021291625896895098,0.021291625896895098,0.022568414506414357,0.022568414506414357,0.023437861108329273,0.023437861108329273,0.023454447576336385,0.023454447576336385,0.02323192248227044,0.02358436393507831,0.023940899454002712,0.023940899454002712,0.0254983659607173,0.0254983659607173,0.023301168306427148,0.023301168306427148

mean_time: , 5449.869532966613
best_solution: , 0.8066666666666666
worst_solution: , 0.8575
mean_solution: , 0.8355
std_solution: , 0.023301168306427148



solutions runs are : 



0.8508333333333333

0.8075

0.855

0.8575

0.8066666666666666

