# Scenario 0
Mean curve: 0.7351235360221522,0.7597729335933456,0.79127173566282,0.8075819359907246,0.8316182233296884,0.8453546216515477,0.862201554424548,0.8789543849285739,0.8887956475839645,0.9009532480325448,0.9041803058426119,0.9201492642710022,0.9243166599537893,0.9269972564149247,0.9322262131566162,0.9395196204259145,0.9414495852771836,0.9453804969427753,0.9464351079285468,0.9508094616652032,0.9555495181165986,0.9561960012417687,0.9588935123034366,0.9654802272871892,0.9694541119556556,0.9721337545074086,0.9725798946813731,0.9758508020641304,0.9758508020641304,0.9783353132010083,0.9803071381404033,0.9820737272146729,0.9852049908002011,0.9852049908002011,0.9852049908002011,0.9852049908002011,0.9854897232349004,0.9856409434698026,0.9856409434698026,0.9858972010115139,0.9858972010115139,0.9858972010115139,0.9861158829877332,0.9861158829877332,0.9866470815990341,0.9870032078099295,0.9870032078099295,0.9870032078099295,0.9870032078099295,0.9870032078099295,0.9870032078099295,0.9877847412084033,0.9877847412084033,0.9880596565848435,0.9880596565848435,0.9880596565848435,0.9880596565848435,0.9880596565848435,0.9880596565848435,0.9880596565848435,0.9880596565848435,0.9880596565848435,0.9881605921515808,0.9881605921515808,0.9881605921515808,0.9881605921515808,0.9884554520294084,0.9884554520294084,0.9884709037554515,0.9884709037554515,0.9884709037554515,0.9885735372018427,0.9885735372018427,0.9887942370358275,0.9887942370358275,0.9887942370358275,0.9887942370358275,0.9888398141007265,0.9888398141007265,0.9888398141007265,0.9888398141007265,0.9888398141007265,0.9888398141007265,0.9889024674439616,0.9896209838308383,0.9896209838308383,0.9896209838308383,0.9896209838308383,0.9896209838308383,0.9896209838308383,0.9898346699502184,0.9898346699502184,0.9900712601845557,0.9900712601845557,0.9900712601845557,0.9900712601845557,0.9900712601845557,0.9900712601845557,0.9900712601845557,0.9900712601845557
Std curve: 0.020260386393412766,0.017320855707273392,0.026146104129804087,0.021677911580739954,0.018713744335110024,0.010978342193972234,0.012899759895872031,0.013773640160254437,0.013891374796312318,0.014132496597184916,0.011899048587834225,0.019081684311418257,0.014710400385390232,0.012742610964301702,0.010960151253744253,0.006085334436447779,0.0056848620661718256,0.004169383682421019,0.004720249166915017,0.004801458507457829,0.008668857300195659,0.00898615776732489,0.006623072650013134,0.008161373296909942,0.006872118929167568,0.007837415411303028,0.007888324404517975,0.0054901639910427055,0.0054901639910427055,0.00672722120529438,0.007189753026114725,0.008077298119195714,0.0036819450712555785,0.0036819450712555785,0.0036819450712555785,0.0036819450712555785,0.003544372628267489,0.0034456668334092713,0.0034456668334092713,0.0037766023946791136,0.0037766023946791136,0.0037766023946791136,0.0036710289156141147,0.0036710289156141147,0.0036276531855782704,0.0037658951413878034,0.0037658951413878034,0.0037658951413878034,0.0037658951413878034,0.0037658951413878034,0.0037658951413878034,0.004305408591956057,0.004305408591956057,0.0038200730583533102,0.0038200730583533102,0.0038200730583533102,0.0038200730583533102,0.0038200730583533102,0.0038200730583533102,0.0038200730583533102,0.0038200730583533102,0.0038200730583533102,0.00385315839322572,0.00385315839322572,0.00385315839322572,0.00385315839322572,0.004010467860868031,0.004010467860868031,0.004020562706247584,0.004020562706247584,0.004020562706247584,0.00409099308039141,0.00409099308039141,0.004272021616886966,0.004272021616886966,0.004272021616886966,0.004272021616886966,0.004248869293227684,0.004248869293227684,0.004248869293227684,0.004248869293227684,0.004248869293227684,0.004248869293227684,0.004140167350267288,0.0029880232153529987,0.0029880232153529987,0.0029880232153529987,0.0029880232153529987,0.0029880232153529987,0.0029880232153529987,0.0031235202509884994,0.0031235202509884994,0.0033315700289179386,0.0033315700289179386,0.0033315700289179386,0.0033315700289179386,0.0033315700289179386,0.0033315700289179386,0.0033315700289179386,0.0033315700289179386

mean_time: , 8696.720127916336
best_solution: , 0.9853429743990619
worst_solution: , 0.9933826391592059
mean_solution: , 0. 0712601845557
std_solution: , 0.0033315700289179386



solutions runs are :



0.9933826391592059

0.9921984396879376

0.9926655085890754

0.9867667390874976

0.9853429743990619

