# Scenario 345
Mean curve: 0.7124444444444444,0.7178333333333333,0.7258333333333333,0.7266111111111111,0.7309444444444444,0.734,0.7345,0.7349444444444444,0.7411666666666668,0.7411666666666668,0.7431111111111112,0.7442777777777778,0.7442777777777778,0.7451111111111112,0.7469444444444445,0.7471111111111111,0.7471111111111111,0.7483888888888889,0.7483888888888889,0.7483888888888889,0.7487777777777778,0.7487777777777778,0.7507777777777778,0.7513888888888889,0.7527222222222222,0.7560555555555555,0.7560555555555555,0.7563888888888888,0.7563888888888888,0.7568888888888889,0.7568888888888889,0.7568888888888889,0.7572777777777778,0.7574444444444444,0.7574444444444444,0.7574444444444444,0.7574444444444444,0.7575,0.7576666666666666,0.7603333333333333,0.7611111111111111,0.7615000000000001,0.7615000000000001,0.7615555555555555,0.7626666666666667,0.7626666666666667,0.7626666666666667,0.7626666666666667,0.764,0.7649444444444444,0.7649444444444444,0.7649444444444444,0.7651111111111112,0.7652222222222222,0.7663888888888889,0.7674444444444444,0.7674444444444444,0.7674444444444444,0.7674444444444444,0.7674444444444444,0.7686666666666666,0.7693888888888889,0.7699444444444444,0.7699444444444444,0.7703333333333333,0.7717222222222222,0.776,0.776888888888889,0.776888888888889,0.776888888888889,0.776888888888889,0.7770555555555556,0.7774444444444444,0.7781111111111112,0.7798333333333334,0.7798333333333334,0.7800555555555556,0.7812222222222223,0.7820555555555555,0.784,0.784,0.784,0.7851111111111111,0.7860555555555556,0.7860555555555556,0.7860555555555556,0.7868333333333334,0.7874444444444444,0.7885555555555556,0.788888888888889,0.7914999999999999,0.7918333333333333,0.7950555555555555,0.7950555555555555,0.7952777777777778,0.7952777777777778,0.7952777777777778,0.7955,0.7957222222222222,0.7961666666666666
Std curve: 0.01017652830758414,0.008171389412962261,0.007391185942027842,0.006407942602353885,0.003954213255394285,0.006677306324640685,0.006491685090070373,0.005984548004220115,0.009331679747697132,0.009331679747697132,0.007242279840212676,0.0061025192126482365,0.0061025192126482365,0.005815050714724235,0.006098471777805591,0.00614535858178881,0.00614535858178881,0.003749073959733994,0.003749073959733994,0.003749073959733994,0.003989182904670267,0.003989182904670267,0.005481168659742464,0.005015408357018828,0.006058867595781391,0.004948500209254084,0.004948500209254084,0.005354702560009542,0.005354702560009542,0.0060512216907511645,0.0060512216907511645,0.0060512216907511645,0.005548328632776193,0.005352973097975971,0.005352973097975971,0.005352973097975971,0.005352973097975971,0.005377708906813377,0.005464814501047991,0.007865379681290925,0.007097208632298349,0.0071245532673465985,0.0071245532673465985,0.007204251145532145,0.008439325934114792,0.008439325934114792,0.008439325934114792,0.008439325934114792,0.00830662386291807,0.009432017968757447,0.009432017968757447,0.009432017968757447,0.009453590342847037,0.009474462100761489,0.009830351085751516,0.010141590203308945,0.010141590203308945,0.010141590203308945,0.010141590203308945,0.010141590203308945,0.008422486070332087,0.008795341078739227,0.009058111432083899,0.009058111432083899,0.009428745121589652,0.010614455552060403,0.013374473567579254,0.012252991572229859,0.012252991572229859,0.012252991572229859,0.012252991572229859,0.012508762360940007,0.013119112436102955,0.014203546766239077,0.014277453519880407,0.014277453519880407,0.014064884914364605,0.015927691547261067,0.016596705012861784,0.016919927618559268,0.016919927618559268,0.016919927618559268,0.016297390535653416,0.0156735603430478,0.0156735603430478,0.0156735603430478,0.01576701510851369,0.015037401929526397,0.015406428031550942,0.015964853372639427,0.019150637419685205,0.019058551756671562,0.016775018168929096,0.016775018168929096,0.017158484205981397,0.017158484205981397,0.017158484205981397,0.016972563189882887,0.016733753868110962,0.01751665873770833

mean_time: , 13440.634264469147
best_solution: , 0.7780555555555555
worst_solution: , 0.8272222222222222
mean_solution: , 0.7961666666666666
std_solution: , 0.01751665873770833



solutions runs are : 



0.8272222222222222

0.7816666666666666

0.7930555555555555

0.7780555555555555

0.8008333333333333

