# Scenario 83
Mean curve: 0.49744243704072355,0.5087707421351872,0.5159812879816479,0.525566837188163,0.5331474342910795,0.5408756386976267,0.546021119586387,0.5506961306716274,0.5591375046271502,0.5622906514608718,0.5685442999581778,0.5744221516275579,0.5784889020298116,0.5827381318332612,0.592972462357039,0.596574339398473,0.5994958352805432,0.6009636412659682,0.602773690661102,0.6060788986881847,0.6077452597771597,0.6092193779425925,0.6106995184355373,0.6151408097577769,0.6154881443405417,0.6204882356306931,0.6214304797364261,0.6233377883988803,0.6239759784246133,0.6239786419638234,0.6283600493995839,0.6301714391986886,0.6305000659516403,0.6306911029790563,0.6322098622822845,0.6329256061225318,0.6346924635571096,0.6357508284351381,0.6364905935906785,0.6384758430809174,0.6393016343814014,0.6394791554337823,0.6399555021519296,0.6399555021519296,0.641569727974389,0.6439699495395868,0.6443992422829954,0.6451537255151639,0.6457000326626023,0.6458917724811714,0.648262849981097,0.6487233934243626,0.649421310237505,0.6512162118039067,0.6516908206819113,0.6540842168591408,0.6540842168591408,0.6553633145340858,0.6558604922087774,0.6559484602443059,0.6559484602443059,0.657822924798987,0.657822924798987,0.657822924798987,0.657822924798987,0.657822924798987,0.6590307577994904,0.6607118173243057,0.6611489506919199,0.6611489506919199,0.6613574639548487,0.6613574639548487,0.6613574639548487,0.6613574639548487,0.6613574639548487,0.6613574639548487,0.6613574639548487,0.6613574639548487,0.6613574639548487,0.6613574639548487,0.6613574639548487,0.6613574639548487,0.661578997683822,0.6619661912114341,0.6619661912114341,0.6619661912114341,0.6619661912114341,0.6629531166008183,0.6635600784134541,0.6635600784134541,0.6642751129103385,0.6642751129103385,0.6655836932183927,0.6655836932183927,0.6657133634820822,0.6665745826514966,0.6665745826514966,0.6665745826514966,0.6665745826514966,0.6665745826514966
Std curve: 0.0042142511504003385,0.003539095324732052,0.0032076195858906083,0.008839755288086592,0.004634492128213962,0.009869222092896028,0.007595963732234174,0.00541743141418313,0.0036815605838216785,0.004753745304421027,0.0035187368417789527,0.0054676652019288695,0.006685067616479879,0.006710568426897841,0.007517407836417951,0.004575880859940997,0.0043461839602720225,0.004231141933510654,0.00537560036420933,0.004177119080085475,0.005300852211393158,0.006446626743287096,0.007081817546696231,0.0036648445933815848,0.003134814718530429,0.0026242425701883247,0.0024232172558971542,0.003690839922233675,0.0045165234120088426,0.004513451939396281,0.005929824262327631,0.004449930648719496,0.004259110908987942,0.00425861403602124,0.005803711847606178,0.00539941954739317,0.005002051714845641,0.005078488533963123,0.005388442744030855,0.0076798646934170475,0.006686449078984756,0.006576646676652682,0.006109974069051306,0.006109974069051306,0.0064950681963399735,0.006565673183117908,0.006500928644186473,0.006525782822301348,0.005846718064244845,0.00589767831438691,0.007559262575662817,0.0070322677296405945,0.006373807455565924,0.004931335882259715,0.004808001824020903,0.00381871359944927,0.00381871359944927,0.005113853485653836,0.00476549708733149,0.004626646914380411,0.004626646914380411,0.006420952806375039,0.006420952806375039,0.006420952806375039,0.006420952806375039,0.006420952806375039,0.00500551924497036,0.003682223307663589,0.0037135604854797557,0.0037135604854797557,0.0036307549320836454,0.0036307549320836454,0.0036307549320836454,0.0036307549320836454,0.0036307549320836454,0.0036307549320836454,0.0036307549320836454,0.0036307549320836454,0.0036307549320836454,0.0036307549320836454,0.0036307549320836454,0.0036307549320836454,0.0034584469449913265,0.0032815652034295915,0.0032815652034295915,0.0032815652034295915,0.0032815652034295915,0.0051273818374178975,0.004956069736035245,0.004956069736035245,0.0048201827396811775,0.0048201827396811775,0.0037010149299295434,0.0037010149299295434,0.0036312175460577957,0.0038129227286713987,0.0038129227286713987,0.0038129227286713987,0.0038129227286713987,0.0038129227286713987

mean_time: , 131101.3689605236
best_solution: , 0.6624438087454025
worst_solution: , 0.6727904667328699
mean_solution: , 0.6665745826514966
std_solution: , 0.0038129227286713987



solutions runs are : 



0.6690823256584396

0.6624438087454025

0.6645569620253164

0.6639993500954547

0.6727904667328699

