# Scenario 309
Mean curve: 0.7698333333333334,0.7768333333333334,0.7898333333333334,0.7945,0.8051666666666668,0.8111666666666666,0.8148333333333333,0.8238333333333333,0.8238333333333333,0.8248333333333333,0.8261666666666667,0.8261666666666667,0.8263333333333334,0.8348333333333333,0.8348333333333333,0.8348333333333333,0.8373333333333333,0.8408333333333333,0.8466666666666667,0.8466666666666667,0.8466666666666667,0.8471666666666667,0.8496666666666666,0.851,0.851,0.851,0.8541666666666667,0.8556666666666667,0.8556666666666667,0.8561666666666667,0.8581666666666667,0.8581666666666667,0.8581666666666667,0.8601666666666666,0.8608333333333335,0.8608333333333335,0.8613333333333333,0.8613333333333333,0.8613333333333333,0.8645000000000002,0.8646666666666667,0.8646666666666667,0.8711666666666666,0.8711666666666666,0.8713333333333333,0.8720000000000001,0.8720000000000001,0.8745,0.8745,0.8745,0.8755000000000001,0.8755000000000001,0.8755000000000001,0.8783333333333333,0.8789999999999999,0.8809999999999999,0.8815,0.8815,0.8815,0.8815,0.8815,0.8815,0.8815,0.8815,0.8835,0.8835,0.8835,0.8843333333333334,0.8846666666666667,0.8866666666666667,0.8866666666666667,0.8883333333333333,0.8883333333333333,0.8883333333333333,0.8906666666666666,0.8906666666666666,0.8906666666666666,0.8906666666666666,0.8906666666666666,0.8906666666666666,0.8906666666666666,0.8906666666666666,0.8906666666666666,0.8935000000000001,0.8956666666666667,0.8960000000000001,0.8960000000000001,0.8996666666666668,0.9013333333333333,0.9013333333333333,0.9013333333333333,0.9013333333333333,0.9013333333333333,0.9040000000000001,0.9040000000000001,0.9040000000000001,0.9040000000000001,0.9040000000000001,0.9056666666666666,0.9056666666666666
Std curve: 0.01882964565666481,0.010844865656664962,0.010857664983268227,0.01320353488022557,0.02431506163311585,0.024763324135144336,0.02341889076033373,0.02718046684252826,0.02718046684252826,0.025725041842099654,0.025263060428661898,0.025263060428661898,0.025014440274014175,0.02568722120692184,0.02568722120692184,0.02568722120692184,0.022132178684741682,0.02444381312316061,0.019155794017592785,0.019155794017592785,0.019155794017592785,0.01913838493127821,0.019007308535870557,0.018866489987394163,0.018866489987394163,0.018866489987394163,0.022589328847439843,0.022063040991163883,0.022063040991163883,0.0229589004769634,0.022842455598682396,0.022842455598682396,0.022842455598682396,0.02551361292417137,0.025630927498716167,0.025630927498716167,0.026497379325342917,0.026497379325342917,0.026497379325342917,0.026207505286336072,0.025973276865099457,0.025973276865099457,0.027449954462621617,0.027449954462621617,0.027200898677964467,0.027505554994501677,0.027505554994501677,0.02764155486863132,0.02764155486863132,0.02764155486863132,0.028208548743638383,0.028208548743638383,0.028208548743638383,0.030477678535099896,0.03128009661820826,0.033888706739036885,0.03315535820614485,0.03315535820614485,0.03315535820614485,0.03315535820614485,0.03315535820614485,0.03315535820614485,0.03315535820614485,0.03315535820614485,0.03604549594301314,0.03604549594301314,0.03604549594301314,0.0355957238380617,0.035530112424377265,0.037009758472897676,0.037009758472897676,0.03678390348448019,0.03678390348448019,0.03678390348448019,0.036973714386785025,0.036973714386785025,0.036973714386785025,0.036973714386785025,0.036973714386785025,0.036973714386785025,0.036973714386785025,0.036973714386785025,0.036973714386785025,0.03884584919911007,0.035595723838061755,0.03592198336518865,0.03592198336518865,0.03874632599070237,0.03952706527038012,0.03952706527038012,0.03952706527038012,0.03952706527038012,0.03952706527038012,0.03808397154826279,0.03808397154826279,0.03808397154826279,0.03808397154826279,0.03808397154826279,0.03798172074973845,0.03798172074973845

mean_time: , 4379.020939207077
best_solution: , 0.8441666666666666
worst_solution: , 0.9516666666666667
mean_solution: , 0.9056666666666666
std_solution: , 0.03798172074973845



solutions runs are : 



0.9375

0.8441666666666666

0.9066666666666666

0.9516666666666667

0.8883333333333333

