# Scenario 238
Mean curve: 0.757,0.7657499999999999,0.7715,0.78125,0.78125,0.78125,0.78775,0.8022500000000001,0.8102499999999999,0.8212499999999998,0.8212499999999998,0.82225,0.82675,0.829,0.8309999999999998,0.8355,0.8370000000000001,0.8370000000000001,0.8422499999999999,0.8422499999999999,0.8459999999999999,0.85275,0.85275,0.8532500000000001,0.8547499999999999,0.8554999999999999,0.85625,0.8595,0.85975,0.85975,0.8644999999999999,0.8644999999999999,0.8644999999999999,0.8644999999999999,0.8665,0.8692499999999999,0.8692499999999999,0.86975,0.86975,0.8714999999999999,0.8727499999999999,0.8737499999999999,0.875,0.875,0.8785000000000001,0.8785000000000001,0.8810000000000002,0.8810000000000002,0.8830000000000002,0.8842500000000001,0.8842500000000001,0.8842500000000001,0.8842500000000001,0.8842500000000001,0.8842500000000001,0.8842500000000001,0.885,0.885,0.8855000000000001,0.891,0.891,0.891,0.891,0.891,0.892,0.892,0.8940000000000001,0.8942500000000001,0.8942500000000001,0.8942500000000001,0.8942500000000001,0.8975,0.9032500000000001,0.9035,0.9037500000000002,0.9037500000000002,0.9037500000000002,0.9037500000000002,0.9037500000000002,0.9037500000000002,0.9037500000000002,0.9047499999999999,0.9047499999999999,0.9047499999999999,0.9047499999999999,0.9047499999999999,0.9047499999999999,0.9047499999999999,0.9047499999999999,0.9047499999999999,0.9047499999999999,0.9047499999999999,0.9047499999999999,0.9047499999999999,0.90525,0.90675,0.90675,0.907,0.9075,0.9075
Std curve: 0.010265232583823888,0.004716990566028319,0.001999999999999996,0.005916079783099598,0.005916079783099598,0.005916079783099598,0.008492643875731504,0.00856592084950591,0.01297593927236096,0.015041608956491289,0.015041608956491289,0.013702189606044687,0.017168284713389378,0.014735162028291367,0.013495369576265777,0.01091443997647152,0.011742018565817355,0.011742018565817355,0.005208166663999882,0.005208166663999882,0.006633249580710787,0.009727538229171852,0.009727538229171852,0.009766012492312296,0.008268917704270623,0.00842614977317637,0.00883883476483186,0.008463155439905393,0.00863857627158551,0.00863857627158551,0.006051859218455092,0.006051859218455092,0.006051859218455092,0.006051859218455092,0.007558108228915475,0.00533853912601564,0.00533853912601564,0.004898979485566348,0.004898979485566348,0.003297726489568242,0.005086747487343956,0.004107919181288746,0.005419870847169703,0.005419870847169703,0.007219764539096832,0.007219764539096832,0.006585969936159737,0.006585969936159737,0.0055113519212621415,0.0032210246816812816,0.0032210246816812816,0.0032210246816812816,0.0032210246816812816,0.0032210246816812816,0.0032210246816812816,0.0032210246816812816,0.003708099243547835,0.003708099243547835,0.004301162633521303,0.007433034373659256,0.007433034373659256,0.007433034373659256,0.007433034373659256,0.007433034373659256,0.007441438033068614,0.007441438033068614,0.0076403533949680755,0.0073143694191639165,0.0073143694191639165,0.0073143694191639165,0.0073143694191639165,0.007288689868556618,0.008276472678623427,0.008306623862918076,0.008440971508067064,0.008440971508067064,0.008440971508067064,0.008440971508067064,0.008440971508067064,0.008440971508067064,0.008440971508067064,0.006910137480542623,0.006910137480542623,0.006910137480542623,0.006910137480542623,0.006910137480542623,0.006910137480542623,0.006910137480542623,0.006910137480542623,0.006910137480542623,0.006910137480542623,0.006910137480542623,0.006910137480542623,0.006910137480542623,0.006633249580710801,0.004974937185533097,0.004974937185533097,0.00509901951359279,0.0050000000000000044,0.0050000000000000044

mean_time: , 4715.6713445186615
best_solution: , 0.9
worst_solution: , 0.915
mean_solution: , 0.9075
std_solution: , 0.0050000000000000044



solutions runs are : 



0.905

0.915

0.9075

0.9

0.91

