# Scenario 276
Mean curve: 0.740375,0.7511249999999999,0.75875,0.760125,0.7631249999999999,0.77125,0.7775000000000001,0.7803749999999999,0.782875,0.7844999999999999,0.7889999999999999,0.791125,0.7912499999999999,0.7929999999999999,0.7947499999999998,0.794875,0.7968749999999999,0.798125,0.798875,0.8074999999999999,0.8074999999999999,0.8111249999999999,0.811625,0.8143749999999998,0.8161249999999999,0.8161249999999999,0.8162499999999999,0.8162499999999999,0.81775,0.818375,0.8195,0.82175,0.82175,0.8242499999999999,0.8248749999999999,0.8258749999999999,0.8258749999999999,0.8258749999999999,0.8258749999999999,0.8275,0.828625,0.8296250000000001,0.8296250000000001,0.83125,0.83125,0.83125,0.83125,0.8316250000000001,0.8323750000000001,0.8352499999999999,0.8352499999999999,0.8352499999999999,0.8373750000000001,0.8373750000000001,0.8373750000000001,0.8373750000000001,0.8397500000000001,0.8397500000000001,0.8397500000000001,0.8401250000000001,0.8401250000000001,0.8401250000000001,0.8401250000000001,0.8402500000000002,0.8402500000000002,0.841,0.841,0.8412499999999999,0.844,0.8442500000000001,0.8442500000000001,0.8445,0.8445,0.846125,0.846125,0.8474999999999999,0.8474999999999999,0.8488749999999999,0.8488749999999999,0.8488749999999999,0.8488749999999999,0.8488749999999999,0.8488749999999999,0.8488749999999999,0.8488749999999999,0.8488749999999999,0.849375,0.849375,0.849375,0.85025,0.850625,0.850625,0.850625,0.850625,0.851125,0.85125,0.85175,0.85175,0.852,0.8532500000000001
Std curve: 0.011247221879201989,0.006964194138592037,0.003952847075210467,0.0056236109396009945,0.0034460121880225663,0.014158698739644107,0.014059027349002473,0.011769929906333318,0.009308933880955413,0.00834228685673178,0.008183443651666457,0.007750000000000001,0.0075311851656960395,0.004799088455113113,0.004517327749898155,0.00430116263352131,0.0022360679774997855,0.0008838834764831656,0.0012119199643540978,0.00772576857018121,0.00772576857018121,0.007607562027351471,0.006864765108872972,0.010338036564067675,0.011500000000000012,0.011500000000000012,0.011401754250991393,0.011401754250991393,0.009791578013783093,0.00932570372679726,0.010250000000000021,0.008609587678861302,0.008609587678861302,0.007271519786124515,0.006793839120850615,0.0066450169300010286,0.0066450169300010286,0.0066450169300010286,0.0066450169300010286,0.008263246940519218,0.00651200813881557,0.0072736682629881,0.0072736682629881,0.009650129532809424,0.009650129532809424,0.009650129532809424,0.009650129532809424,0.009207673430351466,0.008490803848870864,0.006761564168149266,0.006761564168149266,0.006761564168149266,0.006583597041131845,0.006583597041131845,0.006583597041131845,0.006583597041131845,0.007252154852180138,0.007252154852180138,0.007252154852180138,0.0076485292703891644,0.0076485292703891644,0.0076485292703891644,0.0076485292703891644,0.007422516419651753,0.007422516419651753,0.006105837370909926,0.006105837370909926,0.00618718433538231,0.0074014356715437594,0.006952966992586689,0.006952966992586689,0.006512008138815561,0.006512008138815561,0.004391042017562592,0.004391042017562592,0.004643543905251689,0.004643543905251689,0.0026040833319999827,0.0026040833319999827,0.0026040833319999827,0.0026040833319999827,0.0026040833319999827,0.0026040833319999827,0.0026040833319999827,0.0026040833319999827,0.0026040833319999827,0.0030872722588071505,0.0030872722588071505,0.0030872722588071505,0.00354876739164463,0.0038527587518556363,0.0038527587518556363,0.0038527587518556363,0.0038527587518556363,0.004426482802406482,0.004275657844121809,0.004599592373243558,0.004599592373243558,0.00483153702252197,0.0039011216335818467

mean_time: , 9474.064390468597
best_solution: , 0.84625
worst_solution: , 0.856875
mean_solution: , 0.8532500000000001
std_solution: , 0.0039011216335818467



solutions runs are : 



0.84625

0.856875

0.8525

0.856875

0.85375

