# Scenario 126
Mean curve: 0.7570833333333334,0.7709166666666666,0.7775833333333333,0.7775833333333333,0.7775833333333333,0.7799166666666666,0.7800833333333334,0.7837500000000001,0.7881666666666667,0.7909166666666666,0.7918333333333333,0.7918333333333333,0.7926666666666666,0.7926666666666666,0.7932499999999999,0.8009166666666667,0.8009166666666667,0.8049166666666666,0.8049166666666666,0.8049166666666666,0.8059999999999998,0.8059999999999998,0.8059999999999998,0.8078333333333333,0.8081666666666665,0.8081666666666665,0.8081666666666665,0.8088333333333333,0.8131666666666666,0.8149166666666666,0.8149166666666666,0.8149166666666666,0.8178333333333333,0.8178333333333333,0.8178333333333333,0.8178333333333333,0.8189166666666667,0.8189166666666667,0.8189166666666667,0.8189166666666667,0.8189166666666667,0.8189166666666667,0.8189166666666667,0.8196666666666668,0.8196666666666668,0.8198333333333334,0.8198333333333334,0.8204166666666668,0.8204166666666668,0.8204166666666668,0.8215,0.8215,0.8215,0.8220833333333333,0.8234166666666667,0.8240000000000001,0.8240000000000001,0.8240000000000001,0.8240000000000001,0.825,0.825,0.825,0.825,0.825,0.8263333333333334,0.8263333333333334,0.8263333333333334,0.8263333333333334,0.8263333333333334,0.8263333333333334,0.8263333333333334,0.8264166666666666,0.8264166666666666,0.8264166666666666,0.8272499999999999,0.8272499999999999,0.8272499999999999,0.8275,0.8275,0.8275,0.8275,0.8275,0.8275,0.8285,0.8285,0.8285,0.8285,0.8303333333333333,0.8303333333333333,0.8303333333333333,0.8303333333333333,0.8317499999999999,0.8317499999999999,0.8317499999999999,0.8325833333333333,0.8325833333333333,0.8325833333333333,0.8325833333333333,0.8325833333333333,0.8325833333333333
Std curve: 0.004654746681256282,0.005793914431922909,0.003938767432698825,0.003938767432698825,0.003938767432698825,0.0032425127430572845,0.0030889588321417667,0.005933661039639302,0.008214147686901084,0.007238016916869493,0.006527718675855376,0.006527718675855376,0.005385164807134508,0.005385164807134508,0.005173382731722933,0.01680236425162972,0.01680236425162972,0.015546525156588657,0.015546525156588657,0.015546525156588657,0.014744584693295957,0.014744584693295957,0.014744584693295957,0.013857909895314892,0.013603002119630293,0.013603002119630293,0.013603002119630293,0.01349228174426647,0.015506718973829799,0.01417009762375215,0.01417009762375215,0.01417009762375215,0.010666666666666658,0.010666666666666658,0.010666666666666658,0.010666666666666658,0.009756052252604817,0.009756052252604817,0.009756052252604817,0.009756052252604817,0.009756052252604817,0.009756052252604817,0.009756052252604817,0.0090653491689816,0.0090653491689816,0.008938835370325238,0.008938835370325238,0.008526918161524307,0.008526918161524307,0.008526918161524307,0.007877534865397636,0.007877534865397636,0.007877534865397636,0.0072408946654094935,0.006462498656780443,0.0057710965643936,0.0057710965643936,0.0057710965643936,0.0057710965643936,0.005177408189003024,0.005177408189003024,0.005177408189003024,0.005177408189003024,0.005177408189003024,0.005112620550059331,0.005112620550059331,0.005112620550059331,0.005112620550059331,0.005112620550059331,0.005112620550059331,0.005112620550059331,0.005147815070493506,0.005147815070493506,0.005147815070493506,0.006333333333333333,0.006333333333333333,0.006333333333333333,0.006411794687223779,0.006411794687223779,0.006411794687223779,0.006411794687223779,0.006411794687223779,0.006411794687223779,0.007078920193865098,0.007078920193865098,0.007078920193865098,0.007078920193865098,0.004974937185533094,0.004974937185533094,0.004974937185533094,0.004974937185533094,0.004854837221209824,0.004854837221209824,0.004854837221209824,0.005511351921262157,0.005511351921262157,0.005511351921262157,0.005511351921262157,0.005511351921262157,0.005511351921262157

mean_time: , 7650.946062421799
best_solution: , 0.82375
worst_solution: , 0.8383333333333334
mean_solution: , 0.8325833333333333
std_solution: , 0.005511351921262157



solutions runs are : 



0.8370833333333333

0.835

0.8383333333333334

0.82375

0.82875

