# Scenario 229
Mean curve: 0.726,0.7315833333333333,0.7409999999999999,0.7435833333333333,0.7497499999999999,0.7535000000000001,0.755,0.7552500000000001,0.7555000000000002,0.7619999999999999,0.7624166666666667,0.76325,0.7690833333333332,0.7719166666666666,0.7729999999999999,0.77575,0.77575,0.7760833333333332,0.7777499999999999,0.7793333333333333,0.7819166666666666,0.7831666666666667,0.7846666666666666,0.7865,0.7865,0.7867500000000001,0.7923333333333333,0.7940833333333334,0.7956666666666667,0.7964166666666666,0.7964166666666666,0.79725,0.7975833333333334,0.8050833333333334,0.8074999999999999,0.8074999999999999,0.8074999999999999,0.8080833333333333,0.8091666666666667,0.8108333333333333,0.8108333333333333,0.8130000000000001,0.8130000000000001,0.8130000000000001,0.8130833333333334,0.8134166666666666,0.8134166666666666,0.8141666666666666,0.8141666666666666,0.8143333333333332,0.8143333333333332,0.8185833333333333,0.8185833333333333,0.8216666666666667,0.8216666666666667,0.8216666666666667,0.82325,0.8240000000000001,0.8259166666666667,0.8259166666666667,0.8290000000000001,0.8290000000000001,0.8296666666666667,0.83025,0.83025,0.8314166666666667,0.8323333333333334,0.8323333333333334,0.8341666666666667,0.83475,0.83475,0.83475,0.8350833333333334,0.837,0.837,0.8404166666666667,0.8404166666666667,0.8404166666666667,0.841,0.8414999999999999,0.8414999999999999,0.8436666666666668,0.844,0.844,0.8456666666666667,0.8456666666666667,0.8456666666666667,0.8456666666666667,0.8462500000000001,0.84825,0.84825,0.8525833333333335,0.8533333333333335,0.8538333333333334,0.8543333333333333,0.8558333333333333,0.8558333333333333,0.8568333333333333,0.8568333333333333,0.8568333333333333
Std curve: 0.0077710288179164925,0.014064336299859858,0.012364824660660962,0.012957194483717883,0.014868871286460658,0.010611838253154418,0.009803627446568508,0.009752492558885205,0.009333333333333353,0.0050853821007974505,0.0049539546492339505,0.0035881750236018365,0.007366402710203184,0.006716480559869963,0.0059008003223668375,0.004911720676097129,0.004911720676097129,0.005154555698064034,0.004681523968396044,0.0045384162680633805,0.006377042156569662,0.00681909084849293,0.005338539126015669,0.0035512126254437534,0.0035512126254437534,0.003655285366576881,0.004584090846491688,0.005193478816960935,0.005655626500319029,0.006575417181526276,0.006575417181526276,0.006447437044628217,0.006889000895146789,0.019620355076637445,0.018118054224692252,0.018118054224692252,0.018118054224692252,0.017899410294445143,0.017691413485392028,0.016805670339369243,0.016805670339369243,0.015584447375508678,0.015584447375508678,0.015584447375508678,0.015511196672798065,0.015350986215151703,0.015350986215151703,0.014736104565921669,0.014736104565921669,0.014635857792877509,0.014635857792877509,0.014793955222019265,0.014793955222019265,0.012761160692594632,0.012761160692594632,0.012761160692594632,0.012103144678599496,0.011144879242653682,0.011329656266238204,0.011329656266238204,0.011385297536735683,0.011385297536735683,0.012245747561228457,0.011287283897279147,0.011287283897279147,0.01000902370641388,0.009816369548418124,0.009816369548418124,0.012801909579780989,0.012967909109284581,0.012967909109284581,0.012967909109284581,0.012830086169278459,0.014751176977523569,0.014751176977523569,0.01572771792445143,0.01572771792445143,0.01572771792445143,0.015396608573174651,0.015396608573174651,0.015396608573174651,0.013528262596833679,0.013045326962386012,0.013045326962386012,0.010924615426742595,0.010924615426742595,0.010924615426742595,0.010924615426742595,0.010658851303546324,0.01070565790183449,0.01070565790183449,0.01678168644683842,0.015988276955319486,0.015862692079215313,0.015371781505950024,0.015485207995589442,0.015485207995589442,0.014564511663629522,0.014564511663629522,0.014564511663629522

mean_time: , 7664.562536287308
best_solution: , 0.8445833333333334
worst_solution: , 0.88375
mean_solution: , 0.8568333333333333
std_solution: , 0.014564511663629522



solutions runs are : 



0.8445833333333334

0.86

0.88375

0.8508333333333333

0.845

