# Scenario 63
Mean curve: 0.5320653938066802,0.5438593988464545,0.5589975167853789,0.567559212400892,0.5775145790426436,0.5823219825894558,0.5959555213240428,0.6023841870727104,0.6129235145738176,0.615651552419456,0.6187189661790177,0.6271217944116546,0.6316376246569709,0.6386724649047297,0.6437199085953031,0.645062978934424,0.6490847937070677,0.6516613942856927,0.6547170863058579,0.6593272909333087,0.6648625326840554,0.6683806116601678,0.6714165249359088,0.675042018503796,0.6780512453988717,0.6800383406416101,0.682213585504649,0.683721402744515,0.6855230845903622,0.6863119126925866,0.6891565522139514,0.6916141630591254,0.6918371876386267,0.6928189483301131,0.6937619462290902,0.6952060115418578,0.695772554244856,0.6971425964216112,0.6978780133210691,0.7001143686077161,0.7024262609737975,0.7062535374277354,0.708166712127827,0.7086285470078633,0.7091220197166819,0.7091220197166819,0.7091220197166819,0.7091220197166819,0.7091883518827063,0.7098473819896658,0.7098473819896658,0.7098473819896658,0.7106820182755177,0.7127031757652236,0.712799852431105,0.7131234236531185,0.7131234236531185,0.7137314169711406,0.7137314169711406,0.7162041210769505,0.7166811371698596,0.7166811371698596,0.7166811371698596,0.718153048847016,0.7192332071299028,0.7192332071299028,0.7192332071299028,0.7192332071299028,0.7192332071299028,0.7202077156535746,0.7202077156535746,0.7202077156535746,0.7202077156535746,0.7202077156535746,0.7206655576363632,0.7210123227702792,0.721825398773776,0.7247439478422203,0.7247439478422203,0.7247439478422203,0.7247439478422203,0.7261805347050704,0.7261805347050704,0.7261805347050704,0.7261805347050704,0.7261805347050704,0.7261805347050704,0.7261805347050704,0.7261805347050704,0.7261805347050704,0.7261906435745478,0.7266845101175692,0.7266845101175692,0.7266845101175692,0.728205777252014,0.7284284432691506,0.7296628124322154,0.7296888090141842,0.7296888090141842,0.7296888090141842
Std curve: 0.0024901319220668387,0.006840216569333434,0.010917341115107284,0.007508190687115995,0.008763217309741384,0.008535446678271654,0.006925281991516722,0.008368489573176907,0.009461977826037669,0.010844117435492724,0.008796631615918319,0.005081910021134512,0.00566625996897938,0.005573957728075144,0.0032669155790832653,0.002950690228153964,0.0017473319574764976,0.002826477749119325,0.004330060904276844,0.006366495055613492,0.006814382305405528,0.005276256103557659,0.007651012405803113,0.006449604392137736,0.005867225646899481,0.00719000938026212,0.00978286531095599,0.009386499255432633,0.009188001155012775,0.009538289023209225,0.006755223402829479,0.0045838630904171266,0.0049701428128905165,0.004068844565896771,0.0035086497273790524,0.00442066501237534,0.00399382372990393,0.005530797574655927,0.004979577063110982,0.0062015108269561125,0.006038025033325658,0.0024204401590231265,0.0033108394457518134,0.0027173912878860522,0.0030994854794330782,0.0030994854794330782,0.0030994854794330782,0.0030994854794330782,0.003170820359437889,0.002676944901364607,0.002676944901364607,0.002676944901364607,0.0037284631501796686,0.0059953547073231,0.005938069678027848,0.006542595731780011,0.006542595731780011,0.006316417050518594,0.006316417050518594,0.006837411148118445,0.007099953045200256,0.007099953045200256,0.007099953045200256,0.008554227989935029,0.010045285510261275,0.010045285510261275,0.010045285510261275,0.010045285510261275,0.010045285510261275,0.009254931147386694,0.009254931147386694,0.009254931147386694,0.009254931147386694,0.009254931147386694,0.009006125547167603,0.008876100958258816,0.00878097306610854,0.010355446344341431,0.010355446344341431,0.010355446344341431,0.010355446344341431,0.008176261010058672,0.008176261010058672,0.008176261010058672,0.008176261010058672,0.008176261010058672,0.008176261010058672,0.008176261010058672,0.008176261010058672,0.008176261010058672,0.008175357203339948,0.008703664568107127,0.008703664568107127,0.008703664568107127,0.007032402078392164,0.006777862328327473,0.005800545397501667,0.005789515314656827,0.005789515314656827,0.005789515314656827

mean_time: , 82433.32707867623
best_solution: , 0.7226044983054328
worst_solution: , 0.7367003011252575
mean_solution: , 0.7296888090141842
std_solution: , 0.005789515314656827



solutions runs are : 



0.7363773310477377

0.7272820302906263

0.7226044983054328

0.7367003011252575

0.7254798843018669

