# Scenario 236
Mean curve: 0.75925,0.772,0.77875,0.7870000000000001,0.7915,0.8004999999999999,0.80275,0.8087500000000001,0.821,0.8267499999999999,0.8267499999999999,0.8314999999999999,0.8317499999999999,0.8324999999999999,0.83825,0.8435,0.8459999999999999,0.8459999999999999,0.85,0.8564999999999999,0.8564999999999999,0.8577499999999999,0.86175,0.8637500000000001,0.8685,0.8692500000000001,0.8737499999999999,0.875,0.875,0.875,0.87775,0.87775,0.87775,0.8807500000000001,0.8852500000000001,0.8852500000000001,0.8852500000000001,0.88925,0.88925,0.89,0.8932500000000001,0.89375,0.89375,0.89375,0.8952500000000001,0.8965,0.8965,0.89975,0.9019999999999999,0.9019999999999999,0.9019999999999999,0.9019999999999999,0.9019999999999999,0.9037499999999999,0.9037499999999999,0.9037499999999999,0.90425,0.9099999999999999,0.9099999999999999,0.9099999999999999,0.9099999999999999,0.9099999999999999,0.9099999999999999,0.9115,0.9115,0.9115,0.9115,0.9115,0.9115,0.91525,0.9197500000000002,0.9197500000000002,0.9197500000000002,0.92075,0.92075,0.92075,0.92075,0.92075,0.9217500000000001,0.9217500000000001,0.923,0.923,0.923,0.923,0.923,0.923,0.923,0.92425,0.92425,0.92425,0.92425,0.92425,0.9257500000000001,0.9257500000000001,0.9259999999999999,0.9259999999999999,0.9259999999999999,0.9259999999999999,0.9259999999999999,0.9259999999999999
Std curve: 0.013100572506573913,0.013706750161872821,0.007458216945088139,0.00917196816392206,0.004834769901453408,0.010594810050208568,0.009918417212438708,0.009354143466934868,0.013679364020304447,0.01004987562112088,0.01004987562112088,0.00695521387162178,0.006919176251549024,0.006708203932499354,0.013242922638149012,0.012026013470805702,0.012927683473847896,0.012927683473847896,0.010155048005794936,0.006680194607943683,0.006680194607943683,0.005326818938165627,0.008895223437328575,0.007826237921249242,0.00982344135219422,0.009069178573608514,0.007826237921249257,0.007202430145443968,0.007202430145443968,0.007202430145443968,0.0052081666639999125,0.0052081666639999125,0.0052081666639999125,0.009034655499796318,0.012927683473847908,0.012927683473847908,0.012927683473847908,0.010446291207888102,0.010446291207888102,0.009387491677759329,0.009034655499796361,0.00938749167775932,0.00938749167775932,0.00938749167775932,0.006955213871621785,0.005385164807134518,0.005385164807134518,0.010105691465703866,0.010325938214031685,0.010325938214031685,0.010325938214031685,0.010325938214031685,0.010325938214031685,0.010216408370851261,0.010216408370851261,0.010216408370851261,0.009766012492312301,0.007288689868556619,0.007288689868556619,0.007288689868556619,0.007288689868556619,0.007288689868556619,0.007288689868556619,0.008565920849505908,0.008565920849505908,0.008565920849505908,0.008565920849505908,0.008565920849505908,0.008565920849505908,0.01149456393257266,0.008565920849505915,0.008565920849505915,0.008565920849505915,0.0070975347832892,0.0070975347832892,0.0070975347832892,0.0070975347832892,0.0070975347832892,0.007441438033068613,0.007441438033068613,0.006689544080129834,0.006689544080129834,0.006689544080129834,0.006689544080129834,0.006689544080129834,0.006689544080129834,0.006689544080129834,0.0077701351339600246,0.0077701351339600246,0.0077701351339600246,0.0077701351339600246,0.0077701351339600246,0.005511351921262157,0.005511351921262157,0.0052081666639998995,0.0052081666639998995,0.0052081666639998995,0.0052081666639998995,0.0052081666639998995,0.0052081666639998995

mean_time: , 4712.759000968933
best_solution: , 0.92
worst_solution: , 0.93375
mean_solution: , 0.9259999999999999
std_solution: , 0.0052081666639998995



solutions runs are : 



0.93375

0.925

0.92

0.93

0.92125

