# Scenario 310
Mean curve: 0.774,0.7859999999999999,0.8033333333333333,0.8033333333333333,0.8096666666666665,0.8119999999999999,0.8183333333333334,0.8183333333333334,0.8183333333333334,0.8183333333333334,0.8213333333333332,0.8253333333333333,0.8286666666666666,0.8306666666666664,0.8306666666666664,0.8379999999999999,0.842,0.8433333333333334,0.8453333333333333,0.8453333333333333,0.8453333333333333,0.8473333333333333,0.8473333333333333,0.8473333333333333,0.8533333333333333,0.8539999999999999,0.8539999999999999,0.8539999999999999,0.8573333333333333,0.8573333333333333,0.8573333333333333,0.8640000000000001,0.8640000000000001,0.8640000000000001,0.866,0.866,0.866,0.866,0.866,0.866,0.868,0.8686666666666666,0.8706666666666667,0.8726666666666667,0.8766666666666667,0.882,0.882,0.8866666666666667,0.8866666666666667,0.8866666666666667,0.8866666666666667,0.8886666666666667,0.8886666666666667,0.8886666666666667,0.8886666666666667,0.8886666666666667,0.89,0.89,0.892,0.892,0.892,0.892,0.892,0.892,0.892,0.8940000000000001,0.8940000000000001,0.8960000000000001,0.8960000000000001,0.898,0.8986666666666666,0.9,0.9019999999999999,0.9019999999999999,0.9019999999999999,0.9040000000000001,0.906,0.906,0.906,0.908,0.9100000000000001,0.9100000000000001,0.9100000000000001,0.9106666666666667,0.9106666666666667,0.9113333333333333,0.9113333333333333,0.9146666666666666,0.916,0.916,0.9179999999999999,0.9179999999999999,0.9179999999999999,0.9179999999999999,0.9179999999999999,0.9199999999999999,0.9199999999999999,0.9199999999999999,0.9199999999999999,0.9199999999999999
Std curve: 0.012935738607954838,0.01893262909488388,0.018165902124584937,0.018165902124584937,0.01961858529274957,0.020368821489936278,0.028790430508918934,0.028790430508918934,0.028790430508918934,0.028790430508918934,0.02745501370929867,0.028409701003550024,0.02761642023627733,0.024711670657134206,0.024711670657134206,0.01973153144926502,0.02612789058968727,0.026997942308422142,0.02604269997949951,0.02604269997949951,0.02604269997949951,0.025681813712344327,0.025681813712344327,0.025681813712344327,0.024312776705080648,0.023418890760333728,0.023418890760333728,0.023418890760333728,0.019708993998792657,0.019708993998792657,0.019708993998792657,0.020591260281974017,0.020591260281974017,0.020591260281974017,0.024166091947189168,0.024166091947189168,0.024166091947189168,0.024166091947189168,0.024166091947189168,0.024166091947189168,0.02315167380558047,0.022370615647416693,0.02194943684420577,0.019708993998792647,0.022607766610417565,0.019390719429665335,0.019390719429665335,0.01801234144814175,0.01801234144814175,0.01801234144814175,0.01801234144814175,0.016546231527987832,0.016546231527987832,0.016546231527987832,0.016546231527987832,0.016546231527987832,0.015491933384829683,0.015491933384829683,0.014696938456699083,0.014696938456699083,0.014696938456699083,0.014696938456699083,0.014696938456699083,0.014696938456699083,0.014696938456699083,0.013564659966250548,0.013564659966250548,0.013564659966250548,0.013564659966250548,0.013266499161421611,0.013432961119739933,0.014142135623730963,0.011661903789690611,0.011661903789690611,0.011661903789690611,0.01200000000000001,0.01019803902718558,0.01019803902718558,0.01019803902718558,0.011661903789690611,0.014142135623730963,0.014142135623730963,0.014142135623730963,0.015114378731672849,0.015114378731672849,0.015577761927397227,0.015577761927397227,0.019160143817599867,0.02059126028197397,0.02059126028197397,0.02315167380558042,0.02315167380558042,0.02315167380558042,0.02315167380558042,0.02315167380558042,0.021908902300206614,0.021908902300206614,0.021908902300206614,0.021908902300206614,0.021908902300206614

mean_time: , 3815.9348072052003
best_solution: , 0.89
worst_solution: , 0.95
mean_solution: , 0.9199999999999999
std_solution: , 0.021908902300206614



solutions runs are : 



0.95

0.91

0.94

0.89

0.91

