# Scenario 152
Mean curve: 0.7537777777777778,0.7593333333333333,0.7637777777777778,0.769,0.7732222222222223,0.7742222222222223,0.7779999999999999,0.78,0.7827777777777778,0.7902222222222222,0.7902222222222222,0.7923333333333333,0.7923333333333333,0.7923333333333333,0.7944444444444445,0.795,0.7965555555555556,0.7965555555555556,0.7965555555555556,0.7965555555555556,0.7965555555555556,0.7965555555555556,0.7965555555555556,0.7983333333333335,0.7983333333333335,0.7984444444444445,0.8011111111111111,0.8019999999999999,0.8053333333333332,0.8053333333333332,0.8053333333333332,0.8053333333333332,0.8053333333333332,0.8053333333333332,0.8053333333333332,0.8053333333333332,0.8056666666666666,0.8056666666666666,0.806,0.806,0.806,0.8073333333333335,0.8073333333333335,0.8105555555555556,0.8105555555555556,0.8105555555555556,0.8105555555555556,0.8115555555555556,0.8176666666666665,0.8176666666666665,0.8176666666666665,0.8176666666666665,0.8178888888888889,0.8178888888888889,0.8181111111111111,0.8181111111111111,0.8183333333333334,0.8183333333333334,0.8183333333333334,0.8183333333333334,0.8183333333333334,0.8183333333333334,0.8183333333333334,0.8183333333333334,0.8183333333333334,0.8183333333333334,0.8183333333333334,0.8183333333333334,0.8183333333333334,0.8183333333333334,0.8183333333333334,0.8183333333333334,0.8183333333333334,0.8183333333333334,0.8183333333333334,0.8195555555555556,0.8212222222222223,0.8212222222222223,0.8212222222222223,0.8224444444444444,0.8224444444444444,0.8224444444444444,0.8224444444444444,0.8224444444444444,0.8224444444444444,0.8224444444444444,0.8224444444444444,0.8224444444444444,0.8224444444444444,0.8224444444444444,0.8224444444444444,0.8224444444444444,0.8224444444444444,0.8224444444444444,0.8224444444444444,0.8224444444444444,0.8224444444444444,0.8224444444444444,0.8224444444444444,0.8224444444444444
Std curve: 0.004911563578955623,0.005504207145111478,0.006614611584949852,0.0037085153929507955,0.009198765349252994,0.008816370855501071,0.006953105709849806,0.005488484015657103,0.006912147117775906,0.013045977574110636,0.013045977574110636,0.011124436454030079,0.011124436454030079,0.011124436454030079,0.009869519107201085,0.009838197164968285,0.009802997777827886,0.009802997777827886,0.009802997777827886,0.009802997777827886,0.009802997777827886,0.009802997777827886,0.009802997777827886,0.009603240193925272,0.009603240193925272,0.009443790827055891,0.009349192874650053,0.007869302759833703,0.009451631252505241,0.009451631252505241,0.009451631252505241,0.009451631252505241,0.009451631252505241,0.009451631252505241,0.009451631252505241,0.009451631252505241,0.008898605800078202,0.008898605800078202,0.00836217232098968,0.00836217232098968,0.00836217232098968,0.007883409677807453,0.007883409677807453,0.01032197703332764,0.01032197703332764,0.01032197703332764,0.01032197703332764,0.008723460633951343,0.0070570864480890535,0.0070570864480890535,0.0070570864480890535,0.0070570864480890535,0.006753142844010101,0.006753142844010101,0.006465482900433822,0.006465482900433822,0.006411794687223758,0.006411794687223758,0.006411794687223758,0.006411794687223758,0.006411794687223758,0.006411794687223758,0.006411794687223758,0.006411794687223758,0.006411794687223758,0.006411794687223758,0.006411794687223758,0.006411794687223758,0.006411794687223758,0.006411794687223758,0.006411794687223758,0.006411794687223758,0.006411794687223758,0.006411794687223758,0.006411794687223758,0.0066611087943652504,0.00739869858426065,0.00739869858426065,0.00739869858426065,0.006112121128655558,0.006112121128655558,0.006112121128655558,0.006112121128655558,0.006112121128655558,0.006112121128655558,0.006112121128655558,0.006112121128655558,0.006112121128655558,0.006112121128655558,0.006112121128655558,0.006112121128655558,0.006112121128655558,0.006112121128655558,0.006112121128655558,0.006112121128655558,0.006112121128655558,0.006112121128655558,0.006112121128655558,0.006112121128655558,0.006112121128655558

mean_time: , 8317.06975774765
best_solution: , 0.8133333333333334
worst_solution: , 0.83
mean_solution: , 0.8224444444444444
std_solution: , 0.006112121128655558



solutions runs are : 



0.8272222222222222

0.8177777777777778

0.83

0.8133333333333334

0.8238888888888889

