# Scenario 492
Mean curve: 0.7176,0.7198666666666667,0.7220666666666666,0.7220666666666666,0.7220666666666666,0.7220666666666666,0.7220666666666666,0.7220666666666666,0.7220666666666666,0.7220666666666666,0.7220666666666666,0.7220666666666666,0.7220666666666666,0.7220666666666666,0.7228666666666665,0.7228666666666665,0.7228666666666665,0.7228666666666665,0.7228666666666665,0.7228666666666665,0.7228666666666665,0.7228666666666665,0.7228666666666665,0.7232,0.7232,0.7234666666666666,0.7234666666666666,0.7242666666666666,0.725,0.725,0.725,0.725,0.725,0.725,0.725,0.725,0.725,0.725,0.725,0.725,0.725,0.725,0.725,0.725,0.725,0.725,0.725,0.725,0.725,0.7272666666666667,0.7272666666666667,0.7272666666666667,0.7272666666666667,0.7272666666666667,0.7272666666666667,0.7272666666666667,0.7272666666666667,0.7272666666666667,0.7272666666666667,0.7272666666666667,0.7272666666666667,0.7272666666666667,0.7272666666666667,0.7272666666666667,0.7272666666666667,0.7272666666666667,0.7272666666666667,0.7272666666666667,0.7272666666666667,0.7272666666666667,0.7272666666666667,0.7272666666666667,0.7272666666666667,0.7272666666666667,0.7272666666666667,0.7272666666666667,0.7272666666666667,0.7272666666666667,0.7272666666666667,0.7272666666666667,0.7272666666666667,0.7272666666666667,0.7272666666666667,0.7272666666666667,0.7272666666666667,0.7272666666666667,0.7272666666666667,0.7288,0.7288,0.7288,0.7288,0.7288,0.7288,0.7288,0.7288,0.7292,0.7292,0.7292,0.7292,0.7292
Std curve: 0.007487471016452891,0.007485096303099021,0.005109468335029259,0.005109468335029259,0.005109468335029259,0.005109468335029259,0.005109468335029259,0.005109468335029259,0.005109468335029259,0.005109468335029259,0.005109468335029259,0.005109468335029259,0.005109468335029259,0.005109468335029259,0.00604648658313239,0.00604648658313239,0.00604648658313239,0.00604648658313239,0.00604648658313239,0.00604648658313239,0.00604648658313239,0.00604648658313239,0.00604648658313239,0.006513575566972937,0.006513575566972937,0.006148531893423366,0.006148531893423366,0.0052298289753213755,0.004718756898449706,0.004718756898449706,0.004718756898449706,0.004718756898449706,0.004718756898449706,0.004718756898449706,0.004718756898449706,0.004718756898449706,0.004718756898449706,0.004718756898449706,0.004718756898449706,0.004718756898449706,0.004718756898449706,0.004718756898449706,0.004718756898449706,0.004718756898449706,0.004718756898449706,0.004718756898449706,0.004718756898449706,0.004718756898449706,0.004718756898449706,0.00321385887818506,0.00321385887818506,0.00321385887818506,0.00321385887818506,0.00321385887818506,0.00321385887818506,0.00321385887818506,0.00321385887818506,0.00321385887818506,0.00321385887818506,0.00321385887818506,0.00321385887818506,0.00321385887818506,0.00321385887818506,0.00321385887818506,0.00321385887818506,0.00321385887818506,0.00321385887818506,0.00321385887818506,0.00321385887818506,0.00321385887818506,0.00321385887818506,0.00321385887818506,0.00321385887818506,0.00321385887818506,0.00321385887818506,0.00321385887818506,0.00321385887818506,0.00321385887818506,0.00321385887818506,0.00321385887818506,0.00321385887818506,0.00321385887818506,0.00321385887818506,0.00321385887818506,0.00321385887818506,0.00321385887818506,0.00321385887818506,0.0037154332781580775,0.0037154332781580775,0.0037154332781580775,0.0037154332781580775,0.0037154332781580775,0.0037154332781580775,0.0037154332781580775,0.0037154332781580775,0.0031312049508846365,0.0031312049508846365,0.0031312049508846365,0.0031312049508846365,0.0031312049508846365

mean_time: , 20785.749903964996
best_solution: , 0.725
worst_solution: , 0.733
mean_solution: , 0.7292
std_solution: , 0.0031312049508846365



solutions runs are : 



0.725

0.7273333333333334

0.7326666666666667

0.733

0.728

