# Scenario 156
Mean curve: 0.7818333333333333,0.7988333333333333,0.8068333333333333,0.8166666666666667,0.825,0.8288333333333332,0.8296666666666666,0.8378333333333332,0.8421666666666667,0.8481666666666667,0.8518333333333334,0.8518333333333334,0.8520000000000001,0.8521666666666668,0.8543333333333335,0.8548333333333333,0.8581666666666667,0.8581666666666667,0.8581666666666667,0.8623333333333333,0.8633333333333333,0.8633333333333333,0.8633333333333333,0.8648333333333333,0.8648333333333333,0.8654999999999999,0.8654999999999999,0.8654999999999999,0.8654999999999999,0.8661666666666668,0.8661666666666668,0.8661666666666668,0.8661666666666668,0.8663333333333334,0.8663333333333334,0.867,0.8685,0.8685,0.8685,0.8685,0.8699999999999999,0.8699999999999999,0.8705,0.8718333333333333,0.8718333333333333,0.8718333333333333,0.8718333333333333,0.873,0.8733333333333334,0.8733333333333334,0.8733333333333334,0.8733333333333334,0.8733333333333334,0.8744999999999999,0.8744999999999999,0.8744999999999999,0.875,0.8753333333333334,0.8755,0.8755,0.8768333333333332,0.8768333333333332,0.8768333333333332,0.8768333333333332,0.8773333333333333,0.8773333333333333,0.8776666666666667,0.8776666666666667,0.8776666666666667,0.8776666666666667,0.8776666666666667,0.8789999999999999,0.8801666666666665,0.8801666666666665,0.8813333333333333,0.8813333333333333,0.8815,0.8815,0.8835,0.8835,0.8835,0.8836666666666666,0.884,0.884,0.885,0.8865000000000001,0.8865000000000001,0.8865000000000001,0.8865000000000001,0.8865000000000001,0.8865000000000001,0.8865000000000001,0.8885,0.8885,0.8885,0.8885,0.889,0.889,0.889,0.8898333333333334
Std curve: 0.016324827717314482,0.007427426651719045,0.008439325934114757,0.0062360956446232615,0.009689627902499087,0.0066791549698379344,0.006046119049072343,0.008605553762283722,0.008701851654804428,0.003223179934302285,0.007699206308300727,0.007699206308300727,0.007520342781785666,0.0073522483333709355,0.00789514618821801,0.007348469228349524,0.007253351715662968,0.007253351715662968,0.007253351715662968,0.00575905084772365,0.0059860949986893135,0.0059860949986893135,0.0059860949986893135,0.003993049516903618,0.003993049516903618,0.002818589087547944,0.002818589087547944,0.002818589087547944,0.002818589087547944,0.0019436506316150954,0.0019436506316150954,0.0019436506316150954,0.0019436506316150954,0.0021473497877875208,0.0021473497877875208,0.0021473497877875203,0.0016158932858054435,0.0016158932858054435,0.0016158932858054435,0.0016158932858054435,0.0014907119849998942,0.0014907119849998942,0.001545603082582653,0.002758824226207833,0.002758824226207833,0.002758824226207833,0.002758824226207833,0.003274480450731443,0.002838231060987747,0.002838231060987747,0.002838231060987747,0.002838231060987747,0.002838231060987747,0.00461278416769933,0.00461278416769933,0.00461278416769933,0.004314059701848246,0.004333333333333307,0.004136557881996921,0.004136557881996921,0.0032659863237108682,0.0032659863237108682,0.0032659863237108682,0.0032659863237108682,0.0032659863237108682,0.0032659863237108682,0.003431876713662303,0.003431876713662303,0.003431876713662303,0.003431876713662303,0.003431876713662303,0.003741657386773909,0.004666666666666652,0.004666666666666652,0.0057154760664940695,0.0057154760664940695,0.005854722690083423,0.005854722690083423,0.0037785946829182347,0.0037785946829182347,0.0037785946829182347,0.004000000000000028,0.004294699575575058,0.004294699575575058,0.004409585518440998,0.002708012801545331,0.002708012801545331,0.002708012801545331,0.002708012801545331,0.002708012801545331,0.002708012801545331,0.002708012801545331,0.005830951894845314,0.005830951894845314,0.005830951894845314,0.005830951894845314,0.005972157622389659,0.005972157622389659,0.005972157622389659,0.006548960901462857

mean_time: , 6638.774229907989
best_solution: , 0.8825
worst_solution: , 0.8991666666666667
mean_solution: , 0.8898333333333334
std_solution: , 0.006548960901462857



solutions runs are : 



0.8991666666666667

0.8958333333333334

0.8841666666666667

0.8875

0.8825

