# Scenario 190
Mean curve: 0.7418666666666667,0.7530666666666667,0.7581333333333333,0.7621999999999999,0.769,0.7696000000000001,0.7696000000000001,0.7696000000000001,0.7708666666666667,0.7708666666666667,0.7708666666666667,0.7716000000000001,0.7716000000000001,0.7716000000000001,0.7716000000000001,0.7716000000000001,0.7716000000000001,0.7727999999999999,0.7727999999999999,0.7729333333333334,0.7734,0.7739333333333334,0.7753333333333333,0.7759333333333334,0.7759333333333334,0.7786,0.7786,0.7786,0.7786,0.7790666666666666,0.7802666666666667,0.7802666666666667,0.7802666666666667,0.7802666666666667,0.7832000000000001,0.785,0.7867999999999999,0.7867999999999999,0.7867999999999999,0.7867999999999999,0.7867999999999999,0.7867999999999999,0.7867999999999999,0.7867999999999999,0.7867999999999999,0.7867999999999999,0.7875333333333333,0.7875333333333333,0.7875333333333333,0.7888,0.7891333333333332,0.7930666666666666,0.7930666666666666,0.7963333333333333,0.7963333333333333,0.7963333333333333,0.7963333333333333,0.7963333333333333,0.7973999999999999,0.7973999999999999,0.7973999999999999,0.7974666666666667,0.7974666666666667,0.7974666666666667,0.7974666666666667,0.7974666666666667,0.7974666666666667,0.7974666666666667,0.7974666666666667,0.7974666666666667,0.7974666666666667,0.7974666666666667,0.7974666666666667,0.7974666666666667,0.7974666666666667,0.7974666666666667,0.7974666666666667,0.7974666666666667,0.7974666666666667,0.7974666666666667,0.7974666666666667,0.7974666666666667,0.7974666666666667,0.7974666666666667,0.7974666666666667,0.7974666666666667,0.7974666666666667,0.7974666666666667,0.7974666666666667,0.7974666666666667,0.7974666666666667,0.7974666666666667,0.7974666666666667,0.7974666666666667,0.7974666666666667,0.7974666666666667,0.7974666666666667,0.7974666666666667,0.7974666666666667,0.7974666666666667
Std curve: 0.006914075819980912,0.0034794635601866405,0.0048424052792892846,0.005524088662897776,0.003753516869402479,0.0027438820836342306,0.0027438820836342306,0.0027438820836342306,0.0017713773674115018,0.0017713773674115018,0.0017713773674115018,0.002235073948565342,0.002235073948565342,0.002235073948565342,0.002235073948565342,0.002235073948565342,0.002235073948565342,0.0011469767022723543,0.0011469767022723543,0.0010413666234542168,0.0006798692684790283,0.0002494438257849494,0.0015634719199411318,0.0015114378731672963,0.0015114378731672963,0.0035863940416834142,0.0035863940416834142,0.0035863940416834142,0.0035863940416834142,0.0036233808644536574,0.002885981442921769,0.002885981442921769,0.002885981442921769,0.002885981442921769,0.003885013942488923,0.0062716292407422585,0.0048469921944782795,0.0048469921944782795,0.0048469921944782795,0.0048469921944782795,0.0048469921944782795,0.0048469921944782795,0.0048469921944782795,0.0048469921944782795,0.0048469921944782795,0.0048469921944782795,0.00494682838909044,0.00494682838909044,0.00494682838909044,0.004810174402012655,0.004892624835175679,0.004073764297987269,0.004073764297987269,0.005742628124628827,0.005742628124628827,0.005742628124628827,0.005742628124628827,0.005742628124628827,0.004753478258660261,0.004753478258660261,0.004753478258660261,0.004782375049189609,0.004782375049189609,0.004782375049189609,0.004782375049189609,0.004782375049189609,0.004782375049189609,0.004782375049189609,0.004782375049189609,0.004782375049189609,0.004782375049189609,0.004782375049189609,0.004782375049189609,0.004782375049189609,0.004782375049189609,0.004782375049189609,0.004782375049189609,0.004782375049189609,0.004782375049189609,0.004782375049189609,0.004782375049189609,0.004782375049189609,0.004782375049189609,0.004782375049189609,0.004782375049189609,0.004782375049189609,0.004782375049189609,0.004782375049189609,0.004782375049189609,0.004782375049189609,0.004782375049189609,0.004782375049189609,0.004782375049189609,0.004782375049189609,0.004782375049189609,0.004782375049189609,0.004782375049189609,0.004782375049189609,0.004782375049189609,0.004782375049189609

mean_time: , 18067.77850894928
best_solution: , 0.7896666666666666
worst_solution: , 0.8033333333333333
mean_solution: , 0.7974666666666667
std_solution: , 0.004782375049189609



solutions runs are : 



0.7996666666666666

0.7896666666666666

0.7946666666666666

0.8

0.8033333333333333

