# Scenario 30
Mean curve: 0.7671666666666666,0.7848333333333334,0.8021666666666667,0.8188333333333333,0.8291666666666666,0.853,0.8615,0.8663333333333334,0.8745,0.8858333333333335,0.8963333333333333,0.9053333333333333,0.909,0.9166666666666666,0.9228333333333334,0.9241666666666667,0.9331666666666667,0.9351666666666667,0.9400000000000001,0.9445,0.9506666666666668,0.9533333333333334,0.9558333333333333,0.9586666666666666,0.9615,0.9618333333333332,0.9673333333333334,0.9681666666666666,0.9696666666666667,0.9696666666666667,0.9696666666666667,0.9706666666666667,0.9706666666666667,0.9715,0.9731666666666667,0.9741666666666667,0.9741666666666667,0.975,0.9780000000000001,0.9781666666666666,0.9783333333333333,0.9786666666666667,0.9786666666666667,0.9786666666666667,0.9786666666666667,0.9795,0.9798333333333333,0.9800000000000001,0.9800000000000001,0.9800000000000001,0.9806666666666667,0.9808333333333333,0.9811666666666665,0.9811666666666665,0.9814999999999999,0.9816666666666667,0.983,0.983,0.9831666666666667,0.9831666666666667,0.9838333333333333,0.9838333333333333,0.9838333333333333,0.9851666666666666,0.9851666666666666,0.9851666666666666,0.9853333333333334,0.9856666666666667,0.9856666666666667,0.9856666666666667,0.9856666666666667,0.9856666666666667,0.986,0.986,0.9863333333333333,0.9863333333333333,0.9863333333333333,0.9863333333333333,0.9863333333333333,0.9863333333333333,0.9863333333333333,0.9863333333333333,0.9873333333333333,0.9873333333333333,0.9875,0.9875,0.9875,0.9875,0.9875,0.9875,0.9875,0.9879999999999999,0.9879999999999999,0.9879999999999999,0.9879999999999999,0.9888333333333333,0.9888333333333333,0.9888333333333333,0.9888333333333333,0.9888333333333333
Std curve: 0.011967548714010847,0.01291424708520701,0.0142068058807507,0.013627994064506436,0.0137840487520902,0.010227957328377515,0.010559356040971437,0.009812124019690008,0.013648361725048819,0.013176156917368249,0.014621141466307523,0.011850925889754126,0.011394443090091463,0.009545214042184228,0.006204836822995409,0.0041499665326629265,0.004983305462575347,0.004927248499698144,0.004149966532662922,0.00507170801823432,0.004576510072581968,0.005602578771323871,0.006645800679125623,0.008426149773176338,0.011382247385975904,0.011035296904831236,0.006716480559869988,0.007098513146348984,0.007160850352980281,0.007160850352980281,0.007160850352980281,0.00747960189077229,0.00747960189077229,0.006506407098647708,0.005228129047119366,0.006191391873668897,0.006191391873668897,0.005602578771323867,0.00898455464796235,0.008888194417315566,0.008676276723213553,0.008508166012066793,0.008508166012066793,0.008508166012066793,0.008508166012066793,0.0075203427817856355,0.007348469228349513,0.007283924461137363,0.007283924461137363,0.007283924461137363,0.006612278141625773,0.00647645307590846,0.006337717780610499,0.006337717780610499,0.006132789830991347,0.005986094998689301,0.006381396573025534,0.006381396573025534,0.0062671985589877206,0.0062671985589877206,0.005691123692987963,0.005691123692987963,0.005691123692987963,0.005410894360249318,0.005410894360249318,0.005410894360249318,0.005233439489369198,0.004927248499698158,0.004927248499698158,0.004927248499698158,0.004927248499698158,0.004927248499698158,0.0046963342678684634,0.0046963342678684634,0.004790035954399975,0.004790035954399975,0.004790035954399975,0.004790035954399975,0.004790035954399975,0.004790035954399975,0.004790035954399975,0.004790035954399975,0.004576510072581991,0.004576510072581991,0.004624812308503868,0.004624812308503868,0.004624812308503868,0.004624812308503868,0.004624812308503868,0.004624812308503868,0.004624812308503868,0.004731689855526132,0.004731689855526132,0.004731689855526132,0.004731689855526132,0.005071708018234326,0.005071708018234326,0.005071708018234326,0.005071708018234326,0.005071708018234326

mean_time: , 5401.910680770874
best_solution: , 0.9791666666666666
worst_solution: , 0.9933333333333333
mean_solution: , 0.9888333333333333
std_solution: , 0.005071708018234326



solutions runs are : 



0.9891666666666666

0.99

0.9925

0.9791666666666666

0.9933333333333333

