# Scenario 105
Mean curve: 0.8323333333333334,0.8375,0.8481666666666665,0.8586666666666668,0.8596666666666668,0.8691666666666666,0.8864999999999998,0.8864999999999998,0.8879999999999999,0.8883333333333333,0.8933333333333333,0.8933333333333333,0.8933333333333333,0.8933333333333333,0.9,0.9,0.9006666666666666,0.9023333333333333,0.9078333333333333,0.9078333333333333,0.9146666666666666,0.9181666666666667,0.9181666666666667,0.9181666666666667,0.9198333333333334,0.9198333333333334,0.9198333333333334,0.9198333333333334,0.9215,0.9215,0.9221666666666666,0.9241666666666667,0.9241666666666667,0.9251666666666667,0.9251666666666667,0.9271666666666667,0.9293333333333333,0.9293333333333333,0.9293333333333333,0.9293333333333333,0.9293333333333333,0.9293333333333333,0.9293333333333333,0.9293333333333333,0.9298333333333332,0.9298333333333332,0.9309999999999998,0.9309999999999998,0.9326666666666666,0.9346666666666665,0.9346666666666665,0.9366666666666668,0.9371666666666666,0.9371666666666666,0.9395,0.9395,0.9433333333333334,0.9433333333333334,0.9433333333333334,0.9433333333333334,0.9433333333333334,0.9443333333333334,0.9443333333333334,0.9443333333333334,0.9443333333333334,0.9443333333333334,0.9443333333333334,0.9443333333333334,0.9443333333333334,0.9443333333333334,0.9443333333333334,0.9443333333333334,0.9443333333333334,0.9443333333333334,0.9478333333333333,0.9478333333333333,0.9478333333333333,0.9478333333333333,0.9478333333333333,0.9478333333333333,0.9480000000000001,0.9480000000000001,0.9488333333333333,0.9488333333333333,0.9488333333333333,0.9488333333333333,0.9488333333333333,0.9496666666666667,0.95,0.95,0.95,0.9511666666666667,0.9511666666666667,0.9511666666666667,0.9511666666666667,0.9511666666666667,0.9511666666666667,0.9545,0.9545,0.9545
Std curve: 0.009300537618869167,0.00947218149225522,0.0034318767136623297,0.012208831047874956,0.012677626837157742,0.013406051701460121,0.012126646509054161,0.012126646509054161,0.012512216252748969,0.012692955176439848,0.01166666666666668,0.01166666666666668,0.01166666666666668,0.01166666666666668,0.006871842709362751,0.006871842709362751,0.0065912399777617176,0.004027681991198178,0.009698224350650767,0.009698224350650767,0.009436925111261391,0.007272474743090492,0.007272474743090492,0.007272474743090492,0.008373237791386995,0.008373237791386995,0.008373237791386995,0.008373237791386995,0.009921917377424826,0.009921917377424826,0.010456258094238757,0.012292725943057184,0.012292725943057184,0.012849556844930925,0.012849556844930925,0.01034944979750668,0.012057731498457284,0.012057731498457284,0.012057731498457284,0.012057731498457284,0.012057731498457284,0.012057731498457284,0.012057731498457284,0.012057731498457284,0.012498888839501798,0.012498888839501798,0.011443095929181255,0.011443095929181255,0.012795398478446166,0.014343019982633457,0.014343019982633457,0.01662494778605002,0.015939120288006977,0.015939120288006977,0.014401003051485294,0.014401003051485294,0.009204467514322722,0.009204467514322722,0.009204467514322722,0.009204467514322722,0.009204467514322722,0.009058452161134125,0.009058452161134125,0.009058452161134125,0.009058452161134125,0.009058452161134125,0.009058452161134125,0.009058452161134125,0.009058452161134125,0.009058452161134125,0.009058452161134125,0.009058452161134125,0.009058452161134125,0.009058452161134125,0.014313940369055927,0.014313940369055927,0.014313940369055927,0.014313940369055927,0.014313940369055927,0.014313940369055927,0.014284801558144083,0.014284801558144083,0.014255603186895397,0.014255603186895397,0.014255603186895397,0.014255603186895397,0.014255603186895397,0.014420278930882179,0.014539218991709589,0.014539218991709589,0.014539218991709589,0.014856723132044364,0.014856723132044364,0.014856723132044364,0.014856723132044364,0.014856723132044364,0.014856723132044364,0.017212721393718593,0.017212721393718593,0.017212721393718593

mean_time: , 4365.450094175339
best_solution: , 0.9341666666666667
worst_solution: , 0.9733333333333334
mean_solution: , 0.9545
std_solution: , 0.017212721393718593



solutions runs are : 



0.9733333333333334

0.9725

0.9341666666666667

0.935

0.9575

