# Scenario 161
Mean curve: 0.5575421231745376,0.5575421231745376,0.5575421231745376,0.5582758643204799,0.5582758643204799,0.5582758643204799,0.5582758643204799,0.5586278442188218,0.5586278442188218,0.5586278442188218,0.5591456969403994,0.5619851844673833,0.5619851844673833,0.5646644345102005,0.565155713992506,0.565155713992506,0.5670020140004844,0.5670020140004844,0.568916250272483,0.5710318810994971,0.5724185227585783,0.5728113380469783,0.5728113380469783,0.5728113380469783,0.5729894168679405,0.5731469641156526,0.5731469641156526,0.5731469641156526,0.5754440636782165,0.5754440636782165,0.57741950403562,0.57741950403562,0.57741950403562,0.5775420330519901,0.5819387910060932,0.5819387910060932,0.5819387910060932,0.5819387910060932,0.5837255708207426,0.5862095069818365,0.5862095069818365,0.5862095069818365,0.5862095069818365,0.5862095069818365,0.5862095069818365,0.5862095069818365,0.5867679269996307,0.5871911932059903,0.5878426261589007,0.5878426261589007,0.5878426261589007,0.5887156136636482,0.5917927456468183,0.5917927456468183,0.5917927456468183,0.5917927456468183,0.5917927456468183,0.5917927456468183,0.5917927456468183,0.5917927456468183,0.5928906932510356,0.5937968058879936,0.5937968058879936,0.5937968058879936,0.5937968058879936,0.5937968058879936,0.5960321887799169,0.5960321887799169,0.5960321887799169,0.5960321887799169,0.5960321887799169,0.5960321887799169,0.5960321887799169,0.5960321887799169,0.5960321887799169,0.5960321887799169,0.5960321887799169,0.5960321887799169,0.5960321887799169,0.5960321887799169,0.5981783494392786,0.5981783494392786,0.5981783494392786,0.5981783494392786,0.5998106822072516,0.5998106822072516,0.5998106822072516,0.5998106822072516,0.5998106822072516,0.5998106822072516,0.5998106822072516,0.5998106822072516,0.5998106822072516,0.5998106822072516,0.5998106822072516,0.5998106822072516,0.5998106822072516,0.5998106822072516,0.5998106822072516,0.5998106822072516
Std curve: 0.0036855301846653067,0.0036855301846653067,0.0036855301846653067,0.0038046549171463265,0.0038046549171463265,0.0038046549171463265,0.0038046549171463265,0.003273521365167234,0.003273521365167234,0.003273521365167234,0.003049703969830022,0.003504298633431811,0.003504298633431811,0.006981897747810449,0.006654545148014822,0.006654545148014822,0.006338592288613514,0.006338592288613514,0.005842497110767591,0.006997164502288925,0.007329275632267484,0.007602630278871304,0.007602630278871304,0.007602630278871304,0.007286844455568358,0.007010693840586078,0.007010693840586078,0.007010693840586078,0.007340459415293298,0.007340459415293298,0.0034863802014175114,0.0034863802014175114,0.0034863802014175114,0.003254980520875003,0.009934393519805318,0.009934393519805318,0.009934393519805318,0.009934393519805318,0.008595242760189902,0.008272227284057684,0.008272227284057684,0.008272227284057684,0.008272227284057684,0.008272227284057684,0.008272227284057684,0.008272227284057684,0.007835392573889204,0.007568694335119005,0.007188730828489201,0.007188730828489201,0.007188730828489201,0.007657270946218975,0.006820229820286719,0.006820229820286719,0.006820229820286719,0.006820229820286719,0.006820229820286719,0.006820229820286719,0.006820229820286719,0.006820229820286719,0.007560610719658007,0.006546567801862306,0.006546567801862306,0.006546567801862306,0.006546567801862306,0.006546567801862306,0.0059712768328653975,0.0059712768328653975,0.0059712768328653975,0.0059712768328653975,0.0059712768328653975,0.0059712768328653975,0.0059712768328653975,0.0059712768328653975,0.0059712768328653975,0.0059712768328653975,0.0059712768328653975,0.0059712768328653975,0.0059712768328653975,0.0059712768328653975,0.0021570885004077948,0.0021570885004077948,0.0021570885004077948,0.0021570885004077948,0.004587699110697051,0.004587699110697051,0.004587699110697051,0.004587699110697051,0.004587699110697051,0.004587699110697051,0.004587699110697051,0.004587699110697051,0.004587699110697051,0.004587699110697051,0.004587699110697051,0.004587699110697051,0.004587699110697051,0.004587699110697051,0.004587699110697051,0.004587699110697051

mean_time: , 77448.71891365052
best_solution: , 0.5952477454655993
worst_solution: , 0.6080969807868253
mean_solution: , 0.5998106822072516
std_solution: , 0.004587699110697051



solutions runs are : 



0.6080969807868253

0.6007507429226839

0.5952477454655993

0.5988921783974788

0.596065763463671

