# Scenario 132
Mean curve: 0.7861666666666667,0.7985,0.8099999999999999,0.8175000000000001,0.8241666666666667,0.8320000000000001,0.836,0.836,0.836,0.8383333333333333,0.8386666666666667,0.8393333333333335,0.8425,0.8425,0.8425,0.8425,0.8469999999999999,0.8469999999999999,0.8506666666666668,0.8518333333333334,0.8518333333333334,0.8518333333333334,0.8518333333333334,0.8518333333333334,0.8518333333333334,0.8518333333333334,0.8518333333333334,0.8518333333333334,0.8525,0.8525,0.8525,0.8525,0.8528333333333334,0.8528333333333334,0.8528333333333334,0.8535,0.8535,0.8543333333333335,0.8546666666666667,0.8550000000000001,0.8550000000000001,0.8551666666666667,0.8564999999999999,0.8573333333333333,0.8584999999999999,0.8584999999999999,0.8584999999999999,0.8584999999999999,0.8584999999999999,0.8584999999999999,0.8584999999999999,0.86,0.8611666666666666,0.8611666666666666,0.8611666666666666,0.8611666666666666,0.8611666666666666,0.8611666666666666,0.8611666666666666,0.8618333333333332,0.8638333333333333,0.8638333333333333,0.8638333333333333,0.8638333333333333,0.8643333333333333,0.8666666666666666,0.8666666666666666,0.8676666666666666,0.8676666666666666,0.8705,0.8710000000000001,0.8710000000000001,0.8725000000000002,0.8726666666666667,0.8726666666666667,0.8728333333333333,0.8728333333333333,0.8728333333333333,0.8734999999999999,0.8734999999999999,0.8734999999999999,0.8734999999999999,0.8734999999999999,0.8734999999999999,0.8734999999999999,0.8734999999999999,0.8734999999999999,0.8734999999999999,0.8734999999999999,0.8734999999999999,0.8734999999999999,0.8758333333333332,0.8761666666666666,0.8788333333333334,0.8788333333333334,0.8788333333333334,0.8788333333333334,0.8788333333333334,0.8788333333333334,0.8788333333333334
Std curve: 0.005715476066494065,0.007877534865397651,0.006666666666666673,0.005602578771323865,0.01592517224745499,0.014255603186895394,0.01253218079807163,0.01253218079807163,0.01253218079807163,0.011960583412006094,0.011384687571958688,0.011730776236511826,0.007728015412913085,0.007728015412913085,0.007728015412913085,0.007728015412913085,0.007666666666666651,0.007666666666666651,0.00590197706987524,0.004163331998932234,0.004163331998932234,0.004163331998932234,0.004163331998932234,0.004163331998932234,0.004163331998932234,0.004163331998932234,0.004163331998932234,0.004163331998932234,0.003496029493900475,0.003496029493900475,0.003496029493900475,0.003496029493900475,0.003316624790355364,0.003316624790355364,0.003316624790355364,0.003349958540373595,0.003349958540373595,0.004696334267868457,0.004790035954399973,0.004624812308503868,0.004624812308503868,0.0045765100725819975,0.0031358146203711596,0.0035901098714230316,0.005512611802847075,0.005512611802847075,0.005512611802847075,0.005512611802847075,0.005512611802847075,0.005512611802847075,0.005512611802847075,0.005137011669140813,0.004490731195102492,0.004490731195102492,0.004490731195102492,0.004490731195102492,0.004490731195102492,0.004490731195102492,0.004490731195102492,0.004636809247747849,0.006843488389215933,0.006843488389215933,0.006843488389215933,0.006843488389215933,0.006757711644237765,0.007149203529842423,0.007149203529842423,0.0068394281762277406,0.0068394281762277406,0.0034399612400917304,0.0025495097567963857,0.0025495097567963857,0.005000000000000008,0.004813176359397888,0.004813176359397888,0.0048189440982669895,0.0048189440982669895,0.0048189440982669895,0.004841946348777987,0.004841946348777987,0.004841946348777987,0.004841946348777987,0.004841946348777987,0.004841946348777987,0.004841946348777987,0.004841946348777987,0.004841946348777987,0.004841946348777987,0.004841946348777987,0.004841946348777987,0.004841946348777987,0.0038005847503304697,0.0033993463423951944,0.008326663997864536,0.008326663997864536,0.008326663997864536,0.008326663997864536,0.008326663997864536,0.008326663997864536,0.008326663997864536

mean_time: , 5414.542301464081
best_solution: , 0.8725
worst_solution: , 0.895
mean_solution: , 0.8788333333333334
std_solution: , 0.008326663997864536



solutions runs are : 



0.895

0.8783333333333333

0.875

0.8733333333333333

0.8725

