# Scenario 289
Mean curve: 0.6601999999999999,0.6623,0.6648333333333334,0.6656333333333333,0.6694666666666667,0.6734,0.6750666666666667,0.6771666666666667,0.6771666666666667,0.6783666666666666,0.6823999999999999,0.6834666666666667,0.6860333333333333,0.6891333333333333,0.6911333333333334,0.6932333333333334,0.6932666666666667,0.6932666666666667,0.6932666666666667,0.6941666666666667,0.6974000000000001,0.6986333333333333,0.6986333333333333,0.7,0.7012333333333334,0.7034,0.7034,0.7041333333333334,0.7041333333333334,0.7043666666666667,0.7048,0.7048,0.7048,0.7075333333333333,0.7078,0.7083333333333333,0.7086999999999999,0.7091333333333333,0.7144666666666667,0.7156333333333333,0.7156333333333333,0.7158,0.7162,0.7168333333333333,0.7174666666666667,0.7187333333333333,0.7188000000000001,0.7190666666666667,0.7202,0.7202,0.7206,0.7219333333333333,0.7221,0.7228,0.7228,0.7230333333333333,0.7236,0.7248666666666667,0.7256666666666667,0.7257,0.7264666666666666,0.7274999999999999,0.7274999999999999,0.7295,0.7320333333333333,0.7350666666666666,0.7350666666666666,0.7358666666666667,0.7376333333333334,0.7376333333333334,0.7382666666666666,0.7401,0.7401,0.7415,0.7415,0.7415,0.7415,0.7415,0.7418333333333333,0.7436999999999999,0.7442666666666666,0.7442666666666666,0.7442666666666666,0.7443,0.7443,0.7449333333333332,0.745,0.7471333333333333,0.7473,0.7484333333333334,0.7493333333333334,0.7493333333333334,0.7493333333333334,0.7511666666666666,0.7514333333333333,0.7516,0.7520666666666667,0.7520666666666667,0.7523666666666667,0.7525000000000001
Std curve: 0.005900470791009437,0.004858440536267189,0.004862555341016118,0.003768878406694009,0.005213657278937899,0.005521271995151523,0.005394029621308684,0.004019397411995414,0.004019397411995414,0.005051292463870547,0.0042145251478929524,0.0041585253796668446,0.0033983656202487686,0.0023508863576673805,0.0028154336551704648,0.003678163793102318,0.003667575644906457,0.003667575644906457,0.003667575644906457,0.0038355066303046564,0.004915508338129659,0.006352952069707429,0.006352952069707429,0.006571825384844667,0.005548373134932856,0.004452964056545798,0.004452964056545798,0.004545327270945397,0.004545327270945397,0.004085747585611883,0.004506045322058398,0.004506045322058398,0.004506045322058398,0.001975966711370492,0.0017365355036841187,0.0025144029554194695,0.0022958900476963405,0.002127596452964386,0.004943458078893533,0.0065797669664915456,0.0065797669664915456,0.006383485637869708,0.006154853550022314,0.005452828012447617,0.005000444424693122,0.005017303392593814,0.005123366948490888,0.004767482447674968,0.004735680169380817,0.004735680169380817,0.004896257073860952,0.0033142788724614797,0.0032242139438250113,0.003216968897718618,0.003216968897718618,0.0033156196002155276,0.0035301872786329715,0.003604626656580852,0.003799122705748416,0.0037526287082819817,0.003670301228933543,0.0037297601948531657,0.0037297601948531657,0.004453463071962471,0.007137849037972802,0.009566492449052486,0.009566492449052486,0.008662434864273334,0.007050925865129758,0.007050925865129758,0.006169458827338304,0.006664666366576662,0.006664666366576662,0.008036029976162228,0.008036029976162228,0.008036029976162228,0.008036029976162228,0.008036029976162228,0.007747400997897439,0.00723141295552489,0.007655499112838202,0.007655499112838202,0.007655499112838202,0.007619711280619489,0.007619711280619489,0.008100480095511476,0.008029113691228083,0.006812080772014094,0.006942141840479281,0.005371323031722361,0.004848825745591523,0.004848825745591523,0.004848825745591523,0.0067230945255886505,0.006594273610068395,0.006553709721303744,0.006998094978873441,0.006998094978873441,0.006949340496286941,0.0071336448530109

mean_time: , 33073.895005846025
best_solution: , 0.7421666666666666
worst_solution: , 0.7625
mean_solution: , 0.7525000000000001
std_solution: , 0.0071336448530109



solutions runs are : 



0.7518333333333334

0.7578333333333334

0.7481666666666666

0.7625

0.7421666666666666

