# Scenario 442
Mean curve: 0.5621863503783391,0.563060750398274,0.5645005725437465,0.5684105144482107,0.5684105144482107,0.5692040459993409,0.5715026486984786,0.5738328380863007,0.5738328380863007,0.5738328380863007,0.5738328380863007,0.5738328380863007,0.5738328380863007,0.575469832917965,0.575469832917965,0.575469832917965,0.5774073602879469,0.5774073602879469,0.5774073602879469,0.5774073602879469,0.5774073602879469,0.5774073602879469,0.5774073602879469,0.5776528564367783,0.5780159583466797,0.5780159583466797,0.5780159583466797,0.5780159583466797,0.5780159583466797,0.578131606591364,0.5782002869266506,0.5782002869266506,0.5782002869266506,0.5782002869266506,0.5782002869266506,0.5782002869266506,0.5803600921992765,0.5803600921992765,0.5803600921992765,0.5803600921992765,0.5803600921992765,0.5803600921992765,0.5803600921992765,0.5803600921992765,0.5803600921992765,0.5803600921992765,0.5803600921992765,0.5803600921992765,0.5803600921992765,0.5803600921992765,0.5803600921992765,0.5803600921992765,0.5807786573175794,0.5807786573175794,0.5811010826062843,0.5811010826062843,0.5811010826062843,0.5852119533621195,0.5852119533621195,0.5852119533621195,0.5852119533621195,0.5852119533621195,0.5852119533621195,0.5852119533621195,0.5852119533621195,0.5852119533621195,0.5852119533621195,0.5852119533621195,0.5852119533621195,0.5852119533621195,0.5852119533621195,0.5852119533621195,0.5852119533621195,0.5852119533621195,0.5852119533621195,0.5852119533621195,0.5852119533621195,0.5852119533621195,0.5852119533621195,0.5852119533621195,0.5852119533621195,0.5852119533621195,0.5852119533621195,0.5852119533621195,0.5852119533621195,0.5863062147727194,0.5863062147727194,0.5863062147727194,0.5863062147727194,0.5863062147727194,0.5863062147727194,0.5863062147727194,0.5863062147727194,0.5863062147727194,0.5863062147727194,0.5863062147727194,0.5863062147727194,0.5863062147727194,0.5863062147727194,0.5863062147727194
Std curve: 0.008124230563645501,0.008436283306481888,0.007359738850934207,0.00984578109986368,0.00984578109986368,0.008927275911574195,0.0108352203515188,0.009034618611188596,0.009034618611188596,0.009034618611188596,0.009034618611188596,0.009034618611188596,0.009034618611188596,0.010701941046434998,0.010701941046434998,0.010701941046434998,0.010583443991681677,0.010583443991681677,0.010583443991681677,0.010583443991681677,0.010583443991681677,0.010583443991681677,0.010583443991681677,0.010855485581826842,0.010281734842944127,0.010281734842944127,0.010281734842944127,0.010281734842944127,0.010281734842944127,0.010103114413471292,0.009998058809176626,0.009998058809176626,0.009998058809176626,0.009998058809176626,0.009998058809176626,0.009998058809176626,0.011363194686458043,0.011363194686458043,0.011363194686458043,0.011363194686458043,0.011363194686458043,0.011363194686458043,0.011363194686458043,0.011363194686458043,0.011363194686458043,0.011363194686458043,0.011363194686458043,0.011363194686458043,0.011363194686458043,0.011363194686458043,0.011363194686458043,0.011363194686458043,0.0107359278590905,0.0107359278590905,0.010273155170329734,0.010273155170329734,0.010273155170329734,0.007380861950368959,0.007380861950368959,0.007380861950368959,0.007380861950368959,0.007380861950368959,0.007380861950368959,0.007380861950368959,0.007380861950368959,0.007380861950368959,0.007380861950368959,0.007380861950368959,0.007380861950368959,0.007380861950368959,0.007380861950368959,0.007380861950368959,0.007380861950368959,0.007380861950368959,0.007380861950368959,0.007380861950368959,0.007380861950368959,0.007380861950368959,0.007380861950368959,0.007380861950368959,0.007380861950368959,0.007380861950368959,0.007380861950368959,0.007380861950368959,0.007380861950368959,0.008354312795525164,0.008354312795525164,0.008354312795525164,0.008354312795525164,0.008354312795525164,0.008354312795525164,0.008354312795525164,0.008354312795525164,0.008354312795525164,0.008354312795525164,0.008354312795525164,0.008354312795525164,0.008354312795525164,0.008354312795525164,0.008354312795525164

mean_time: , 51024.18474364281
best_solution: , 0.5708974358974359
worst_solution: , 0.5954937138013844
mean_solution: , 0.5863062147727194
std_solution: , 0.008354312795525164



solutions runs are : 



0.5708974358974359

0.5914305459571527

0.5954937138013844

0.5872232595358763

0.5864861186717474

