# Scenario 280
Mean curve: 0.5661360513013886,0.5690636668989131,0.576422482256528,0.5792671957081277,0.5828855232215207,0.5852466195207664,0.5852466195207664,0.5856938409862587,0.5863664683643528,0.587024972096775,0.587024972096775,0.5870775865530133,0.593927368153507,0.5967935895579405,0.6000354443080832,0.6005765870712004,0.6019547875118592,0.603828043144645,0.603828043144645,0.603828043144645,0.6038897076419754,0.6056773087648034,0.6070261970876496,0.6087745658694985,0.6087745658694985,0.6087745658694985,0.6097988946040358,0.6110163816647004,0.61275669878867,0.6129603497647087,0.6136598139299692,0.6152709666087953,0.6158510592200078,0.6164178053727261,0.6176883367442968,0.6176883367442968,0.6205043111032552,0.6205043111032552,0.6226467600417847,0.6226467600417847,0.6249752246923082,0.6253479708986295,0.62614514219521,0.62614514219521,0.6264354545255155,0.6264354545255155,0.6268820678519129,0.6278625007821864,0.6309940945891948,0.6311430012627364,0.6311430012627364,0.6311430012627364,0.6311430012627364,0.6332835796941456,0.6332835796941456,0.6332835796941456,0.6346099200627908,0.6371563003525713,0.6371563003525713,0.6371563003525713,0.6373005151505171,0.6373005151505171,0.6385949804783115,0.6388834347979515,0.6388834347979515,0.639096738444582,0.6404381738895645,0.6404381738895645,0.6431769644507513,0.6437460277478328,0.6447093921946951,0.6447093921946951,0.6463698355580594,0.6463698355580594,0.6469751100308977,0.6469751100308977,0.6470080544124829,0.6494690043105089,0.6495870475684161,0.6498814229683013,0.6513417670437439,0.6513417670437439,0.6514910099157512,0.6514910099157512,0.6514910099157512,0.6540523561935296,0.6553097276597204,0.6559600634399638,0.6559600634399638,0.6559600634399638,0.6563174405278218,0.6583322850296428,0.6596906949791052,0.6612890398140022,0.6638593656850287,0.6647195121234978,0.6650532431733464,0.6665136898450348,0.6665136898450348,0.6671138588953363
Std curve: 0.003540634605120642,0.00287368527798329,0.007733086357195552,0.005676548179137399,0.005166730045970014,0.003936979920219406,0.003936979920219406,0.0043934161819001285,0.004390752061696754,0.0037974956453298474,0.0037974956453298474,0.003851418478620597,0.004884428276647963,0.005363864726572724,0.0031447894628666494,0.002909433495383858,0.0022685323423824576,0.003139424790642107,0.003139424790642107,0.003139424790642107,0.003255269137148112,0.0036755026007375515,0.005176480111468776,0.0043100320587050826,0.0043100320587050826,0.0043100320587050826,0.003795069063636304,0.002318785075105207,0.001711929323755576,0.0018301549174185923,0.002238474886891123,0.002280873744142583,0.001444551111315454,0.002503916578883104,0.0028566336316430546,0.0028566336316430546,0.0034862466428375975,0.0034862466428375975,0.002992081538750191,0.002992081538750191,0.0015994219184507729,0.0015655386367389723,0.0017816092725142858,0.0017816092725142858,0.0020649920170611076,0.0020649920170611076,0.0025752714361338743,0.001686612009424004,0.0020265620318449177,0.0023113153234500658,0.0023113153234500658,0.0023113153234500658,0.0023113153234500658,0.0031406132122801036,0.0031406132122801036,0.0031406132122801036,0.002292293984750411,0.002069264953576412,0.002069264953576412,0.002069264953576412,0.0022792794814038442,0.0022792794814038442,0.0026762191174790014,0.0024427936505512764,0.0024427936505512764,0.002424211158505264,0.002229206339756423,0.002229206339756423,0.005840211346989176,0.005604910286424157,0.00585696983095926,0.00585696983095926,0.004429692944928528,0.004429692944928528,0.004819247286934107,0.004819247286934107,0.004867303724590898,0.004878100873185049,0.0047020862307722115,0.005013596314420914,0.004014080527680735,0.004014080527680735,0.004018490767658597,0.004018490767658597,0.004018490767658597,0.007278909631890615,0.005848538334626968,0.00598048074947663,0.00598048074947663,0.00598048074947663,0.006215839851635618,0.009728276756831357,0.009144701936785706,0.008408356462122395,0.0064175206881886635,0.0065468687578645384,0.006716089614652694,0.008087563852300179,0.008087563852300179,0.007796269418364953

mean_time: , 132831.21430931092
best_solution: , 0.6580030246544508
worst_solution: , 0.6763854803853339
mean_solution: , 0.6671138588953363
std_solution: , 0.007796269418364953



solutions runs are : 



0.6644595561918396

0.676259499014917

0.6580030246544508

0.6763854803853339

0.66046173423014

