# Scenario 444
Mean curve: 0.5288608265382806,0.5306563263070646,0.5306563263070646,0.5311169717415571,0.5311169717415571,0.5320125448698207,0.5320125448698207,0.5320125448698207,0.5331100780000702,0.5338758392104132,0.5338758392104132,0.5338758392104132,0.5349228739852161,0.5349228739852161,0.5349228739852161,0.5354329644529947,0.5356539824568347,0.5358484340801801,0.5376179627970772,0.5376179627970772,0.5382229690707083,0.5394367642124401,0.5410025468007791,0.5410025468007791,0.5426664250978045,0.5431085250462339,0.5433329051946415,0.5433329051946415,0.5451074333816563,0.5451074333816563,0.5451074333816563,0.5451074333816563,0.5451074333816563,0.5451074333816563,0.5451074333816563,0.5451074333816563,0.5451074333816563,0.5465863291424656,0.5469599590478063,0.5469599590478063,0.5469599590478063,0.5469599590478063,0.5469599590478063,0.5478351675762123,0.5478351675762123,0.5478351675762123,0.5478351675762123,0.5478351675762123,0.548064806150441,0.548064806150441,0.548064806150441,0.548064806150441,0.548064806150441,0.5484747433654754,0.5484747433654754,0.5484747433654754,0.5484747433654754,0.5484747433654754,0.5484747433654754,0.5484747433654754,0.5484747433654754,0.5484747433654754,0.5484747433654754,0.5488214449281783,0.5488214449281783,0.5488214449281783,0.5488214449281783,0.5488214449281783,0.5488214449281783,0.5488214449281783,0.5488214449281783,0.5488214449281783,0.5488214449281783,0.5489466501129862,0.5489466501129862,0.5489466501129862,0.5489466501129862,0.5489466501129862,0.5489466501129862,0.5489466501129862,0.550861180027516,0.550861180027516,0.550861180027516,0.550861180027516,0.550861180027516,0.5514576921635348,0.551934841789728,0.551934841789728,0.551934841789728,0.552579268980926,0.552579268980926,0.552579268980926,0.552579268980926,0.552579268980926,0.552579268980926,0.552579268980926,0.552579268980926,0.552579268980926,0.552579268980926,0.552579268980926
Std curve: 0.003611834439698793,0.005616792833435792,0.005616792833435792,0.005597474001520306,0.005597474001520306,0.0045593560508763,0.0045593560508763,0.0045593560508763,0.006466981695373652,0.007733362891614389,0.007733362891614389,0.007733362891614389,0.009715896202816678,0.009715896202816678,0.009715896202816678,0.009396388311768344,0.009332877057407402,0.009294041655509566,0.008136928758395614,0.008136928758395614,0.007984514283496159,0.007128699791561418,0.006940094502837809,0.006940094502837809,0.006063786834928404,0.0057355721525350935,0.005856227769546982,0.005856227769546982,0.005985630215865138,0.005985630215865138,0.005985630215865138,0.005985630215865138,0.005985630215865138,0.005985630215865138,0.005985630215865138,0.005985630215865138,0.005985630215865138,0.006088563468031876,0.006336657838829804,0.006336657838829804,0.006336657838829804,0.006336657838829804,0.006336657838829804,0.004997159652038994,0.004997159652038994,0.004997159652038994,0.004997159652038994,0.004997159652038994,0.005075239433577238,0.005075239433577238,0.005075239433577238,0.005075239433577238,0.005075239433577238,0.005311376877941492,0.005311376877941492,0.005311376877941492,0.005311376877941492,0.005311376877941492,0.005311376877941492,0.005311376877941492,0.005311376877941492,0.005311376877941492,0.005311376877941492,0.005597710566477716,0.005597710566477716,0.005597710566477716,0.005597710566477716,0.005597710566477716,0.005597710566477716,0.005597710566477716,0.005597710566477716,0.005597710566477716,0.005597710566477716,0.005423704545208559,0.005423704545208559,0.005423704545208559,0.005423704545208559,0.005423704545208559,0.005423704545208559,0.005423704545208559,0.003963820491826478,0.003963820491826478,0.003963820491826478,0.003963820491826478,0.003963820491826478,0.004175326772141267,0.003247545744711482,0.003247545744711482,0.003247545744711482,0.0034750172243252775,0.0034750172243252775,0.0034750172243252775,0.0034750172243252775,0.0034750172243252775,0.0034750172243252775,0.0034750172243252775,0.0034750172243252775,0.0034750172243252775,0.0034750172243252775,0.0034750172243252775

mean_time: , 48586.73441987038
best_solution: , 0.5456725365305358
worst_solution: , 0.5550545966889749
mean_solution: , 0.552579268980926
std_solution: , 0.0034750172243252775



solutions runs are : 



0.5540196435067297

0.5456725365305358

0.5540936717912048

0.5550545966889749

0.5540558963871848

