# Scenario 57
Mean curve: 0.7346666666666667,0.7569999999999999,0.771,0.7896666666666667,0.8041666666666666,0.8166666666666667,0.8248333333333333,0.8324999999999999,0.8400000000000001,0.8501666666666667,0.851,0.8586666666666666,0.8646666666666667,0.8751666666666666,0.8775000000000001,0.8835,0.8865000000000001,0.8896666666666666,0.8913333333333334,0.897,0.8971666666666668,0.9001666666666666,0.9061666666666668,0.9075,0.9086666666666666,0.9121666666666666,0.9175000000000001,0.9191666666666668,0.9191666666666668,0.9211666666666668,0.9221666666666668,0.9248333333333335,0.9275,0.9283333333333333,0.9291666666666668,0.9324999999999999,0.9338333333333335,0.9355,0.9358333333333334,0.9371666666666666,0.9398333333333333,0.9398333333333333,0.9403333333333335,0.9408333333333333,0.9408333333333333,0.942,0.9441666666666666,0.9450000000000001,0.9450000000000001,0.9453333333333334,0.9465,0.9476666666666667,0.9480000000000001,0.9491666666666667,0.9498333333333333,0.9525,0.9525,0.9525,0.9525,0.9525,0.9525,0.9525,0.9525,0.9525,0.9525,0.9525,0.9525,0.9525,0.9525,0.9536666666666667,0.9536666666666667,0.9536666666666667,0.9546666666666667,0.9546666666666667,0.9546666666666667,0.9546666666666667,0.9546666666666667,0.9546666666666667,0.9546666666666667,0.9546666666666667,0.9546666666666667,0.9546666666666667,0.9546666666666667,0.9555,0.9555,0.9573333333333333,0.9573333333333333,0.959,0.959,0.959,0.959,0.959,0.959,0.959,0.959,0.959,0.959,0.959,0.959,0.959
Std curve: 0.009994442900376635,0.007828012377211587,0.010559356040971454,0.014284801558144093,0.012692955176439867,0.0017480147469502506,0.007753135566408647,0.005651941652604393,0.004684489774185063,0.0067577116442377365,0.006527718675855355,0.004552166761249214,0.006315765107165491,0.006778233135887589,0.008514693182963195,0.0049833054625753395,0.007291547618075776,0.0075203427817856555,0.009092121131323898,0.008637772346566637,0.008605553762283733,0.0074610097618664885,0.0049609586887124114,0.003908679799852863,0.003316624790355396,0.006616477747093057,0.003836954811073762,0.0034560735588879264,0.0034560735588879264,0.004365266951236256,0.003399346342395189,0.0024944382578493043,0.002236067977499775,0.0025276251480171614,0.0027888667551135633,0.0038005847503304654,0.004333333333333355,0.005811865258054254,0.006055300708194995,0.005976807025680386,0.00796520209689902,0.00796520209689902,0.0071608503529802655,0.0069121471177758876,0.0069121471177758876,0.005099019513592757,0.00711024300256717,0.006168918507773911,0.006168918507773911,0.005883120864907604,0.0054365021434333635,0.005710613899670601,0.005542763049438633,0.005676462121975471,0.006289320754704402,0.007655789385237237,0.007655789385237237,0.007655789385237237,0.007655789385237237,0.007655789385237237,0.007655789385237237,0.007655789385237237,0.007655789385237237,0.007655789385237237,0.007655789385237237,0.007655789385237237,0.007655789385237237,0.007655789385237237,0.007655789385237237,0.006381396573025551,0.006381396573025551,0.006381396573025551,0.006761820925033594,0.006761820925033594,0.006761820925033594,0.006761820925033594,0.006761820925033594,0.006761820925033594,0.006761820925033594,0.006761820925033594,0.006761820925033594,0.006761820925033594,0.006761820925033594,0.0061599062041921135,0.0061599062041921135,0.005807083796728122,0.005807083796728122,0.004515405728048014,0.004515405728048014,0.004515405728048014,0.004515405728048014,0.004515405728048014,0.004515405728048014,0.004515405728048014,0.004515405728048014,0.004515405728048014,0.004515405728048014,0.004515405728048014,0.004515405728048014,0.004515405728048014

mean_time: , 6583.023001766205
best_solution: , 0.9525
worst_solution: , 0.9658333333333333
mean_solution: , 0.959
std_solution: , 0.004515405728048014



solutions runs are : 



0.9583333333333334

0.9566666666666667

0.9616666666666667

0.9658333333333333

0.9525

