# Scenario 486
Mean curve: 0.6853333333333332,0.6879333333333334,0.6879333333333334,0.6879333333333334,0.6880333333333334,0.6880333333333334,0.6880333333333334,0.6898000000000001,0.6898000000000001,0.6898000000000001,0.6898000000000001,0.6898333333333334,0.6898333333333334,0.6898333333333334,0.6898333333333334,0.6898333333333334,0.6898333333333334,0.6925666666666668,0.6942,0.6944666666666667,0.6946,0.6946333333333333,0.6946333333333333,0.6946333333333333,0.6946333333333333,0.6946333333333333,0.6946333333333333,0.6946333333333333,0.6962333333333334,0.6963,0.6968666666666666,0.6968666666666666,0.6968666666666666,0.6968666666666666,0.6970666666666666,0.6971999999999999,0.6971999999999999,0.6971999999999999,0.6976,0.6986666666666667,0.6986666666666667,0.6986666666666667,0.6986666666666667,0.6986666666666667,0.6986666666666667,0.6986666666666667,0.6986666666666667,0.6986666666666667,0.6986666666666667,0.6988333333333333,0.6988333333333333,0.6988333333333333,0.6988333333333333,0.6988333333333333,0.6988333333333333,0.6988333333333333,0.6988333333333333,0.6988333333333333,0.6991666666666667,0.6991666666666667,0.6996333333333334,0.6996333333333334,0.6996333333333334,0.6996333333333334,0.6996333333333334,0.6996333333333334,0.6997333333333333,0.6997333333333333,0.6997333333333333,0.6997333333333333,0.7001000000000001,0.7001000000000001,0.7001000000000001,0.7001000000000001,0.7011666666666667,0.7011666666666667,0.7011666666666667,0.7011666666666667,0.7028000000000001,0.7028000000000001,0.7028000000000001,0.7028000000000001,0.7028000000000001,0.7028000000000001,0.7028000000000001,0.703,0.703,0.703,0.703,0.703,0.703,0.703,0.703,0.703,0.703,0.703,0.703,0.703,0.703,0.703
Std curve: 0.007324995259763349,0.00337078955472189,0.00337078955472189,0.00337078955472189,0.0035282982993064434,0.0035282982993064434,0.0035282982993064434,0.0037703521792473646,0.0037703521792473646,0.0037703521792473646,0.0037703521792473646,0.0037208123366335314,0.0037208123366335314,0.0037208123366335314,0.0037208123366335314,0.0037208123366335314,0.0037208123366335314,0.0053141321022345585,0.0034663461390281713,0.003479144211504376,0.0037187214051188277,0.003724394059590253,0.003724394059590253,0.003724394059590253,0.003724394059590253,0.003724394059590253,0.003724394059590253,0.003724394059590253,0.004584514999187783,0.004664761515876229,0.004252319628417234,0.004252319628417234,0.004252319628417234,0.004252319628417234,0.004158792559812981,0.00396848697728606,0.00396848697728606,0.00396848697728606,0.0034586445643087337,0.0028499512666398837,0.0028499512666398837,0.0028499512666398837,0.0028499512666398837,0.0028499512666398837,0.0028499512666398837,0.0028499512666398837,0.0028499512666398837,0.0028499512666398837,0.0028499512666398837,0.0028886752057724467,0.0028886752057724467,0.0028886752057724467,0.0028886752057724467,0.0028886752057724467,0.0028886752057724467,0.0028886752057724467,0.0028886752057724467,0.0028886752057724467,0.002562550812504343,0.002562550812504343,0.003199652758937716,0.003199652758937716,0.003199652758937716,0.003199652758937716,0.003199652758937716,0.003199652758937716,0.0031280096618208283,0.0031280096618208283,0.0031280096618208283,0.0031280096618208283,0.0032839677898000835,0.0032839677898000835,0.0032839677898000835,0.0032839677898000835,0.004023541833868368,0.004023541833868368,0.004023541833868368,0.004023541833868368,0.0039276795524414345,0.0039276795524414345,0.0039276795524414345,0.0039276795524414345,0.0039276795524414345,0.0039276795524414345,0.0039276795524414345,0.003549647869859754,0.003549647869859754,0.003549647869859754,0.003549647869859754,0.003549647869859754,0.003549647869859754,0.003549647869859754,0.003549647869859754,0.003549647869859754,0.003549647869859754,0.003549647869859754,0.003549647869859754,0.003549647869859754,0.003549647869859754,0.003549647869859754

mean_time: , 33394.18803863526
best_solution: , 0.6963333333333334
worst_solution: , 0.7058333333333333
mean_solution: , 0.703
std_solution: , 0.003549647869859754



solutions runs are : 



0.7045

0.6963333333333334

0.7058333333333333

0.7025

0.7058333333333333

