# Scenario 379
Mean curve: 0.71625,0.722875,0.7306250000000001,0.7336250000000001,0.7350000000000001,0.735625,0.735625,0.7384999999999999,0.7384999999999999,0.7386250000000001,0.738875,0.738875,0.7391249999999999,0.74025,0.742625,0.742625,0.746875,0.746875,0.746875,0.746875,0.749125,0.749125,0.749125,0.750375,0.750875,0.75225,0.75225,0.7533749999999999,0.7533749999999999,0.7537499999999999,0.7537499999999999,0.7537499999999999,0.754,0.7569999999999999,0.7575000000000001,0.7575000000000001,0.7578750000000001,0.7578750000000001,0.7582500000000001,0.75875,0.758875,0.758875,0.758875,0.758875,0.75975,0.7618750000000001,0.7618750000000001,0.762875,0.762875,0.7630000000000001,0.7655000000000001,0.7657499999999999,0.76625,0.766625,0.766625,0.766625,0.76775,0.76775,0.7688750000000001,0.771125,0.772625,0.7733749999999999,0.774,0.774375,0.7745,0.7745,0.7745,0.7745,0.7746250000000001,0.7746250000000001,0.7746250000000001,0.7746250000000001,0.7755000000000001,0.7755000000000001,0.7755000000000001,0.77575,0.77575,0.778,0.778125,0.778125,0.780375,0.7817500000000001,0.7837500000000001,0.7837500000000001,0.7837500000000001,0.7837500000000001,0.7837500000000001,0.7838749999999999,0.7841249999999998,0.78575,0.78575,0.78575,0.78575,0.78575,0.78575,0.78575,0.78575,0.7863749999999999,0.7863749999999999,0.7863749999999999
Std curve: 0.004011701633970304,0.0048347699014534345,0.009905806378079493,0.008276472678623432,0.008514693182963207,0.0078958058486769,0.0078958058486769,0.007630121231015913,0.007630121231015913,0.007504165509901807,0.0072715197861244665,0.0072715197861244665,0.0070776938334460105,0.0064055639876594616,0.005973901572674243,0.005973901572674243,0.005576177005798832,0.005576177005798832,0.005576177005798832,0.005576177005798832,0.006282415936564515,0.006282415936564515,0.006282415936564515,0.008446522953263057,0.009359153273667403,0.008593238621148571,0.008593238621148571,0.007547764569725234,0.007547764569725234,0.007541551564499146,0.007541551564499146,0.007541551564499146,0.00736970148649181,0.007451929280394447,0.008375932783875464,0.008375932783875464,0.008465001476668491,0.008465001476668491,0.008200609733428338,0.009117291264405232,0.00904329862384296,0.00904329862384296,0.00904329862384296,0.00904329862384296,0.008325412902673352,0.007373940601876318,0.007373940601876318,0.0065859699361597536,0.0065859699361597536,0.006523994175349954,0.007250000000000007,0.006964194138592048,0.006471089552772394,0.006182131509439127,0.006182131509439127,0.006182131509439127,0.005612486080160902,0.005612486080160902,0.0056926487683678145,0.0039011216335818034,0.003652909799050612,0.003548767391644605,0.003273950213427209,0.003791437722025801,0.003820176697484056,0.003820176697484056,0.003820176697484056,0.003820176697484056,0.0038649062084351,0.0038649062084351,0.0038649062084351,0.0038649062084351,0.004319288135792776,0.004319288135792776,0.004319288135792776,0.004246321937865788,0.004246321937865788,0.006051859218455121,0.006085330722319061,0.006085330722319061,0.005312132340218958,0.005279678020485734,0.0026220221204253705,0.0026220221204253705,0.0026220221204253705,0.0026220221204253705,0.0026220221204253705,0.002573907535246741,0.0027838821814149973,0.004115519408288573,0.004115519408288573,0.004115519408288573,0.004115519408288573,0.004115519408288573,0.004115519408288573,0.004115519408288573,0.004115519408288573,0.0035881750236018166,0.0035881750236018166,0.0035881750236018166

mean_time: , 9481.334080171586
best_solution: , 0.783125
worst_solution: , 0.793125
mean_solution: , 0.7863749999999999
std_solution: , 0.0035881750236018166



solutions runs are : 



0.783125

0.786875

0.784375

0.793125

0.784375

