# Scenario 199
Mean curve: 0.7313,0.7349999999999999,0.7349999999999999,0.7383,0.7411,0.7422,0.7422,0.7422,0.7422,0.7422,0.7439,0.7468,0.7468,0.7496,0.7496,0.7504,0.7516999999999999,0.7516999999999999,0.7516999999999999,0.7553000000000001,0.7553000000000001,0.7555000000000001,0.7556,0.7556,0.7556,0.7556,0.7556,0.7556,0.7556,0.7556,0.7556,0.7556,0.7556,0.7556,0.7556,0.7556,0.7564,0.7564,0.7564,0.7564,0.7564,0.7564,0.7564,0.7564,0.7567,0.7567,0.7567,0.757,0.757,0.7571000000000001,0.7573000000000001,0.7579,0.7589,0.7592000000000001,0.7598,0.7603,0.7603,0.7603,0.7603,0.7603,0.7603,0.7603,0.7603,0.7603,0.7603,0.7603,0.7603,0.7603,0.7603,0.7603,0.7609999999999999,0.7609999999999999,0.7609999999999999,0.7609999999999999,0.7609999999999999,0.7609999999999999,0.7609999999999999,0.7611000000000001,0.7615999999999999,0.7615999999999999,0.7615999999999999,0.7615999999999999,0.7615999999999999,0.7615999999999999,0.7615999999999999,0.7615999999999999,0.7615999999999999,0.7615999999999999,0.7615999999999999,0.762,0.7621,0.7621,0.7621,0.7621,0.7621,0.7621,0.7638,0.7638,0.7638,0.7638
Std curve: 0.00847702778100909,0.004949747468305828,0.004949747468305828,0.007004284403134995,0.004684015371452169,0.005104899607240102,0.005104899607240102,0.005104899607240102,0.005104899607240102,0.005104899607240102,0.006552861970162339,0.003234192325759233,0.003234192325759233,0.0033376638536557132,0.0033376638536557132,0.0026720778431774685,0.004545327270945376,0.004545327270945376,0.004545327270945376,0.006217716622683901,0.006217716622683901,0.006363961030678902,0.006272160712226673,0.006272160712226673,0.006272160712226673,0.006272160712226673,0.006272160712226673,0.006272160712226673,0.006272160712226673,0.006272160712226673,0.006272160712226673,0.006272160712226673,0.006272160712226673,0.006272160712226673,0.006272160712226673,0.006272160712226673,0.005739337940912679,0.005739337940912679,0.005739337940912679,0.005739337940912679,0.005739337940912679,0.005739337940912679,0.005739337940912679,0.005739337940912679,0.005344155686354952,0.005344155686354952,0.005344155686354952,0.0052249401910452525,0.0052249401910452525,0.005199999999999997,0.005134199061197393,0.006086049621881195,0.006102458520956964,0.005887274411814039,0.0050655700567656045,0.004512205669071407,0.004512205669071407,0.004512205669071407,0.004512205669071407,0.004512205669071407,0.004512205669071407,0.004512205669071407,0.004512205669071407,0.004512205669071407,0.004512205669071407,0.004512205669071407,0.004512205669071407,0.004512205669071407,0.004512205669071407,0.004512205669071407,0.004827007354458877,0.004827007354458877,0.004827007354458877,0.004827007354458877,0.004827007354458877,0.004827007354458877,0.004827007354458877,0.004726520919238609,0.004328972164382684,0.004328972164382684,0.004328972164382684,0.004328972164382684,0.004328972164382684,0.004328972164382684,0.004328972164382684,0.004328972164382684,0.004328972164382684,0.004328972164382684,0.004328972164382684,0.004159326868617099,0.004004996878900154,0.004004996878900154,0.004004996878900154,0.004004996878900154,0.004004996878900154,0.004004996878900154,0.004154515615568192,0.004154515615568192,0.004154515615568192,0.004154515615568192

mean_time: , 13144.13991522789
best_solution: , 0.756
worst_solution: , 0.768
mean_solution: , 0.7638
std_solution: , 0.004154515615568192



solutions runs are : 



0.764

0.756

0.768

0.7665

0.7645

