# Scenario 302
Mean curve: 0.6846543051799283,0.7094877291232924,0.7195669022251243,0.7277230178800871,0.738059932780024,0.7440678265553722,0.751306507046133,0.751306507046133,0.7614827861043152,0.7614827861043152,0.7651545888840371,0.7655729530805279,0.7686663361700508,0.7744824937975456,0.775530691727335,0.7767567084924224,0.7767728684022625,0.7780095094518767,0.7831687119893027,0.7836296612795537,0.7836296612795537,0.7848389385472461,0.7864104802277249,0.7911042598420445,0.7916363909000145,0.7928717728822317,0.7944286376510169,0.7965733640696653,0.7965733640696653,0.7991311552910624,0.7991311552910624,0.8030325521955757,0.8034316583601662,0.8034316583601662,0.8060898788816561,0.8071905607690593,0.8073199378433543,0.809722720397494,0.8106290207922854,0.8106290207922854,0.8139539884023295,0.8160994921289737,0.819674678454712,0.8237072722306895,0.8283248195840114,0.828431897326311,0.8298585482020094,0.8298585482020094,0.8341954868469909,0.8341954868469909,0.8341954868469909,0.8341954868469909,0.8341954868469909,0.834481466250043,0.834481466250043,0.834481466250043,0.8358884946031508,0.836533271558312,0.836533271558312,0.837009099507912,0.8370477692681595,0.8370477692681595,0.8373526138290313,0.8377069078108047,0.838091990890313,0.838135055570868,0.8391555427421344,0.8400015245798628,0.8400015245798628,0.8408474204999564,0.8414916250604204,0.8432923283537154,0.8442396544030893,0.8458690111473469,0.8461754071641987,0.846672465456361,0.8473465162202378,0.8484354184607804,0.8492885774557852,0.8492885774557852,0.8492885774557852,0.8492885774557852,0.8528384137153543,0.8528384137153543,0.8528384137153543,0.8528384137153543,0.8529371939707511,0.8532528508001616,0.8532528508001616,0.8532528508001616,0.8533517154322418,0.853505126903151,0.854926282712178,0.8553054427993306,0.8553054427993306,0.8554511754632049,0.8554511754632049,0.8554511754632049,0.8556155027948897,0.8556155027948897
Std curve: 0.004983728331777626,0.020850199533851786,0.014416860712023026,0.011347139144181813,0.019915151546437564,0.012616710845233114,0.013093127415139542,0.013093127415139542,0.010508858600689125,0.010508858600689125,0.013608657560723263,0.013570768447997377,0.01590917477841883,0.01707589637339458,0.016962774144039915,0.017157647404519066,0.01716254059518469,0.017708787199517288,0.014643146062109764,0.015104983918801277,0.015104983918801277,0.01630437385928338,0.01584931042523791,0.01903963012196507,0.0193557059843904,0.020017238151388866,0.02101674606092384,0.019469183667568765,0.019469183667568765,0.017874742715605074,0.017874742715605074,0.012311569004714164,0.012654335525845908,0.012654335525845908,0.009436597169967116,0.008195850567071785,0.008312765120620211,0.008788975707992348,0.0101510896813793,0.0101510896813793,0.008347500128501545,0.008723280683962708,0.012341442723664126,0.008512697407754833,0.009873820404567413,0.009815068434319426,0.010676688024201948,0.010676688024201948,0.011482979729103978,0.011482979729103978,0.011482979729103978,0.011482979729103978,0.011482979729103978,0.0116479531371217,0.0116479531371217,0.0116479531371217,0.008991475441018963,0.009488748341457834,0.009488748341457834,0.009946460273013978,0.009877356205464913,0.009877356205464913,0.01020733423807688,0.010285333691904494,0.010721468309919989,0.010708058187134595,0.008978600038994367,0.010154258972219174,0.010154258972219174,0.009156733988748094,0.010184524531757496,0.008819381110176116,0.00939170732257232,0.012410551957745767,0.012094844931825515,0.012085298873995377,0.01144587293527693,0.012355986376116733,0.012623183437046045,0.012623183437046045,0.012623183437046045,0.012623183437046045,0.012504358592899554,0.012504358592899554,0.012504358592899554,0.012504358592899554,0.012522243283132657,0.012191228899592158,0.012191228899592158,0.012191228899592158,0.012099242020861541,0.011907316330974757,0.010394844700635657,0.010088795566518826,0.010088795566518826,0.009983999233311674,0.009983999233311674,0.009983999233311674,0.009874820955732473,0.009874820955732473

mean_time: , 8507.993351125717
best_solution: , 0.8422491214369386
worst_solution: , 0.8715633976200247
mean_solution: , 0.8556155027948897
std_solution: , 0.009874820955732473



solutions runs are : 



0.859517534968579

0.8422491214369386

0.8715633976200247

0.8493471058273241

0.8554003541215818

