# Scenario 228
Mean curve: 0.7277500000000001,0.7379166666666668,0.7416666666666668,0.7445,0.74525,0.7473333333333334,0.761,0.7634166666666666,0.7634166666666666,0.76925,0.7719166666666666,0.77225,0.7744166666666666,0.7783333333333333,0.78,0.7817500000000001,0.782,0.7846666666666666,0.7846666666666666,0.7846666666666666,0.7919166666666666,0.7919166666666666,0.7927500000000001,0.7958333333333333,0.7965833333333333,0.7965833333333333,0.7980833333333333,0.79875,0.7994166666666667,0.7994166666666667,0.7994166666666667,0.7994166666666667,0.8048333333333334,0.8069166666666666,0.8098333333333333,0.8147500000000001,0.8156666666666667,0.8156666666666667,0.8156666666666667,0.8156666666666667,0.8157500000000001,0.8157500000000001,0.8158333333333333,0.8158333333333333,0.8163333333333334,0.8163333333333334,0.8163333333333334,0.8163333333333334,0.8181666666666667,0.819,0.8191666666666666,0.8191666666666666,0.8191666666666666,0.82125,0.82125,0.82125,0.8237500000000001,0.8237500000000001,0.82725,0.82725,0.8294166666666667,0.8340833333333333,0.8340833333333333,0.8340833333333333,0.8344166666666666,0.8344166666666666,0.8344166666666666,0.8344166666666666,0.8345833333333333,0.8345833333333333,0.8345833333333333,0.8345833333333333,0.8345833333333333,0.8345833333333333,0.8345833333333333,0.8345833333333333,0.8345833333333333,0.8345833333333333,0.83475,0.8368333333333332,0.8368333333333332,0.8368333333333332,0.8368333333333332,0.8368333333333332,0.8415833333333333,0.842,0.842,0.8464166666666667,0.8464166666666667,0.8464166666666667,0.849,0.85,0.85,0.85,0.85,0.85,0.85,0.8503333333333334,0.8513333333333334,0.8513333333333334
Std curve: 0.009043106644167026,0.013299436078270397,0.01091952888686648,0.009723253913514081,0.009716823898098954,0.0074283615660222105,0.011810423832831367,0.011393833614918395,0.011393833614918395,0.007276293317647708,0.008086339647138813,0.007877534865397657,0.005562773089426209,0.008603939666093527,0.00690209308028288,0.005409610789039154,0.005253305837491471,0.007515724257256304,0.007515724257256304,0.007515724257256304,0.011775091412714302,0.011775091412714302,0.011057300253176144,0.009036961141150667,0.008812869377601548,0.008812869377601548,0.00911957601353632,0.008181958472422384,0.008017342313870461,0.008017342313870461,0.008017342313870461,0.008017342313870461,0.009210501253098727,0.0056310153021754015,0.004334935601213354,0.005890199015690746,0.005127540020971704,0.005127540020971704,0.005127540020971704,0.005127540020971704,0.005105824560680116,0.005105824560680116,0.005062114182829126,0.005062114182829126,0.004782781617427234,0.004782781617427234,0.004782781617427234,0.004782781617427234,0.005031843046483501,0.004476792006187761,0.0043221008266299725,0.0043221008266299725,0.0043221008266299725,0.004116363011742806,0.004116363011742806,0.004116363011742806,0.00481606109226661,0.00481606109226661,0.008996913050843856,0.008996913050843856,0.006960204339273707,0.006159906204192106,0.006159906204192106,0.006159906204192106,0.00597215762238963,0.00597215762238963,0.00597215762238963,0.00597215762238963,0.005749396103553462,0.005749396103553462,0.005749396103553462,0.005749396103553462,0.005749396103553462,0.005749396103553462,0.005749396103553462,0.005749396103553462,0.005749396103553462,0.005749396103553462,0.0059837743570054355,0.00886080633401325,0.00886080633401325,0.00886080633401325,0.00886080633401325,0.00886080633401325,0.00808118528160044,0.007598428200036582,0.007598428200036582,0.010867254585322925,0.010867254585322925,0.010867254585322925,0.008099211209878556,0.008751983902077437,0.008751983902077437,0.008751983902077437,0.008751983902077437,0.008751983902077437,0.008751983902077437,0.008471356968567028,0.009963126461552577,0.009963126461552577

mean_time: , 7664.1588740825655
best_solution: , 0.8391666666666666
worst_solution: , 0.8670833333333333
mean_solution: , 0.8513333333333334
std_solution: , 0.009963126461552577



solutions runs are : 



0.8391666666666666

0.84375

0.8491666666666666

0.8670833333333333

0.8575

