# Scenario 331
Mean curve: 0.7380000000000001,0.746,0.751,0.7541666666666667,0.7586666666666666,0.7586666666666666,0.7621666666666667,0.7635,0.7681666666666668,0.7709999999999999,0.7761666666666667,0.7765000000000001,0.7765000000000001,0.7786666666666667,0.7786666666666667,0.7786666666666667,0.7786666666666667,0.7790000000000001,0.7858333333333334,0.7858333333333334,0.7868333333333334,0.7868333333333334,0.7868333333333334,0.7868333333333334,0.7871666666666667,0.7871666666666667,0.7871666666666667,0.7875,0.7875,0.7875,0.7875,0.7875,0.7888333333333334,0.7905,0.7905,0.7918333333333333,0.7918333333333333,0.7925000000000001,0.7938333333333333,0.7938333333333333,0.7949999999999999,0.7965,0.797,0.797,0.797,0.7978333333333334,0.7978333333333334,0.7978333333333334,0.7988333333333333,0.8,0.8004999999999999,0.8004999999999999,0.8004999999999999,0.8009999999999999,0.8009999999999999,0.8029999999999999,0.8029999999999999,0.8029999999999999,0.8046666666666666,0.805,0.805,0.8058333333333334,0.8058333333333334,0.8058333333333334,0.8058333333333334,0.8068333333333333,0.8068333333333333,0.8068333333333333,0.8078333333333333,0.8078333333333333,0.8106666666666665,0.8119999999999999,0.8119999999999999,0.8123333333333334,0.8123333333333334,0.8123333333333334,0.8123333333333334,0.8123333333333334,0.8123333333333334,0.8123333333333334,0.8123333333333334,0.8136666666666666,0.8136666666666666,0.8136666666666666,0.8136666666666666,0.8136666666666666,0.8136666666666666,0.8136666666666666,0.8136666666666666,0.8146666666666667,0.8148333333333333,0.8148333333333333,0.8151666666666667,0.8151666666666667,0.8151666666666667,0.8151666666666667,0.8171666666666667,0.8171666666666667,0.8181666666666667,0.8181666666666667
Std curve: 0.008765462528203148,0.017727881367432998,0.01282792093659591,0.01187901978747031,0.010731573354670157,0.010731573354670157,0.012254250963101196,0.014155878245057391,0.014370107863199907,0.01467613330850086,0.018428540666887077,0.01856968856317556,0.01856968856317556,0.021151569419049943,0.021151569419049943,0.021151569419049943,0.021151569419049943,0.021598611066455182,0.02149289288217025,0.02149289288217025,0.02154710601862296,0.02154710601862296,0.02154710601862296,0.02154710601862296,0.021747285909842734,0.021747285909842734,0.021747285909842734,0.02207940216581962,0.02207940216581962,0.02207940216581962,0.02207940216581962,0.02207940216581962,0.022880122377295094,0.02482494265406825,0.02482494265406825,0.025118607533946704,0.025118607533946704,0.02593260495977986,0.023561975016255895,0.023561975016255895,0.02516611478423584,0.027383084803092123,0.02746512940681938,0.02746512940681938,0.02746512940681938,0.027681722810868892,0.027681722810868892,0.027681722810868892,0.02917666495296848,0.03099283071220755,0.03102239334559616,0.03102239334559616,0.03102239334559616,0.03100806346742731,0.03100806346742731,0.031519835024948976,0.031519835024948976,0.031519835024948976,0.03403674485023504,0.03414430162316013,0.03414430162316013,0.03544165784936017,0.03544165784936017,0.03544165784936017,0.03544165784936017,0.03509669183523968,0.03509669183523968,0.03509669183523968,0.035432251472979334,0.035432251472979334,0.03504520889746084,0.03499444400345736,0.03499444400345736,0.03498174126915674,0.03498174126915674,0.03498174126915674,0.03498174126915674,0.03498174126915674,0.03498174126915674,0.03498174126915674,0.03498174126915674,0.03512121865767191,0.03512121865767191,0.03512121865767191,0.03512121865767191,0.03512121865767191,0.03512121865767191,0.03512121865767191,0.03512121865767191,0.036517119273020454,0.03655437350334737,0.03655437350334737,0.036637867477970584,0.036637867477970584,0.036637867477970584,0.036637867477970584,0.03675595189897824,0.03675595189897824,0.03813135192987526,0.03813135192987526

mean_time: , 5448.519902276993
best_solution: , 0.7525
worst_solution: , 0.8716666666666667
mean_solution: , 0.8181666666666667
std_solution: , 0.03813135192987526



solutions runs are : 



0.7525

0.8716666666666667

0.825

0.8166666666666667

0.825

