# Scenario 316
Mean curve: 0.7765000000000001,0.7905,0.8109999999999999,0.817,0.817,0.817,0.817,0.8185,0.8185,0.8205,0.8229999999999998,0.828,0.836,0.836,0.8364999999999998,0.8364999999999998,0.8379999999999999,0.8399999999999999,0.8399999999999999,0.8399999999999999,0.8459999999999999,0.8479999999999999,0.8479999999999999,0.8479999999999999,0.8479999999999999,0.8560000000000001,0.858,0.86,0.866,0.868,0.868,0.869,0.869,0.8705,0.8734999999999999,0.8734999999999999,0.8779999999999999,0.8779999999999999,0.8779999999999999,0.8779999999999999,0.8779999999999999,0.8779999999999999,0.8779999999999999,0.882,0.882,0.884,0.884,0.884,0.884,0.884,0.884,0.884,0.884,0.884,0.884,0.884,0.8859999999999999,0.8859999999999999,0.8895000000000002,0.8895000000000002,0.8895000000000002,0.8895000000000002,0.8895000000000002,0.8895000000000002,0.8895000000000002,0.8895000000000002,0.8915000000000001,0.8915000000000001,0.8915000000000001,0.8915000000000001,0.8935000000000001,0.8975,0.8975,0.8975,0.8975,0.8995000000000001,0.8995000000000001,0.9015000000000001,0.9015000000000001,0.9015000000000001,0.9015000000000001,0.9015000000000001,0.9015000000000001,0.9035,0.9040000000000001,0.9040000000000001,0.9040000000000001,0.9040000000000001,0.9040000000000001,0.9040000000000001,0.9040000000000001,0.9040000000000001,0.9040000000000001,0.9040000000000001,0.9040000000000001,0.906,0.906,0.908,0.908,0.908
Std curve: 0.005385164807134497,0.014000000000000023,0.013564659966250503,0.014696938456699038,0.014696938456699038,0.014696938456699038,0.014696938456699038,0.012609520212918474,0.012609520212918474,0.016155494421403502,0.013999999999999992,0.014696938456699055,0.013564659966250548,0.013564659966250548,0.013,0.013,0.011661903789690611,0.010954451150103333,0.010954451150103333,0.010954451150103333,0.014966629547095779,0.017204650534085267,0.017204650534085267,0.017204650534085267,0.017204650534085267,0.020591260281974017,0.02227105745132011,0.018973665961010293,0.014966629547095779,0.011661903789690611,0.011661903789690611,0.01200000000000001,0.01200000000000001,0.009797958971132706,0.01260952021291849,0.01260952021291849,0.009797958971132722,0.009797958971132722,0.009797958971132722,0.009797958971132722,0.009797958971132722,0.009797958971132722,0.009797958971132722,0.013266499161421611,0.013266499161421611,0.016248076809271934,0.016248076809271934,0.016248076809271934,0.016248076809271934,0.016248076809271934,0.016248076809271934,0.016248076809271934,0.016248076809271934,0.016248076809271934,0.016248076809271934,0.016248076809271934,0.016248076809271934,0.016248076809271934,0.014866068747318502,0.014866068747318502,0.014866068747318502,0.014866068747318502,0.014866068747318502,0.014866068747318502,0.014866068747318502,0.014866068747318502,0.014106735979665877,0.014106735979665877,0.014106735979665877,0.014106735979665877,0.016999999999999998,0.012041594578792315,0.012041594578792315,0.012041594578792315,0.012041594578792315,0.011445523142259618,0.011445523142259618,0.012206555615733727,0.012206555615733727,0.012206555615733727,0.012206555615733727,0.012206555615733727,0.012206555615733727,0.014106735979665911,0.013564659966250548,0.013564659966250548,0.013564659966250548,0.013564659966250548,0.013564659966250548,0.013564659966250548,0.013564659966250548,0.013564659966250548,0.013564659966250548,0.013564659966250548,0.013564659966250548,0.016248076809271934,0.016248076809271934,0.018330302779823376,0.018330302779823376,0.018330302779823376

mean_time: , 3619.787203645706
best_solution: , 0.89
worst_solution: , 0.93
mean_solution: , 0.908
std_solution: , 0.018330302779823376



solutions runs are : 



0.93

0.93

0.89

0.89

0.9

