# Scenario 392
Mean curve: 0.7088666666666666,0.7186666666666666,0.7197333333333333,0.7222666666666665,0.7255333333333333,0.7258666666666667,0.7261999999999998,0.7261999999999998,0.7270666666666666,0.7298666666666667,0.7316,0.7316,0.7318,0.7337999999999999,0.7343999999999999,0.7344666666666665,0.7344666666666665,0.7347999999999999,0.7350666666666668,0.7350666666666668,0.7350666666666668,0.7350666666666668,0.7377333333333332,0.7377333333333332,0.7395333333333334,0.7403333333333334,0.7403333333333334,0.7404,0.7416,0.7416,0.7417333333333334,0.7417333333333334,0.7426,0.7426,0.7426,0.7452666666666666,0.7455333333333333,0.7466,0.7466,0.7466,0.747,0.7470666666666667,0.7471333333333334,0.7471333333333334,0.7471333333333334,0.7471333333333334,0.7471333333333334,0.7471333333333334,0.748,0.7484666666666667,0.7498000000000001,0.7510000000000001,0.7531333333333333,0.7531333333333333,0.7531333333333333,0.7531333333333333,0.7531333333333333,0.7531333333333333,0.7531333333333333,0.7531333333333333,0.7531333333333333,0.7531333333333333,0.7533333333333334,0.7535333333333334,0.7544666666666667,0.7544666666666667,0.7563333333333333,0.7567333333333333,0.7567333333333333,0.7567333333333333,0.7567333333333333,0.7567333333333333,0.7567333333333333,0.7575999999999999,0.7586,0.7586,0.759,0.759,0.759,0.759,0.759,0.759,0.759,0.759,0.759,0.759,0.759,0.759,0.759,0.759,0.759,0.759,0.759,0.759,0.759,0.7596,0.7596666666666666,0.7596666666666666,0.7599333333333332,0.76
Std curve: 0.0070698106213831855,0.008291896981725933,0.009007157647609428,0.01212417236579699,0.012054690189115421,0.012049158569054617,0.012130036182047351,0.012130036182047351,0.010567034693906411,0.011943571027497948,0.010240225691957284,0.010240225691957284,0.010429871630189031,0.010642890167201319,0.009682515742879563,0.009662297863344896,0.009662297863344896,0.009149620514292129,0.009550799850157995,0.009550799850157995,0.009550799850157995,0.009550799850157995,0.009457272334029503,0.009457272334029503,0.009173875952943765,0.010145606602531622,0.010145606602531622,0.010168360514633391,0.011874154940691802,0.011874154940691802,0.011658854527306249,0.011658854527306249,0.011782095644569276,0.011782095644569276,0.011782095644569276,0.012834675254516155,0.013141283549689261,0.012889961641180754,0.012889961641180754,0.012889961641180754,0.013152101648701547,0.013146017563421174,0.01319360114264152,0.01319360114264152,0.01319360114264152,0.01319360114264152,0.01319360114264152,0.01319360114264152,0.012016655108639853,0.011196428001822748,0.010173167320620138,0.008107609594284464,0.006499914529352594,0.006499914529352594,0.006499914529352594,0.006499914529352594,0.006499914529352594,0.006499914529352594,0.006499914529352594,0.006499914529352594,0.006499914529352594,0.006499914529352594,0.006415259585983688,0.006741579109443793,0.00834958415464838,0.00834958415464838,0.008162243700246997,0.008037136029429584,0.008037136029429584,0.008037136029429584,0.008037136029429584,0.008037136029429584,0.008037136029429584,0.007555424835470479,0.007475589906117388,0.007475589906117388,0.007450577904505854,0.007450577904505854,0.007450577904505854,0.007450577904505854,0.007450577904505854,0.007450577904505854,0.007450577904505854,0.007450577904505854,0.007450577904505854,0.007450577904505854,0.007450577904505854,0.007450577904505854,0.007450577904505854,0.007450577904505854,0.007450577904505854,0.007450577904505854,0.007450577904505854,0.007450577904505854,0.007450577904505854,0.007573051637953542,0.007480344614759096,0.007480344614759096,0.0071224215607396104,0.007124293337275994

mean_time: , 18064.40070362091
best_solution: , 0.7506666666666667
worst_solution: , 0.7716666666666666
mean_solution: , 0.76
std_solution: , 0.007124293337275994



solutions runs are : 



0.755

0.7623333333333333

0.7716666666666666

0.7506666666666667

0.7603333333333333

