# Scenario 469
Mean curve: 0.6706666666666667,0.6719583333333334,0.6741250000000001,0.6753750000000001,0.6753750000000001,0.677875,0.6794166666666668,0.679625,0.679625,0.679625,0.679625,0.679625,0.679625,0.679625,0.679875,0.6820416666666667,0.6820416666666667,0.6825416666666667,0.6825416666666667,0.6825416666666667,0.6825416666666667,0.6840833333333333,0.6840833333333333,0.6848333333333333,0.6848333333333333,0.6848333333333333,0.6848333333333333,0.6848333333333333,0.6848333333333333,0.6848750000000001,0.6848750000000001,0.6848750000000001,0.6848750000000001,0.6848750000000001,0.6848750000000001,0.6853333333333333,0.685875,0.685875,0.685875,0.685875,0.685875,0.685875,0.685875,0.685875,0.685875,0.685875,0.689625,0.689625,0.689625,0.689625,0.689625,0.689625,0.689625,0.689625,0.689625,0.689625,0.689625,0.6897083333333334,0.6897083333333334,0.6897083333333334,0.6897083333333334,0.6897083333333334,0.6897083333333334,0.6897083333333334,0.6897916666666667,0.6897916666666667,0.6897916666666667,0.6897916666666667,0.6897916666666667,0.6897916666666667,0.6897916666666667,0.6897916666666667,0.6897916666666667,0.6897916666666667,0.6897916666666667,0.6917500000000001,0.6917500000000001,0.6917500000000001,0.6917500000000001,0.6917500000000001,0.6917500000000001,0.6917500000000001,0.6917500000000001,0.6917500000000001,0.6917500000000001,0.6917500000000001,0.6917500000000001,0.6917500000000001,0.6917500000000001,0.6917500000000001,0.6917500000000001,0.6917500000000001,0.6917500000000001,0.6917500000000001,0.6917500000000001,0.6919583333333333,0.6919583333333333,0.6929166666666667,0.6929166666666667,0.6929166666666667
Std curve: 0.006283797507169612,0.004672615256292051,0.004711098008367517,0.003357723269650992,0.003357723269650992,0.0032312493283902424,0.004690785885352524,0.004422166387140546,0.004422166387140546,0.004422166387140546,0.004422166387140546,0.004422166387140546,0.004422166387140546,0.004422166387140546,0.004620305425209713,0.004755114205895691,0.004755114205895691,0.003966876745137306,0.003966876745137306,0.003966876745137306,0.003966876745137306,0.003851857416306535,0.003851857416306535,0.00457840644280908,0.00457840644280908,0.00457840644280908,0.00457840644280908,0.00457840644280908,0.00457840644280908,0.0045711960506341735,0.0045711960506341735,0.0045711960506341735,0.0045711960506341735,0.0045711960506341735,0.0045711960506341735,0.00459203719013203,0.004891886707146401,0.004891886707146401,0.004891886707146401,0.004891886707146401,0.004891886707146401,0.004891886707146401,0.004891886707146401,0.004891886707146401,0.004891886707146401,0.004891886707146401,0.0017300449576689056,0.0017300449576689056,0.0017300449576689056,0.0017300449576689056,0.0017300449576689056,0.0017300449576689056,0.0017300449576689056,0.0017300449576689056,0.0017300449576689056,0.0017300449576689056,0.0017300449576689056,0.001775606312721886,0.001775606312721886,0.001775606312721886,0.001775606312721886,0.001775606312721886,0.001775606312721886,0.001775606312721886,0.0018352262954621232,0.0018352262954621232,0.0018352262954621232,0.0018352262954621232,0.0018352262954621232,0.0018352262954621232,0.0018352262954621232,0.0018352262954621232,0.0018352262954621232,0.0018352262954621232,0.0018352262954621232,0.002377557102947872,0.002377557102947872,0.002377557102947872,0.002377557102947872,0.002377557102947872,0.002377557102947872,0.002377557102947872,0.002377557102947872,0.002377557102947872,0.002377557102947872,0.002377557102947872,0.002377557102947872,0.002377557102947872,0.002377557102947872,0.002377557102947872,0.002377557102947872,0.002377557102947872,0.002377557102947872,0.002377557102947872,0.002377557102947872,0.0022189211592824076,0.0022189211592824076,0.0024579802006254605,0.0024579802006254605,0.0024579802006254605

mean_time: , 27282.87563624382
best_solution: , 0.69
worst_solution: , 0.69625
mean_solution: , 0.6929166666666667
std_solution: , 0.0024579802006254605



solutions runs are : 



0.69625

0.6954166666666667

0.69

0.6916666666666667

0.69125

