# Scenario 378
Mean curve: 0.73,0.7332500000000001,0.73375,0.7358750000000001,0.737125,0.7384999999999999,0.7394999999999999,0.74,0.7411249999999999,0.742125,0.7424999999999999,0.7457500000000001,0.7457500000000001,0.7460000000000001,0.74725,0.74725,0.7474999999999999,0.748,0.748,0.748,0.75,0.7525000000000001,0.7535000000000001,0.7535000000000001,0.75525,0.7562499999999999,0.7566249999999999,0.7566249999999999,0.75675,0.7575000000000001,0.758,0.7587499999999999,0.759,0.759375,0.759375,0.7623749999999999,0.7623749999999999,0.76325,0.76325,0.764,0.764,0.764,0.764875,0.76525,0.7655,0.768,0.7682499999999999,0.7692499999999999,0.7713749999999999,0.7713749999999999,0.7713749999999999,0.7713749999999999,0.7713749999999999,0.7713749999999999,0.77225,0.773,0.7761250000000001,0.7761250000000001,0.7761250000000001,0.7772499999999999,0.7772499999999999,0.7772499999999999,0.7772499999999999,0.778125,0.778125,0.7782499999999999,0.7782499999999999,0.7789999999999999,0.77925,0.78,0.78325,0.78325,0.7835,0.7835,0.784,0.784,0.7842499999999999,0.7849999999999999,0.78575,0.78575,0.785875,0.78675,0.78725,0.78725,0.78725,0.7875,0.787625,0.78775,0.78775,0.78775,0.7887500000000001,0.7887500000000001,0.7887500000000001,0.7887500000000001,0.788875,0.789375,0.789375,0.789375,0.789625,0.7905000000000001
Std curve: 0.010093314619093156,0.008982622111610813,0.009211066713470257,0.010901548055207566,0.011501358615398437,0.010035873155834523,0.008895223437328592,0.008253787009609598,0.007031180555212629,0.007980444849756192,0.008149003006503315,0.005609701418079218,0.005609701418079218,0.0058710092829086825,0.004619929653144067,0.004619929653144067,0.004759858191164926,0.003860861302870127,0.003860861302870127,0.003860861302870127,0.006434768838116882,0.008776744840770994,0.00765057187404969,0.00765057187404969,0.007359093014767529,0.00841315933523194,0.008852965604812897,0.008852965604812897,0.00897392054789879,0.008357257325223388,0.0088864362935881,0.009022541216309281,0.008790975486258614,0.008477912478906554,0.008477912478906554,0.007356969484781053,0.007356969484781053,0.00757669123034584,0.00757669123034584,0.006876136269737499,0.006876136269737499,0.006876136269737499,0.007217600016626,0.007359093014767493,0.007152359750459968,0.005986965007414025,0.006317139384246632,0.005235097897842977,0.007870038119348582,0.007870038119348582,0.007870038119348582,0.007870038119348582,0.007870038119348582,0.007870038119348582,0.007033402448317576,0.0066072876432012265,0.005814851674806477,0.005814851674806477,0.005814851674806477,0.005514186250028179,0.005514186250028179,0.005514186250028179,0.005514186250028179,0.005229125165837968,0.005229125165837968,0.005052845732851933,0.005052845732851933,0.0056816590886817646,0.00590815114904826,0.00501560066193474,0.007493747393660936,0.007493747393660936,0.007891847058832295,0.007891847058832295,0.008719590013297623,0.008719590013297623,0.008509186212558738,0.009818668443327737,0.011176146473628563,0.011176146473628563,0.011405864719520395,0.010682930309610752,0.010289557813628333,0.010289557813628333,0.010289557813628333,0.010124228365658293,0.010026527315077739,0.009957723133327219,0.009957723133327219,0.009957723133327219,0.009429011082823057,0.009429011082823057,0.009429011082823057,0.009429011082823057,0.009382497002397606,0.009194087774216642,0.009194087774216642,0.009194087774216642,0.009671155566942334,0.011098986440211551

mean_time: , 9483.458074045182
best_solution: , 0.78
worst_solution: , 0.811875
mean_solution: , 0.7905000000000001
std_solution: , 0.011098986440211551



solutions runs are : 



0.811875

0.785625

0.789375

0.785625

0.78

