# Scenario 58
Mean curve: 0.7355,0.7523333333333333,0.7725,0.7846666666666666,0.7953333333333333,0.8056666666666666,0.8161666666666667,0.8271666666666666,0.8393333333333333,0.8508333333333333,0.8520000000000001,0.8596666666666668,0.8666666666666668,0.8708333333333332,0.8746666666666666,0.8786666666666667,0.8818333333333335,0.8871666666666668,0.8898333333333334,0.892,0.8948333333333333,0.8978333333333334,0.9021666666666667,0.9098333333333333,0.9103333333333333,0.9118333333333334,0.9135,0.9153333333333332,0.9163333333333334,0.9225,0.923,0.9256666666666666,0.9256666666666666,0.9293333333333333,0.9318333333333332,0.9318333333333332,0.9333333333333332,0.9341666666666665,0.9359999999999999,0.9391666666666666,0.9393333333333335,0.9393333333333335,0.9393333333333335,0.9401666666666667,0.9401666666666667,0.9431666666666667,0.9431666666666667,0.9436666666666668,0.9438333333333334,0.9441666666666666,0.9441666666666666,0.9441666666666666,0.9463333333333332,0.9468333333333334,0.9480000000000001,0.9498333333333333,0.9506666666666668,0.951,0.951,0.951,0.9518333333333333,0.9525,0.9525,0.9525,0.9525,0.9525,0.9531666666666666,0.9531666666666666,0.9531666666666666,0.9531666666666666,0.9531666666666666,0.9535,0.9538333333333334,0.9541666666666666,0.9543333333333333,0.9543333333333333,0.9543333333333333,0.9543333333333333,0.9543333333333333,0.9543333333333333,0.9543333333333333,0.9543333333333333,0.9543333333333333,0.9543333333333333,0.9543333333333333,0.9546666666666667,0.9546666666666667,0.9546666666666667,0.9550000000000001,0.9550000000000001,0.9550000000000001,0.9550000000000001,0.9550000000000001,0.9551666666666667,0.9553333333333333,0.9561666666666667,0.9561666666666667,0.9561666666666667,0.9561666666666667,0.9561666666666667
Std curve: 0.00889131911223276,0.011418795421973776,0.0038369548110737616,0.007684761255598991,0.006359594676112969,0.007253351715662984,0.009755340417774596,0.011100550536897784,0.008239471396205515,0.010381607668264941,0.009698224350650772,0.008685876147196916,0.0066248689714505935,0.008866290718846932,0.00981212401969002,0.0075387885852657745,0.007965202096899007,0.0066999170807472645,0.008103497187428836,0.0065532010837791735,0.006737127643802572,0.005099019513592774,0.007520342781785645,0.005011098792790959,0.004847679857416313,0.0027080128015453406,0.002321398046197343,0.0014529663145135378,0.0021473497877875255,0.004314059701848267,0.004136557881996966,0.006548960901462838,0.006548960901462838,0.007078920193865098,0.005461989869391283,0.005461989869391283,0.004743416490252553,0.003944053188733061,0.0031358146203711306,0.006603870918719654,0.006900080514828161,0.006900080514828161,0.006900080514828161,0.00717635004720368,0.00717635004720368,0.006177917664283562,0.006177917664283562,0.005642103626603589,0.005492419017761361,0.005348935511960399,0.005348935511960399,0.005348935511960399,0.004960958688712395,0.005333333333333318,0.004396968652757654,0.0047842333648024414,0.003851406669430456,0.003993049516903659,0.003993049516903659,0.003993049516903659,0.003391164991562647,0.002738612787525853,0.002738612787525853,0.002738612787525853,0.002738612787525853,0.002738612787525853,0.0023213980461973655,0.0023213980461973655,0.0023213980461973655,0.0023213980461973655,0.0023213980461973655,0.0020682789409984807,0.0021473497877875203,0.002041241452319317,0.001855921454276671,0.001855921454276671,0.001855921454276671,0.001855921454276671,0.001855921454276671,0.001855921454276671,0.001855921454276671,0.001855921454276671,0.001855921454276671,0.001855921454276671,0.001855921454276671,0.0016329931618554467,0.0016329931618554467,0.0016329931618554467,0.001666666666666661,0.001666666666666661,0.001666666666666661,0.001666666666666661,0.001666666666666661,0.0014337208778404272,0.0012472191289246344,0.0015456030825826241,0.0015456030825826241,0.0015456030825826241,0.0015456030825826241,0.0015456030825826241

mean_time: , 6586.497424268722
best_solution: , 0.9541666666666667
worst_solution: , 0.9583333333333334
mean_solution: , 0.9561666666666667
std_solution: , 0.0015456030825826241



solutions runs are : 



0.9558333333333333

0.9541666666666667

0.9575

0.9583333333333334

0.955

