# Scenario 332
Mean curve: 0.739,0.7491666666666666,0.7511666666666665,0.7595,0.7645,0.765,0.7661666666666667,0.7701666666666667,0.7723333333333334,0.7736666666666667,0.7736666666666667,0.7736666666666667,0.7736666666666667,0.7743333333333334,0.7756666666666667,0.776,0.7776666666666667,0.7776666666666667,0.7776666666666667,0.7776666666666667,0.7781666666666667,0.7783333333333333,0.779,0.779,0.779,0.779,0.779,0.7801666666666667,0.7801666666666667,0.7806666666666666,0.7808333333333334,0.7821666666666667,0.7828333333333333,0.7828333333333333,0.7838333333333333,0.7841666666666667,0.7871666666666666,0.7875,0.7875,0.7875,0.791,0.7915,0.7915,0.7915,0.7929999999999999,0.7929999999999999,0.7929999999999999,0.7943333333333333,0.7943333333333333,0.7943333333333333,0.7951666666666666,0.7951666666666666,0.7951666666666666,0.7971666666666667,0.7981666666666667,0.7991666666666667,0.7991666666666667,0.8016666666666665,0.8038333333333334,0.804,0.8046666666666666,0.8046666666666666,0.8046666666666666,0.8063333333333332,0.8088333333333333,0.8088333333333333,0.8089999999999999,0.8093333333333333,0.8106666666666668,0.8106666666666668,0.8106666666666668,0.8106666666666668,0.8118333333333334,0.8126666666666666,0.8128333333333334,0.8128333333333334,0.8128333333333334,0.8128333333333334,0.8138333333333334,0.8138333333333334,0.8160000000000001,0.8160000000000001,0.8215,0.8215,0.8215,0.8215,0.8216666666666667,0.8216666666666667,0.8216666666666667,0.8226666666666667,0.8228333333333333,0.8236666666666667,0.8236666666666667,0.8236666666666667,0.8246666666666668,0.8246666666666668,0.8266666666666665,0.8285,0.8285,0.8285
Std curve: 0.009330356668185614,0.011559027256266478,0.009213516640723503,0.0073143694191638835,0.004102844541697072,0.004377975178854578,0.00461278416769937,0.011072990161248759,0.011551815634109,0.011100550536897843,0.011100550536897843,0.011100550536897843,0.011100550536897843,0.011503622617824961,0.011599808427536907,0.011599808427536905,0.013042665031009253,0.013042665031009253,0.013042665031009253,0.013042665031009253,0.012751906175592406,0.012671051872498831,0.012432037465981028,0.012432037465981028,0.012432037465981028,0.012432037465981028,0.012432037465981028,0.01322245564686579,0.01322245564686579,0.013095800853708789,0.013070322617798426,0.011886032886450255,0.011979148550710908,0.011979148550710908,0.010469532516359577,0.010368220676663835,0.01238951169336384,0.012258783698955496,0.012258783698955496,0.012258783698955496,0.006900080514828133,0.00639878460681746,0.00639878460681746,0.00639878460681746,0.005739725119240841,0.005739725119240841,0.005739725119240841,0.003778594682918188,0.003778594682918188,0.003778594682918188,0.0035901098714229743,0.0035901098714229743,0.0035901098714229743,0.00426874949162187,0.004927248499698136,0.005797509043642,0.005797509043642,0.0035746017649211765,0.007043515536371799,0.007019813229550881,0.00700396712981688,0.00700396712981688,0.00700396712981688,0.007121953539740486,0.009698224350650759,0.009698224350650759,0.009652288157046825,0.010129714266015161,0.011539786248742507,0.011539786248742507,0.011539786248742507,0.011539786248742507,0.01235358697347095,0.012000000000000002,0.012140382567649547,0.012140382567649547,0.012140382567649547,0.012140382567649547,0.013129694927487424,0.013129694927487424,0.01561160536979533,0.01561160536979533,0.017720045146669344,0.017720045146669344,0.017720045146669344,0.017720045146669344,0.017598926734952388,0.017598926734952388,0.017598926734952388,0.01889591372640009,0.01901461426260221,0.01892675942210453,0.01892675942210453,0.01892675942210453,0.020286832072937265,0.020286832072937265,0.020500677495579954,0.018076995817275017,0.018076995817275017,0.018076995817275017

mean_time: , 5449.531832504273
best_solution: , 0.8066666666666666
worst_solution: , 0.8533333333333334
mean_solution: , 0.8285
std_solution: , 0.018076995817275017



solutions runs are : 



0.825

0.845

0.8066666666666666

0.8533333333333334

0.8125

