# Scenario 351
Mean curve: 0.7228888888888889,0.7292222222222222,0.7336666666666666,0.7375555555555555,0.739,0.739,0.7415555555555555,0.742,0.7462222222222222,0.7472222222222222,0.7473333333333334,0.7473333333333334,0.7487777777777777,0.7489999999999999,0.7507777777777778,0.7522222222222222,0.7524444444444444,0.7542222222222222,0.7563333333333333,0.7578888888888888,0.7578888888888888,0.7578888888888888,0.7578888888888888,0.7578888888888888,0.7578888888888888,0.7583333333333334,0.7587777777777778,0.7637777777777777,0.7648888888888888,0.7648888888888888,0.7656666666666666,0.7656666666666666,0.7656666666666666,0.7671111111111111,0.7671111111111111,0.7691111111111112,0.7754444444444445,0.7754444444444445,0.7754444444444445,0.7762222222222223,0.7766666666666666,0.7768888888888889,0.7768888888888889,0.7771111111111111,0.7771111111111111,0.7783333333333334,0.7791111111111111,0.7791111111111111,0.7803333333333333,0.7803333333333333,0.7812222222222223,0.7818888888888889,0.7818888888888889,0.7818888888888889,0.7821111111111112,0.7821111111111112,0.7824444444444444,0.7824444444444444,0.783,0.783,0.783,0.7865555555555556,0.7876666666666667,0.7876666666666667,0.7876666666666667,0.7877777777777778,0.7877777777777778,0.7877777777777778,0.7877777777777778,0.787888888888889,0.787888888888889,0.787888888888889,0.7884444444444444,0.7885555555555556,0.7885555555555556,0.7886666666666666,0.7892222222222223,0.7904444444444445,0.7906666666666667,0.7934444444444444,0.7953333333333333,0.796,0.796,0.796,0.7962222222222223,0.7962222222222223,0.797,0.797,0.797,0.798,0.798,0.798,0.798,0.7992222222222223,0.7992222222222223,0.7992222222222223,0.7995555555555555,0.7995555555555555,0.7995555555555555,0.7995555555555555
Std curve: 0.009586513160054657,0.01106992366173059,0.007766658718800555,0.009555555555555543,0.007331649638366036,0.007331649638366036,0.008413686674507821,0.008753129951658304,0.00796132627452127,0.008020036636719376,0.008213208272256179,0.008213208272256179,0.009365025558091322,0.009338622839755863,0.008466345867354987,0.011149932181601865,0.011103330609203887,0.011125546178852424,0.011741032827304917,0.010837748388085818,0.010837748388085818,0.010837748388085818,0.010837748388085818,0.010837748388085818,0.010837748388085818,0.010846857654991805,0.010723229659062035,0.01273858724263692,0.012940509654702838,0.012940509654702838,0.013302742685738283,0.013302742685738283,0.013302742685738283,0.013422847667547047,0.013422847667547047,0.014357000271300543,0.016114559018033315,0.016114559018033315,0.016114559018033315,0.014771510784757188,0.014023789311975093,0.013656274278165821,0.013656274278165821,0.013614625396659197,0.013614625396659197,0.014778195482818429,0.013692387720243747,0.013692387720243747,0.013574667765299888,0.013574667765299888,0.014051931900043375,0.014318252186597777,0.014318252186597777,0.014318252186597777,0.014628738838327804,0.014628738838327804,0.014608470399306276,0.014608470399306276,0.014893034248795732,0.014893034248795732,0.014893034248795732,0.01614517471774979,0.01682663966658633,0.01682663966658633,0.01682663966658633,0.01662958838566199,0.01662958838566199,0.01662958838566199,0.01662958838566199,0.016694051576076202,0.016694051576076202,0.016694051576076202,0.015718982783662794,0.01578638263007744,0.01578638263007744,0.015856610569899007,0.016248836615524984,0.01726124611040442,0.01738951010604945,0.020127372185934033,0.021498205495021502,0.022206661218407787,0.022206661218407787,0.022206661218407787,0.022400396821881944,0.022400396821881944,0.023281954014129694,0.023281954014129694,0.023281954014129694,0.024514042335056427,0.024514042335056427,0.024514042335056427,0.024514042335056427,0.022731932182301184,0.022731932182301184,0.022731932182301184,0.022267731178812363,0.022267731178812363,0.022267731178812363,0.022267731178812363

mean_time: , 8366.943578147888
best_solution: , 0.7688888888888888
worst_solution: , 0.8294444444444444
mean_solution: , 0.7995555555555555
std_solution: , 0.022267731178812363



solutions runs are : 



0.7688888888888888

0.8161111111111111

0.7805555555555556

0.8027777777777778

0.8294444444444444

