# Scenario 7
Mean curve: 0.7779999999999999,0.8138333333333334,0.825,0.8521666666666666,0.8761666666666666,0.8938333333333333,0.9076666666666668,0.9228333333333334,0.9326666666666666,0.9411666666666667,0.9478333333333333,0.9618333333333334,0.9635,0.9705,0.9718333333333333,0.975,0.9788333333333334,0.9851666666666666,0.9866666666666667,0.9918333333333333,0.9923333333333332,0.9951666666666666,0.9963333333333333,0.9969999999999999,0.9973333333333333,0.9984999999999999,0.999,0.9996666666666666,0.9996666666666666,0.9996666666666666,0.9996666666666666,0.9996666666666666,0.9996666666666666,0.9996666666666666,0.9996666666666666,0.9996666666666666,1.0,1.0,1.0,1.0,1.0,1.0,1.0,1.0,1.0,1.0,1.0,1.0,1.0,1.0,1.0,1.0,1.0,1.0,1.0,1.0,1.0,1.0,1.0,1.0,1.0,1.0,1.0,1.0,1.0,1.0,1.0,1.0,1.0,1.0,1.0,1.0,1.0,1.0,1.0,1.0,1.0,1.0,1.0,1.0,1.0,1.0,1.0,1.0,1.0,1.0,1.0,1.0,1.0,1.0,1.0,1.0,1.0,1.0,1.0,1.0,1.0,1.0,1.0,1.0
Std curve: 0.018231535560365948,0.018831120813990618,0.011093040861529155,0.012545472844372551,0.01415784038773022,0.01797065509224537,0.01642660443711157,0.01167380733855832,0.016006942938057298,0.013597385369580746,0.009854496999396306,0.010883218478209642,0.009195409482755788,0.008653836657164758,0.008069145624606774,0.005892556509887875,0.0054416092391048314,0.0023804761428476095,0.0020412414523193166,0.004358898943540662,0.004636809247747849,0.0023213980461973256,0.0021473497877874895,0.002614064523559661,0.002068278940998474,0.0015275252316519431,0.0013333333333333255,0.000666666666666682,0.000666666666666682,0.000666666666666682,0.000666666666666682,0.000666666666666682,0.000666666666666682,0.000666666666666682,0.000666666666666682,0.000666666666666682,0.0,0.0,0.0,0.0,0.0,0.0,0.0,0.0,0.0,0.0,0.0,0.0,0.0,0.0,0.0,0.0,0.0,0.0,0.0,0.0,0.0,0.0,0.0,0.0,0.0,0.0,0.0,0.0,0.0,0.0,0.0,0.0,0.0,0.0,0.0,0.0,0.0,0.0,0.0,0.0,0.0,0.0,0.0,0.0,0.0,0.0,0.0,0.0,0.0,0.0,0.0,0.0,0.0,0.0,0.0,0.0,0.0,0.0,0.0,0.0,0.0,0.0,0.0,0.0

mean_time: , 4317.320513629913
best_solution: , 1.0
worst_solution: , 1.0
mean_solution: , 1.0
std_solution: , 0.0



solutions runs are : 



1.0

1.0

1.0

1.0

1.0

