# Scenario 314
Mean curve: 0.7736666666666666,0.782,0.7939999999999999,0.808,0.817,0.8200000000000001,0.8206666666666667,0.8303333333333335,0.8303333333333335,0.8383333333333333,0.8383333333333333,0.8383333333333333,0.8416666666666666,0.8483333333333333,0.851,0.853,0.853,0.8546666666666667,0.8546666666666667,0.8546666666666667,0.8546666666666667,0.8566666666666667,0.8566666666666667,0.858,0.858,0.8593333333333334,0.8593333333333334,0.8593333333333334,0.8593333333333334,0.8623333333333333,0.8633333333333333,0.8633333333333333,0.8703333333333333,0.8723333333333333,0.8723333333333333,0.8723333333333333,0.8723333333333333,0.874,0.874,0.874,0.874,0.876,0.8780000000000001,0.8780000000000001,0.8793333333333335,0.8813333333333334,0.8813333333333334,0.8813333333333334,0.8813333333333334,0.8836666666666666,0.8836666666666666,0.8836666666666666,0.8836666666666666,0.8836666666666666,0.8836666666666666,0.8836666666666666,0.8836666666666666,0.8836666666666666,0.8836666666666666,0.8843333333333334,0.885,0.885,0.8859999999999999,0.8859999999999999,0.8866666666666665,0.8869999999999999,0.8876666666666667,0.8903333333333332,0.8933333333333333,0.8933333333333333,0.8939999999999999,0.8956666666666667,0.8976666666666666,0.8996666666666666,0.9029999999999999,0.9066666666666666,0.9083333333333332,0.9083333333333332,0.9083333333333332,0.9083333333333332,0.9083333333333332,0.9113333333333333,0.9113333333333333,0.9113333333333333,0.9113333333333333,0.9113333333333333,0.9156666666666666,0.9156666666666666,0.9156666666666666,0.9156666666666666,0.9156666666666666,0.9156666666666666,0.9156666666666666,0.9156666666666666,0.916,0.916,0.916,0.916,0.916,0.916
Std curve: 0.012797569213634997,0.010509255180289615,0.01916594201528672,0.019843834754849632,0.02565584187319181,0.023499408976019424,0.02320440571194282,0.019447936194419757,0.019447936194419757,0.013249737942901208,0.013249737942901208,0.013249737942901208,0.010954451150103349,0.01382429423555183,0.014204850501775022,0.01318247995552347,0.01318247995552347,0.01322455628325159,0.01322455628325159,0.01322455628325159,0.01322455628325159,0.014337208778404385,0.014337208778404385,0.011897712198383153,0.011897712198383153,0.00958007190879992,0.00958007190879992,0.00958007190879992,0.00958007190879992,0.011284207253207173,0.009831920802501752,0.009831920802501752,0.01056198634516992,0.012364824660660956,0.012364824660660956,0.012364824660660956,0.012364824660660956,0.012498888839501798,0.012498888839501798,0.012498888839501798,0.012498888839501798,0.008730533902472543,0.010077477638553989,0.010077477638553989,0.010466878978738395,0.006944222218666552,0.006944222218666552,0.006944222218666552,0.006944222218666552,0.0094516312525052,0.0094516312525052,0.0094516312525052,0.0094516312525052,0.0094516312525052,0.0094516312525052,0.0094516312525052,0.0094516312525052,0.0094516312525052,0.0094516312525052,0.009977753031397155,0.00954521404218422,0.00954521404218422,0.010572501018102457,0.010572501018102457,0.011303883305208783,0.011661903789690611,0.011623730516108472,0.014157840387730214,0.012247448713915908,0.012247448713915908,0.012587471725666148,0.013232955494186143,0.015549205052920805,0.013678856352455464,0.013920408678547389,0.015018507101425072,0.012156388352540314,0.012156388352540314,0.012156388352540314,0.012156388352540314,0.012156388352540314,0.01503329637837293,0.01503329637837293,0.01503329637837293,0.01503329637837293,0.01503329637837293,0.019020456823582804,0.019020456823582804,0.019020456823582804,0.019020456823582804,0.019020456823582804,0.019020456823582804,0.019020456823582804,0.019020456823582804,0.018547236990991395,0.018547236990991395,0.018547236990991395,0.018547236990991395,0.018547236990991395,0.018547236990991395

mean_time: , 3803.6596135139466
best_solution: , 0.89
worst_solution: , 0.94
mean_solution: , 0.916
std_solution: , 0.018547236990991395



solutions runs are : 



0.92

0.94

0.89

0.9

0.93

