# Scenario 62
Mean curve: 0.5639252481907153,0.5734995732150824,0.5855931929195899,0.593391090551435,0.6060344646682635,0.6142748350413523,0.6194126292333044,0.6305205280491984,0.6374897457800661,0.6412971150437725,0.6437190240323567,0.6507737694593365,0.655420768384029,0.6592936458552484,0.665075051524045,0.6693110056034983,0.6735034165061092,0.6778282181154932,0.68227459288415,0.6880003756146389,0.6881951780102507,0.6948260712709514,0.6967004381618207,0.6973369950228803,0.7008174105400388,0.7014731515585604,0.7023044243884218,0.7024334956775495,0.7049223663880356,0.7072832787029585,0.707420108449768,0.707420108449768,0.708751200713238,0.7138208098206816,0.7161409567448278,0.71762840671067,0.7207420548224163,0.7236175902173728,0.7241742950640265,0.7244821083984601,0.7272400647991447,0.7278857015962324,0.7278857015962324,0.7278857015962324,0.7278857015962324,0.7278857015962324,0.7278857015962324,0.7278857015962324,0.7278857015962324,0.7278857015962324,0.7294598472499382,0.7301513620597139,0.7301513620597139,0.7318013467506422,0.7318013467506422,0.7333787092382044,0.7333787092382044,0.7333787092382044,0.7333787092382044,0.7333787092382044,0.7339066428623034,0.7367871238004066,0.7378437576311956,0.7388764100786845,0.7388764100786845,0.7388997267871493,0.7388997267871493,0.7388997267871493,0.7388997267871493,0.7388997267871493,0.7388997267871493,0.7388997267871493,0.7390352155806955,0.7390352155806955,0.7397124806581843,0.7402206951876295,0.7402206951876295,0.7402206951876295,0.7402206951876295,0.7402206951876295,0.7402206951876295,0.7402206951876295,0.7402206951876295,0.7402206951876295,0.7404688394271168,0.7404688394271168,0.7404688394271168,0.7404688394271168,0.7404688394271168,0.7404688394271168,0.7404688394271168,0.7408142162506175,0.7425229590758177,0.7425229590758177,0.7425229590758177,0.7425229590758177,0.7426366172012043,0.7426366172012043,0.7435705937567351,0.7437090571232672
Std curve: 0.005845683268510512,0.0055760258121388484,0.005543228194064793,0.007023663388119301,0.005762768055064856,0.004553846325224787,0.003686933040981107,0.007289460822788589,0.006594110754172593,0.0037930588702911345,0.004367728644698779,0.005457338405763136,0.005329023411838483,0.005038759046932672,0.007256210960342263,0.004134982771092815,0.007163833076513981,0.00521617233125894,0.005493242491829493,0.009604607441915866,0.009360920651402156,0.005462992782374331,0.00379482782483917,0.0033182670504275573,0.0044839333679132344,0.004094294737791085,0.0037776369130395637,0.003561365081288421,0.004573765980575084,0.002911618116276151,0.0030942089124871026,0.0030942089124871026,0.0018906307334339448,0.004444507934949126,0.0038059430018290794,0.006339946785523354,0.008280576554434843,0.006321787652870845,0.005740436762074189,0.006037681043899132,0.004082672687654346,0.0038207541523216683,0.0038207541523216683,0.0038207541523216683,0.0038207541523216683,0.0038207541523216683,0.0038207541523216683,0.0038207541523216683,0.0038207541523216683,0.0038207541523216683,0.002789623624422112,0.0037830027640994423,0.0037830027640994423,0.0025556627076106972,0.0025556627076106972,0.003006459561922843,0.003006459561922843,0.003006459561922843,0.003006459561922843,0.003006459561922843,0.0030632331727116374,0.00189760775879029,0.0023859715914328777,0.003621466549253534,0.003621466549253534,0.0036048525309215172,0.0036048525309215172,0.0036048525309215172,0.0036048525309215172,0.0036048525309215172,0.0036048525309215172,0.0036048525309215172,0.003599399886406478,0.003599399886406478,0.0033440727836859512,0.0034140360145546067,0.0034140360145546067,0.0034140360145546067,0.0034140360145546067,0.0034140360145546067,0.0034140360145546067,0.0034140360145546067,0.0034140360145546067,0.0034140360145546067,0.0034164895758700565,0.0034164895758700565,0.0034164895758700565,0.0034164895758700565,0.0034164895758700565,0.0034164895758700565,0.0034164895758700565,0.0027914353811410034,0.0012316760487448195,0.0012316760487448195,0.0012316760487448195,0.0012316760487448195,0.0013042128363635857,0.0013042128363635857,0.002669530162889649,0.0029197075530197495

mean_time: , 84571.3972243309
best_solution: , 0.7409469355000502
worst_solution: , 0.7490353371242892
mean_solution: , 0.7437090571232672
std_solution: , 0.0029197075530197495



solutions runs are : 



0.7490353371242892

0.7417023009570353

0.7445354504798753

0.7409469355000502

0.7423252615550862

