# Scenario 44
Mean curve: 0.5498927111629566,0.5589799714279445,0.5749024179452311,0.5803628137213175,0.5951180307580957,0.6009863423435899,0.6064058732753925,0.6162733062572048,0.6287036547562286,0.6374608730915703,0.6424859919739878,0.6484668286681126,0.6593074224945947,0.6636147217174393,0.6666139348177499,0.6753676928879387,0.6776041770675783,0.6820898604883604,0.6856976107455826,0.6925337813175545,0.693809682340125,0.6992417373885496,0.7044396286894201,0.7049552164243238,0.7110648731999547,0.716417117408749,0.7172015352333033,0.7192412459822703,0.7217198895656416,0.7272325575694526,0.7296184691071852,0.7323435228967489,0.7324358023270816,0.7324358023270816,0.7335488434049555,0.7337330497617891,0.7353401834113434,0.7358342068947159,0.7380990945790903,0.7392943842663218,0.7404031059770184,0.7409955966910522,0.7423915434930026,0.7440620093734914,0.7457057117838064,0.747176052701544,0.7472354837681151,0.7493645144468977,0.7523692856015869,0.7540012291191166,0.7540266394106234,0.7557139812804293,0.7589294493517982,0.7592298898951725,0.7594859763279149,0.7594859763279149,0.7594859763279149,0.7602854900269047,0.760412382463856,0.7615033159074122,0.761754766279464,0.7626298033730247,0.7626473443728157,0.7626473443728157,0.7626473443728157,0.7626473443728157,0.7626473443728157,0.7626473443728157,0.7638504725082222,0.764656648367661,0.764656648367661,0.764656648367661,0.764656648367661,0.764656648367661,0.764656648367661,0.7656847248312214,0.7656847248312214,0.7656847248312214,0.7678578787664054,0.7689432702363913,0.7695542195738504,0.7695542195738504,0.7695542195738504,0.7697794949346791,0.770933167130426,0.770933167130426,0.7724524664977626,0.7724524664977626,0.7724524664977626,0.7724524664977626,0.7724524664977626,0.7729053068922948,0.7729053068922948,0.7729053068922948,0.7729053068922948,0.7729053068922948,0.7729053068922948,0.7729053068922948,0.7729053068922948,0.7729053068922948
Std curve: 0.0072961035779030925,0.00931694801671841,0.00857898750426346,0.008562227028616257,0.010341680192293683,0.009581025226659155,0.009377072925475946,0.01033104080642861,0.007818013919559191,0.011868280983357469,0.011389587913661244,0.009076766305576031,0.008064521538858721,0.006728128235958513,0.00827665262237744,0.00211610898054415,0.003957737806411639,0.007151265636509368,0.010031744448335602,0.014014641814629875,0.013087676572644556,0.011496328534083439,0.010091570825434014,0.009802431800208051,0.009365423963752242,0.008542752453945606,0.0074827313363699305,0.00629910010162505,0.006427339221589627,0.006810027737035694,0.005679614775849776,0.006345378675461544,0.006234554778797055,0.006234554778797055,0.005355142204068834,0.005620248180814056,0.005895390684147846,0.0065047158758704355,0.007090674129953538,0.007112866166340595,0.007816858185508853,0.00781287343934469,0.00812096712371375,0.007346952932063534,0.00873085530865392,0.009564936545530547,0.009544797514844286,0.01167914027680682,0.012691041313353704,0.013379119270311955,0.013365064952250809,0.01446290229722048,0.012044252943908283,0.011810988291162443,0.011632989162648566,0.011632989162648566,0.011632989162648566,0.011210440720003538,0.011162985088521784,0.01099083045668627,0.011012241379012766,0.011262848815657728,0.011258974026731745,0.011258974026731745,0.011258974026731745,0.011258974026731745,0.011258974026731745,0.011258974026731745,0.009086349928662698,0.008903222370793868,0.008903222370793868,0.008903222370793868,0.008903222370793868,0.008903222370793868,0.008903222370793868,0.009754237883133704,0.009754237883133704,0.009754237883133704,0.009086345737635849,0.007032277848480847,0.007092420183298006,0.007092420183298006,0.007092420183298006,0.006658559278974093,0.007061176145178617,0.007061176145178617,0.006430419726668353,0.006430419726668353,0.006430419726668353,0.006430419726668353,0.006430419726668353,0.0055967877340845655,0.0055967877340845655,0.0055967877340845655,0.0055967877340845655,0.0055967877340845655,0.0055967877340845655,0.0055967877340845655,0.0055967877340845655,0.0055967877340845655

mean_time: , 43515.76474552155
best_solution: , 0.7627405696689762
worst_solution: , 0.7795715378729916
mean_solution: , 0.7729053068922948
std_solution: , 0.0055967877340845655



solutions runs are : 



0.7725432462274567

0.7740366629255518

0.7795715378729916

0.7756345177664975

0.7627405696689762

