# Scenario 252
Mean curve: 0.7238888888888889,0.7355555555555555,0.7478888888888888,0.7548888888888889,0.7577777777777778,0.7593333333333334,0.7661111111111112,0.7667777777777778,0.7744444444444445,0.7763333333333333,0.776888888888889,0.7797777777777778,0.7826666666666666,0.7849999999999999,0.7849999999999999,0.7896666666666665,0.7898888888888889,0.7921111111111111,0.7921111111111111,0.7935555555555556,0.7935555555555556,0.7935555555555556,0.7942222222222222,0.7955555555555556,0.7986666666666666,0.7986666666666666,0.7986666666666666,0.7986666666666666,0.805111111111111,0.805111111111111,0.8076666666666666,0.8078888888888889,0.8111111111111111,0.8111111111111111,0.8111111111111111,0.8111111111111111,0.8164444444444445,0.8164444444444445,0.8164444444444445,0.8164444444444445,0.8164444444444445,0.8188888888888888,0.8217777777777778,0.8217777777777778,0.8217777777777778,0.8275555555555556,0.8283333333333334,0.8283333333333334,0.8283333333333334,0.8283333333333334,0.8283333333333334,0.8283333333333334,0.8283333333333334,0.8302222222222222,0.8302222222222222,0.8307777777777778,0.8312222222222223,0.8312222222222223,0.8322222222222223,0.8322222222222223,0.8322222222222223,0.8338888888888889,0.8338888888888889,0.8338888888888889,0.8338888888888889,0.834,0.834,0.8342222222222222,0.8342222222222222,0.8362222222222222,0.8377777777777778,0.8377777777777778,0.8405555555555555,0.8405555555555555,0.8405555555555555,0.8405555555555555,0.8405555555555555,0.8405555555555555,0.8405555555555555,0.8405555555555555,0.8414444444444446,0.8415555555555556,0.8415555555555556,0.8415555555555556,0.8415555555555556,0.8415555555555556,0.8425555555555555,0.8425555555555555,0.8426666666666666,0.8433333333333334,0.8433333333333334,0.8433333333333334,0.8437777777777778,0.8444444444444444,0.8444444444444444,0.8444444444444444,0.8444444444444444,0.8444444444444444,0.8444444444444444,0.8447777777777776
Std curve: 0.007123253522144283,0.011847800233392287,0.0063089198073681746,0.007489910909490095,0.0071836577223309325,0.004640136226182458,0.008748897637790886,0.008152860590152945,0.00995049474543917,0.007798385397940711,0.00833407404115518,0.006616477747093075,0.006861954514064234,0.007552286874651741,0.007552286874651741,0.0017427096823730997,0.001699673171197569,0.0029481109247603376,0.0029481109247603376,0.003969015799887039,0.003969015799887039,0.003969015799887039,0.004575835618216422,0.00636347602812282,0.0059897030986415705,0.0059897030986415705,0.0059897030986415705,0.0059897030986415705,0.00873053390247255,0.00873053390247255,0.007563721077830015,0.007481664830903306,0.006507355761931704,0.006507355761931704,0.006507355761931704,0.006507355761931704,0.01384481897121372,0.01384481897121372,0.01384481897121372,0.01384481897121372,0.01384481897121372,0.013512682657140772,0.010642333355954397,0.010642333355954397,0.010642333355954397,0.010211346871900482,0.009787873575797898,0.009787873575797898,0.009787873575797898,0.009787873575797898,0.009787873575797898,0.009787873575797898,0.009787873575797898,0.008407815294396753,0.008407815294396753,0.007782538225705552,0.007331649638366062,0.007331649638366062,0.006392511050507819,0.006392511050507819,0.006392511050507819,0.006095940766375671,0.006095940766375671,0.006095940766375671,0.006095940766375671,0.006018490028422623,0.006018490028422623,0.005672110674711217,0.005672110674711217,0.0036750745352314086,0.004779069592801478,0.004779069592801478,0.0032394177193584887,0.0032394177193584887,0.0032394177193584887,0.0032394177193584887,0.0032394177193584887,0.0032394177193584887,0.0032394177193584887,0.0032394177193584887,0.004424957278164415,0.004600053676552091,0.004600053676552091,0.004600053676552091,0.004600053676552091,0.004600053676552091,0.004326204963095944,0.004326204963095944,0.004365973934308546,0.004817662975261936,0.004817662975261936,0.004817662975261936,0.004898979485566331,0.0053054828383614595,0.0053054828383614595,0.0053054828383614595,0.0053054828383614595,0.0053054828383614595,0.0053054828383614595,0.0055511093319096745

mean_time: , 8343.541731309891
best_solution: , 0.8355555555555556
worst_solution: , 0.8494444444444444
mean_solution: , 0.8447777777777776
std_solution: , 0.0055511093319096745



solutions runs are : 



0.8488888888888889

0.8494444444444444

0.8488888888888889

0.8355555555555556

0.8411111111111111

