# Scenario 171
Mean curve: 0.7429166666666667,0.7559166666666666,0.7579166666666667,0.7619166666666667,0.7650833333333333,0.7653333333333333,0.7691666666666667,0.7703333333333333,0.7708333333333334,0.7708333333333334,0.7755833333333333,0.7755833333333333,0.7761666666666667,0.7761666666666667,0.7803333333333333,0.7824166666666666,0.7829166666666667,0.7829166666666667,0.7843333333333333,0.7843333333333333,0.7843333333333333,0.7843333333333333,0.7843333333333333,0.7864166666666665,0.7864166666666665,0.7869999999999999,0.7869999999999999,0.78775,0.78775,0.78775,0.78775,0.78775,0.7886666666666666,0.789,0.7905,0.7905,0.7905,0.7905,0.7905,0.7915833333333333,0.7915833333333333,0.7915833333333333,0.7917500000000001,0.7917500000000001,0.7917500000000001,0.7923333333333333,0.7927500000000001,0.7927500000000001,0.7932499999999999,0.7932499999999999,0.7932499999999999,0.7932499999999999,0.7932499999999999,0.7932499999999999,0.7932499999999999,0.7932499999999999,0.7932499999999999,0.7932499999999999,0.7932499999999999,0.79375,0.79375,0.79375,0.79375,0.7939166666666667,0.7939166666666667,0.7939166666666667,0.7944166666666665,0.7944166666666665,0.7949999999999999,0.7953333333333333,0.7953333333333333,0.7953333333333333,0.7953333333333333,0.7960833333333334,0.7960833333333334,0.7965833333333334,0.7965833333333334,0.7965833333333334,0.7965833333333334,0.7965833333333334,0.7965833333333334,0.7965833333333334,0.8003333333333333,0.8003333333333333,0.8003333333333333,0.8003333333333333,0.8003333333333333,0.8003333333333333,0.8003333333333333,0.8008333333333333,0.8010833333333334,0.8010833333333334,0.8010833333333334,0.8010833333333334,0.8010833333333334,0.8010833333333334,0.8010833333333334,0.8010833333333334,0.8010833333333334,0.8010833333333334
Std curve: 0.004503085362035417,0.004627814458971586,0.003641962230568678,0.006874873736214273,0.0075755454515756765,0.007295356209413103,0.007397447007057413,0.005739725119240879,0.005190803834132491,0.005190803834132491,0.005333333333333339,0.005333333333333339,0.004826144078523427,0.004826144078523427,0.006537286219151723,0.004529226080567068,0.00417499168329178,0.00417499168329178,0.004422166387140539,0.004422166387140539,0.004422166387140539,0.004422166387140539,0.004422166387140539,0.00472581562625262,0.00472581562625262,0.004085883557377094,0.004085883557377094,0.004507709445432838,0.004507709445432838,0.004507709445432838,0.004507709445432838,0.004507709445432838,0.0034298526045427697,0.0029415604324537752,0.0023775571029478254,0.0023775571029478254,0.0023775571029478254,0.0023775571029478254,0.0023775571029478254,0.00048591265790376344,0.00048591265790376344,0.00048591265790376344,0.00048591265790377103,0.00048591265790377103,0.00048591265790377103,0.001224744871391575,0.0015275252316519288,0.0015275252316519288,0.0013540064007726393,0.0013540064007726393,0.0013540064007726393,0.0013540064007726393,0.0013540064007726393,0.0013540064007726393,0.0013540064007726393,0.0013540064007726393,0.0013540064007726393,0.0013540064007726393,0.0013540064007726393,0.0018257418583505452,0.0018257418583505452,0.0018257418583505452,0.0018257418583505452,0.0020682789409984755,0.0020682789409984755,0.0020682789409984755,0.002438123139721305,0.002438123139721305,0.0032274861218395258,0.003499999999999998,0.003499999999999998,0.003499999999999998,0.003499999999999998,0.0036571847095819444,0.0036571847095819444,0.003903346142876794,0.003903346142876794,0.003903346142876794,0.003903346142876794,0.003903346142876794,0.003903346142876794,0.003903346142876794,0.0056112486231775,0.0056112486231775,0.0056112486231775,0.0056112486231775,0.0056112486231775,0.0056112486231775,0.0056112486231775,0.005559026693385994,0.005194815791836262,0.005194815791836262,0.005194815791836262,0.005194815791836262,0.005194815791836262,0.005194815791836262,0.005194815791836262,0.005194815791836262,0.005194815791836262,0.005194815791836262

mean_time: , 12479.105682134628
best_solution: , 0.79375
worst_solution: , 0.81
mean_solution: , 0.8010833333333334
std_solution: , 0.005194815791836262



solutions runs are : 



0.8004166666666667

0.81

0.79375

0.8

0.80125

