# Scenario 453
Mean curve: 0.7323333333333333,0.7323333333333333,0.7323333333333333,0.7323333333333333,0.733,0.7345555555555556,0.7345555555555556,0.7356666666666667,0.7356666666666667,0.7356666666666667,0.7356666666666667,0.7356666666666667,0.7362222222222222,0.7362222222222222,0.7362222222222222,0.7362222222222222,0.7362222222222222,0.7362222222222222,0.7362222222222222,0.7367777777777778,0.7375555555555555,0.7375555555555555,0.7375555555555555,0.7375555555555555,0.7375555555555555,0.7375555555555555,0.7375555555555555,0.7375555555555555,0.7375555555555555,0.738,0.7382222222222222,0.7382222222222222,0.7411111111111112,0.7411111111111112,0.7411111111111112,0.7411111111111112,0.7411111111111112,0.7411111111111112,0.7411111111111112,0.7411111111111112,0.7411111111111112,0.7411111111111112,0.7411111111111112,0.7411111111111112,0.7411111111111112,0.7411111111111112,0.7411111111111112,0.7411111111111112,0.7411111111111112,0.7411111111111112,0.7411111111111112,0.7411111111111112,0.7411111111111112,0.7411111111111112,0.7411111111111112,0.7411111111111112,0.7411111111111112,0.7411111111111112,0.7411111111111112,0.7411111111111112,0.7411111111111112,0.7411111111111112,0.7411111111111112,0.7411111111111112,0.7411111111111112,0.7411111111111112,0.7411111111111112,0.7411111111111112,0.7411111111111112,0.7411111111111112,0.7411111111111112,0.7411111111111112,0.7411111111111112,0.7411111111111112,0.7411111111111112,0.7411111111111112,0.7411111111111112,0.7411111111111112,0.7411111111111112,0.7411111111111112,0.7411111111111112,0.7411111111111112,0.7411111111111112,0.7411111111111112,0.7411111111111112,0.7415555555555555,0.7415555555555555,0.7415555555555555,0.7415555555555555,0.7428888888888888,0.7428888888888888,0.7428888888888888,0.7428888888888888,0.7428888888888888,0.7428888888888888,0.7428888888888888,0.7428888888888888,0.7428888888888888,0.7428888888888888,0.7428888888888888
Std curve: 0.00947641647120908,0.00947641647120908,0.00947641647120908,0.00947641647120908,0.008982836858403441,0.008905539959783949,0.008905539959783949,0.010601653726112497,0.010601653726112497,0.010601653726112497,0.010601653726112497,0.010601653726112497,0.01005171811368768,0.01005171811368768,0.01005171811368768,0.01005171811368768,0.01005171811368768,0.01005171811368768,0.01005171811368768,0.009443790827055902,0.008760179264189781,0.008760179264189781,0.008760179264189781,0.008760179264189781,0.008760179264189781,0.008760179264189781,0.008760179264189781,0.008760179264189781,0.008760179264189781,0.008267144550105889,0.008046163106769628,0.008046163106769628,0.007336699564097396,0.007336699564097396,0.007336699564097396,0.007336699564097396,0.007336699564097396,0.007336699564097396,0.007336699564097396,0.007336699564097396,0.007336699564097396,0.007336699564097396,0.007336699564097396,0.007336699564097396,0.007336699564097396,0.007336699564097396,0.007336699564097396,0.007336699564097396,0.007336699564097396,0.007336699564097396,0.007336699564097396,0.007336699564097396,0.007336699564097396,0.007336699564097396,0.007336699564097396,0.007336699564097396,0.007336699564097396,0.007336699564097396,0.007336699564097396,0.007336699564097396,0.007336699564097396,0.007336699564097396,0.007336699564097396,0.007336699564097396,0.007336699564097396,0.007336699564097396,0.007336699564097396,0.007336699564097396,0.007336699564097396,0.007336699564097396,0.007336699564097396,0.007336699564097396,0.007336699564097396,0.007336699564097396,0.007336699564097396,0.007336699564097396,0.007336699564097396,0.007336699564097396,0.007336699564097396,0.007336699564097396,0.007336699564097396,0.007336699564097396,0.007336699564097396,0.007336699564097396,0.007336699564097396,0.006762277357645758,0.006762277357645758,0.006762277357645758,0.006762277357645758,0.006870944370551254,0.006870944370551254,0.006870944370551254,0.006870944370551254,0.006870944370551254,0.006870944370551254,0.006870944370551254,0.006870944370551254,0.006870944370551254,0.006870944370551254,0.006870944370551254

mean_time: , 10677.635766887664
best_solution: , 0.7333333333333333
worst_solution: , 0.7527777777777778
mean_solution: , 0.7428888888888888
std_solution: , 0.006870944370551254



solutions runs are : 



0.7333333333333333

0.7372222222222222

0.7461111111111111

0.745

0.7527777777777778

