# Scenario 253
Mean curve: 0.7186666666666666,0.7203333333333333,0.7318888888888887,0.7365555555555554,0.7415555555555555,0.7496666666666666,0.7505555555555556,0.7534444444444446,0.7601111111111111,0.7642222222222221,0.7655555555555555,0.7701111111111111,0.7701111111111111,0.7702222222222221,0.7744444444444445,0.7755555555555556,0.7773333333333333,0.7787777777777778,0.7787777777777778,0.7814444444444444,0.7814444444444444,0.782,0.7848888888888889,0.7862222222222222,0.7862222222222222,0.7864444444444445,0.7875555555555556,0.7875555555555556,0.7884444444444445,0.7923333333333333,0.7939999999999999,0.7956666666666667,0.7956666666666667,0.7963333333333333,0.7963333333333333,0.8006666666666666,0.8006666666666666,0.805111111111111,0.8075555555555555,0.8075555555555555,0.8083333333333333,0.8083333333333333,0.8083333333333333,0.8117777777777778,0.8117777777777778,0.8117777777777778,0.8117777777777778,0.811888888888889,0.8121111111111112,0.8124444444444444,0.8124444444444444,0.8124444444444444,0.8127777777777778,0.8127777777777778,0.8134444444444446,0.8134444444444446,0.8134444444444446,0.8140000000000001,0.8151111111111111,0.8158888888888889,0.8158888888888889,0.8158888888888889,0.818,0.8182222222222222,0.8182222222222222,0.8218888888888889,0.8220000000000001,0.8220000000000001,0.8243333333333334,0.8261111111111111,0.8261111111111111,0.8264444444444445,0.8267777777777777,0.8306666666666667,0.8306666666666667,0.8310000000000001,0.8310000000000001,0.8323333333333334,0.8323333333333334,0.8354444444444444,0.8354444444444444,0.8354444444444444,0.8354444444444444,0.8364444444444444,0.8366666666666667,0.8366666666666667,0.8366666666666667,0.8366666666666667,0.8366666666666667,0.8366666666666667,0.8366666666666667,0.8366666666666667,0.8366666666666667,0.836888888888889,0.836888888888889,0.8380000000000001,0.840777777777778,0.840777777777778,0.842,0.842
Std curve: 0.005822476669588415,0.006979688344239758,0.008767222908701716,0.007415366094872699,0.006969067458029669,0.009741092797468332,0.00952579344415683,0.007126718982588701,0.008310338645028947,0.0073164789480685746,0.0052115730664704825,0.0018724777273725084,0.0018724777273725084,0.001879059391698624,0.006255861449004111,0.005952486771546162,0.004351812450570265,0.003538151850686838,0.003538151850686838,0.002596293654566224,0.002596293654566224,0.0031739681904634992,0.006425258797689337,0.005559998223643041,0.005559998223643041,0.005254040185571951,0.004121608220220319,0.004121608220220319,0.004309048762147855,0.004118611776189037,0.0025676044462869655,0.0028414915227876507,0.0028414915227876507,0.0034533933928711197,0.0034533933928711197,0.0032279642325186444,0.0032279642325186444,0.007669081745216596,0.007774602526460379,0.007774602526460379,0.00684033065405394,0.00684033065405394,0.00684033065405394,0.006200358412579411,0.006200358412579411,0.006200358412579411,0.006200358412579411,0.006091888960832346,0.006357653111519966,0.006071589374361863,0.006071589374361863,0.006071589374361863,0.005847865496418103,0.005847865496418103,0.005156800615943218,0.005156800615943218,0.005156800615943218,0.005925462944877065,0.005239922721134051,0.005864730320176267,0.005864730320176267,0.005864730320176267,0.0044109851647286995,0.004505141096158502,0.004505141096158502,0.005099019513592753,0.005025859056843812,0.005025859056843812,0.007812620369443071,0.0077618885318102,0.0077618885318102,0.007475061418468497,0.00794580407945827,0.01154379743668691,0.01154379743668691,0.011543797436686909,0.011543797436686909,0.010607474653211229,0.010607474653211229,0.012127919019893166,0.012127919019893166,0.012127919019893166,0.012127919019893166,0.010550291084861529,0.010219806477837276,0.010219806477837276,0.010219806477837276,0.010219806477837276,0.010219806477837276,0.010219806477837276,0.010219806477837276,0.010219806477837276,0.010219806477837276,0.009898247756142259,0.009898247756142259,0.009023973557443084,0.012042107194300006,0.012042107194300006,0.011856133485861568,0.011856133485861568

mean_time: , 8345.497930335998
best_solution: , 0.8244444444444444
worst_solution: , 0.8577777777777778
mean_solution: , 0.842
std_solution: , 0.011856133485861568



solutions runs are : 



0.8327777777777777

0.8577777777777778

0.8472222222222222

0.8244444444444444

0.8477777777777777

