# Scenario 274
Mean curve: 0.7183333333333334,0.7185833333333334,0.7216666666666667,0.7229166666666667,0.7279166666666667,0.7314999999999999,0.7348333333333332,0.7368333333333332,0.7386666666666667,0.7398333333333333,0.7417499999999999,0.7463333333333333,0.7488333333333334,0.7489166666666666,0.7510833333333334,0.7515833333333333,0.7555833333333333,0.7555833333333333,0.7555833333333333,0.75575,0.75575,0.7569166666666667,0.7571666666666667,0.758,0.758,0.7588333333333332,0.7588333333333332,0.7601666666666667,0.7635,0.76525,0.76525,0.76525,0.7657499999999999,0.7659166666666666,0.7706666666666667,0.7711666666666667,0.772,0.772,0.7725,0.7744166666666666,0.7744166666666666,0.7745,0.7745,0.7745,0.7754999999999999,0.7754999999999999,0.7769999999999999,0.77825,0.77825,0.77825,0.77825,0.7868333333333333,0.7868333333333333,0.7868333333333333,0.7873333333333333,0.7873333333333333,0.7873333333333333,0.7873333333333333,0.7883333333333333,0.7888333333333334,0.7888333333333334,0.7888333333333334,0.7888333333333334,0.7888333333333334,0.789,0.7904166666666667,0.79125,0.7939999999999999,0.7939999999999999,0.7945833333333333,0.7966666666666666,0.7981666666666667,0.7999166666666666,0.7999166666666666,0.7999166666666666,0.8001666666666667,0.8015833333333333,0.8015833333333333,0.8015833333333333,0.8029999999999999,0.8029999999999999,0.8029999999999999,0.8029999999999999,0.8029999999999999,0.8029999999999999,0.8029999999999999,0.80375,0.80375,0.80375,0.80375,0.80375,0.80375,0.8040833333333334,0.8040833333333334,0.8040833333333334,0.8040833333333334,0.8040833333333334,0.8045833333333334,0.8050833333333334,0.806
Std curve: 0.007100469468046945,0.006925195544772261,0.005571504883482263,0.005068968775248508,0.00575543221661066,0.003993049516903631,0.0031024184114977153,0.006382484712955542,0.006260546656997653,0.0060759087111860455,0.0052533058374914805,0.005505048188304588,0.003539460096932567,0.0036571847095819526,0.007409640866990657,0.007432100047167787,0.005261231372554876,0.005261231372554876,0.005261231372554876,0.005105824560680136,0.005105824560680136,0.007286784079566409,0.007136564688668901,0.008581310441237324,0.008581310441237324,0.008072587358874879,0.008072587358874879,0.008137703743822462,0.006808899405271835,0.006940220937885683,0.006940220937885683,0.006940220937885683,0.007863417408056959,0.007881060278357919,0.005587684871413386,0.005030462757595517,0.005312459150169734,0.005312459150169734,0.004844813951249524,0.004877670208887284,0.004877670208887284,0.004818944098266979,0.004818944098266979,0.004818944098266979,0.005390320542932068,0.005390320542932068,0.003578485092263982,0.002163459164291204,0.002163459164291204,0.002163459164291204,0.002163459164291204,0.0068343495179375505,0.0068343495179375505,0.0068343495179375505,0.006425859216218984,0.006425859216218984,0.006425859216218984,0.006425859216218984,0.005224142672885804,0.005623610939600982,0.005623610939600982,0.005623610939600982,0.005623610939600982,0.005623610939600982,0.005468343238840955,0.0057008771254956755,0.004772607021092108,0.008310802876042966,0.008310802876042966,0.0076784329998596,0.011483684077855851,0.01058890929227369,0.00994568583189047,0.00994568583189047,0.00994568583189047,0.009981232388838577,0.009582971007643375,0.009582971007643375,0.009582971007643375,0.008042422244296537,0.008042422244296537,0.008042422244296537,0.008042422244296537,0.008042422244296537,0.008042422244296537,0.008042422244296537,0.007578295029593111,0.007578295029593111,0.007578295029593111,0.007578295029593111,0.007578295029593111,0.007578295029593111,0.007271519786124494,0.007271519786124494,0.007271519786124494,0.007271519786124494,0.007271519786124494,0.008253787009609569,0.009239859306288168,0.008837263276728973

mean_time: , 12500.61210436821
best_solution: , 0.79875
worst_solution: , 0.8233333333333334
mean_solution: , 0.806
std_solution: , 0.008837263276728973



solutions runs are : 



0.8020833333333334

0.8233333333333334

0.8041666666666667

0.8016666666666666

0.79875

