# Scenario 31
Mean curve: 0.7715000000000001,0.793,0.8031666666666666,0.8126666666666666,0.8291666666666668,0.8406666666666667,0.8571666666666665,0.8655000000000002,0.8791666666666667,0.8899999999999999,0.8945000000000001,0.901,0.906,0.9175000000000001,0.9221666666666668,0.9273333333333333,0.9286666666666668,0.9321666666666667,0.9353333333333333,0.9383333333333335,0.9421666666666667,0.9455,0.9498333333333333,0.9528333333333332,0.9528333333333332,0.954,0.9575000000000001,0.9575000000000001,0.9583333333333333,0.9583333333333333,0.9595,0.9628333333333334,0.9633333333333333,0.9668333333333333,0.968,0.9696666666666667,0.9696666666666667,0.9741666666666667,0.975,0.9753333333333334,0.9778333333333332,0.9778333333333332,0.9781666666666666,0.9781666666666666,0.9781666666666666,0.9781666666666666,0.9793333333333333,0.9806666666666667,0.9806666666666667,0.9806666666666667,0.9833333333333334,0.9833333333333334,0.9833333333333334,0.9833333333333334,0.9836666666666668,0.9836666666666668,0.9836666666666668,0.9853333333333334,0.9853333333333334,0.9856666666666666,0.9856666666666666,0.9858333333333332,0.9858333333333332,0.9858333333333332,0.9865,0.9865,0.9865,0.9865,0.9865,0.9865,0.9865,0.9865,0.9865,0.9865,0.9865,0.9865,0.9865,0.9865,0.9878333333333332,0.9878333333333332,0.9878333333333332,0.9878333333333332,0.9878333333333332,0.9878333333333332,0.9878333333333332,0.9878333333333332,0.9878333333333332,0.9878333333333332,0.9878333333333332,0.9878333333333332,0.9878333333333332,0.9878333333333332,0.9878333333333332,0.9878333333333332,0.9878333333333332,0.9878333333333332,0.9878333333333332,0.9878333333333332,0.9878333333333332,0.9878333333333332
Std curve: 0.003741657386773976,0.00753878858526575,0.010184410744968137,0.008602325267042629,0.006540472290116198,0.006548960901462824,0.007630348761506384,0.011673807338558287,0.0061237243569579325,0.00480162009696264,0.005691123692987933,0.0036285901761795394,0.006041522986797277,0.0025276251480171688,0.0036742346141747737,0.007272474743090485,0.0058357138000038646,0.0075755454515756895,0.005286250509051245,0.003374742788552749,0.004672615256292041,0.002392116682401233,0.0033499585403736214,0.00590668171555646,0.00590668171555646,0.006311365409587175,0.0071686043892022,0.0071686043892022,0.0075092535507125515,0.0075092535507125515,0.006114645442614726,0.006595452979136463,0.006932211447695151,0.0052014955114424045,0.0048762462794425835,0.004582575694955818,0.004582575694955818,0.006603870918719655,0.006324555320336761,0.006315765107165474,0.00455216676124924,0.00455216676124924,0.004784233364802465,0.004784233364802465,0.004784233364802465,0.004784233364802465,0.004784233364802465,0.0060184900284226,0.0060184900284226,0.0060184900284226,0.004944132324730448,0.004944132324730448,0.004944132324730448,0.004944132324730448,0.0053124591501697545,0.0053124591501697545,0.0053124591501697545,0.003636237371545256,0.003636237371545256,0.00309120616516524,0.00309120616516524,0.0031180478223116243,0.0031180478223116243,0.0031180478223116243,0.002438123139721287,0.002438123139721287,0.002438123139721287,0.002438123139721287,0.002438123139721287,0.002438123139721287,0.002438123139721287,0.002438123139721287,0.002438123139721287,0.002438123139721287,0.002438123139721287,0.002438123139721287,0.002438123139721287,0.002438123139721287,0.0013540064007726473,0.0013540064007726473,0.0013540064007726473,0.0013540064007726473,0.0013540064007726473,0.0013540064007726473,0.0013540064007726473,0.0013540064007726473,0.0013540064007726473,0.0013540064007726473,0.0013540064007726473,0.0013540064007726473,0.0013540064007726473,0.0013540064007726473,0.0013540064007726473,0.0013540064007726473,0.0013540064007726473,0.0013540064007726473,0.0013540064007726473,0.0013540064007726473,0.0013540064007726473,0.0013540064007726473

mean_time: , 5401.868641519546
best_solution: , 0.9858333333333333
worst_solution: , 0.99
mean_solution: , 0.9878333333333332
std_solution: , 0.0013540064007726473



solutions runs are : 



0.9858333333333333

0.99

0.9883333333333333

0.9875

0.9875

