# Scenario 6
Mean curve: 0.7916666666666667,0.8150000000000001,0.8408333333333333,0.8636666666666667,0.8785000000000001,0.8918333333333333,0.9056666666666666,0.9166666666666666,0.9276666666666668,0.9355,0.9495000000000001,0.9631666666666667,0.9663333333333334,0.9734999999999999,0.9788333333333334,0.9823333333333333,0.986,0.9873333333333333,0.9884999999999999,0.99,0.9914999999999999,0.994,0.9945,0.9950000000000001,0.9955,0.9956666666666667,0.9966666666666667,0.9976666666666667,0.9976666666666667,0.9981666666666668,1.0,1.0,1.0,1.0,1.0,1.0,1.0,1.0,1.0,1.0,1.0,1.0,1.0,1.0,1.0,1.0,1.0,1.0,1.0,1.0,1.0,1.0,1.0,1.0,1.0,1.0,1.0,1.0,1.0,1.0,1.0,1.0,1.0,1.0,1.0,1.0,1.0,1.0,1.0,1.0,1.0,1.0,1.0,1.0,1.0,1.0,1.0,1.0,1.0,1.0,1.0,1.0,1.0,1.0,1.0,1.0,1.0,1.0,1.0,1.0,1.0,1.0,1.0,1.0,1.0,1.0,1.0,1.0,1.0,1.0
Std curve: 0.02188353008289314,0.010461569884316834,0.018789772631821706,0.01240071682515886,0.009766723549322376,0.0073105707331537605,0.010506611674983027,0.005602578771323854,0.006398784606817477,0.0015456030825826026,0.004236088342379625,0.006355225321645873,0.003399346342395203,0.0047842333648024414,0.006924192692613648,0.00856997342145497,0.005174724898753365,0.0053851648071345,0.004983305462575357,0.006191391873668921,0.005807083796728122,0.003551212625443748,0.003358240279934979,0.003456073558887953,0.003231786571610892,0.003308238873546544,0.0019002923751652349,0.002068278940998474,0.002068278940998474,0.001855921454276671,0.0,0.0,0.0,0.0,0.0,0.0,0.0,0.0,0.0,0.0,0.0,0.0,0.0,0.0,0.0,0.0,0.0,0.0,0.0,0.0,0.0,0.0,0.0,0.0,0.0,0.0,0.0,0.0,0.0,0.0,0.0,0.0,0.0,0.0,0.0,0.0,0.0,0.0,0.0,0.0,0.0,0.0,0.0,0.0,0.0,0.0,0.0,0.0,0.0,0.0,0.0,0.0,0.0,0.0,0.0,0.0,0.0,0.0,0.0,0.0,0.0,0.0,0.0,0.0,0.0,0.0,0.0,0.0,0.0,0.0

mean_time: , 4316.9486203193665
best_solution: , 1.0
worst_solution: , 1.0
mean_solution: , 1.0
std_solution: , 0.0



solutions runs are : 



1.0

1.0

1.0

1.0

1.0

