# Scenario 334
Mean curve: 0.742,0.744,0.7521666666666667,0.7596666666666667,0.7606666666666666,0.7606666666666666,0.7643333333333333,0.7648333333333333,0.7678333333333333,0.774,0.7745000000000001,0.7768333333333334,0.7791666666666667,0.7791666666666667,0.7791666666666667,0.7791666666666667,0.7793333333333334,0.7793333333333334,0.7809999999999999,0.7845,0.7861666666666667,0.7868333333333333,0.7873333333333334,0.7876666666666666,0.7876666666666666,0.7879999999999999,0.7879999999999999,0.7879999999999999,0.789,0.7898333333333334,0.7923333333333333,0.7923333333333333,0.7923333333333333,0.7948333333333333,0.7948333333333333,0.7948333333333333,0.7948333333333333,0.7948333333333333,0.7956666666666667,0.7958333333333334,0.7968333333333334,0.7981666666666667,0.7981666666666667,0.7995,0.7995,0.8005000000000001,0.8005000000000001,0.8013333333333333,0.8018333333333333,0.8018333333333333,0.8038333333333334,0.804,0.805,0.8075000000000001,0.8075000000000001,0.8099999999999999,0.8099999999999999,0.8103333333333333,0.8111666666666666,0.8111666666666666,0.8111666666666666,0.8125,0.8138333333333334,0.8138333333333334,0.8138333333333334,0.8138333333333334,0.8138333333333334,0.8138333333333334,0.8138333333333334,0.8138333333333334,0.8145,0.8145,0.8145,0.8145,0.8145,0.8145,0.8145,0.8145,0.8173333333333334,0.8173333333333334,0.8205,0.8225,0.8225,0.8225,0.8225,0.8225,0.8258333333333333,0.8261666666666667,0.8261666666666667,0.8261666666666667,0.8268333333333333,0.8268333333333333,0.8268333333333333,0.8278333333333332,0.8285,0.8285,0.8295,0.8295,0.8308333333333333,0.8308333333333333
Std curve: 0.004960958688712408,0.0033499585403736257,0.009258629608220752,0.011862639766182811,0.011801600644733633,0.011801600644733633,0.011778039829369818,0.012057731498457258,0.01200231459159253,0.014808030854160784,0.015097829130191023,0.015647150965378116,0.01778732382594102,0.01778732382594102,0.01778732382594102,0.01778732382594102,0.017845011752432235,0.017845011752432235,0.0187409237291608,0.019976374935296835,0.021033042787216707,0.021585746325861518,0.021566434826162405,0.02186066990942612,0.02186066990942612,0.022032803826214323,0.022032803826214323,0.022032803826214323,0.022987919532755557,0.02344260129668966,0.025420901286583485,0.025420901286583485,0.025420901286583485,0.026559158286528745,0.026559158286528745,0.026559158286528745,0.026559158286528745,0.026559158286528745,0.02502998202156765,0.024977767892445647,0.024756592836836185,0.024711670657134182,0.024711670657134182,0.025828494170414024,0.025828494170414024,0.025925105807134353,0.025925105807134353,0.02612257431588413,0.026354421935522614,0.026354421935522614,0.02732316884176422,0.027372938785920984,0.02790360390901345,0.029001915645541596,0.029001915645541596,0.03065941943351178,0.03065941943351178,0.030793217146349326,0.031125195224733573,0.031125195224733573,0.031125195224733573,0.03189392139926075,0.032143774237357724,0.032143774237357724,0.032143774237357724,0.032143774237357724,0.032143774237357724,0.032143774237357724,0.032143774237357724,0.032143774237357724,0.03235051090099746,0.03235051090099746,0.03235051090099746,0.03235051090099746,0.03235051090099746,0.03235051090099746,0.03235051090099746,0.03235051090099746,0.03386820862631437,0.03386820862631437,0.03565498250985096,0.03635855393775231,0.03635855393775231,0.03635855393775231,0.03635855393775231,0.03635855393775231,0.03829345752068998,0.03842236038790143,0.03842236038790143,0.03842236038790143,0.03878502001775656,0.03878502001775656,0.03878502001775656,0.03921663479245056,0.03960008417499471,0.03960008417499471,0.04025129397505957,0.04025129397505957,0.04076695284718302,0.04076695284718302

mean_time: , 5454.382919216156
best_solution: , 0.75
worst_solution: , 0.8591666666666666
mean_solution: , 0.8308333333333333
std_solution: , 0.04076695284718302



solutions runs are : 



0.8591666666666666

0.8441666666666666

0.8541666666666666

0.75

0.8466666666666667

