# Scenario 158
Mean curve: 0.7683333333333333,0.7798333333333332,0.7888333333333334,0.7958333333333333,0.7973333333333333,0.7981666666666667,0.8008333333333335,0.8033333333333335,0.8083333333333333,0.8083333333333333,0.8085000000000001,0.8111666666666666,0.8115,0.8115,0.8123333333333334,0.8135,0.8148333333333333,0.8148333333333333,0.8201666666666666,0.8201666666666666,0.8208333333333334,0.8208333333333334,0.8208333333333334,0.8213333333333332,0.8225,0.8228333333333333,0.8228333333333333,0.8228333333333333,0.8241666666666667,0.8263333333333334,0.8263333333333334,0.8263333333333334,0.8263333333333334,0.8263333333333334,0.8283333333333334,0.8283333333333334,0.8283333333333334,0.8295,0.8295,0.8295,0.8295,0.8295,0.8295,0.8305,0.8305,0.8306666666666667,0.8306666666666667,0.8306666666666667,0.8306666666666667,0.8306666666666667,0.8306666666666667,0.8320000000000001,0.8320000000000001,0.8326666666666667,0.8326666666666667,0.8335000000000001,0.8341666666666667,0.8341666666666667,0.8363333333333334,0.8363333333333334,0.8363333333333334,0.8363333333333334,0.8363333333333334,0.8368333333333334,0.8368333333333334,0.8368333333333334,0.8370000000000001,0.8375,0.8375,0.8413333333333333,0.8413333333333333,0.8413333333333333,0.8413333333333333,0.8413333333333333,0.8413333333333333,0.8413333333333333,0.8413333333333333,0.8413333333333333,0.8423333333333332,0.8423333333333332,0.8424999999999999,0.8431666666666666,0.8431666666666666,0.8431666666666666,0.8431666666666666,0.8448333333333332,0.845,0.845,0.8466666666666667,0.8466666666666667,0.8493333333333333,0.8493333333333333,0.8493333333333333,0.8493333333333333,0.8493333333333333,0.8493333333333333,0.8493333333333333,0.8534999999999998,0.8556666666666667,0.8556666666666667
Std curve: 0.0046844897741850555,0.009879833556852624,0.0038944404818492787,0.006519202405202652,0.007176350047203666,0.007098513146348959,0.007283924461137404,0.0033747427885527604,0.008834905520465687,0.008834905520465687,0.008682677518420726,0.011673807338558275,0.011515689780083108,0.011515689780083108,0.011185307823708312,0.010819221578078297,0.009963823451756733,0.009963823451756733,0.010819221578078304,0.010819221578078304,0.010260495981080916,0.010260495981080916,0.010260495981080916,0.009938701010583714,0.009249624617007741,0.009153020145163993,0.009153020145163993,0.009153020145163993,0.007673909622147559,0.007951240294584374,0.007951240294584374,0.007951240294584374,0.007951240294584374,0.007951240294584374,0.006101001739241034,0.006101001739241034,0.006101001739241034,0.006637435917246615,0.006637435917246615,0.006637435917246615,0.006637435917246615,0.006637435917246615,0.006637435917246615,0.006381396573025535,0.006381396573025535,0.0060644684662200625,0.0060644684662200625,0.0060644684662200625,0.0060644684662200625,0.0060644684662200625,0.0060644684662200625,0.0069041050590693005,0.0069041050590693005,0.0076811457478686,0.0076811457478686,0.00626719855898772,0.006728876412728773,0.006728876412728773,0.005883120864907595,0.005883120864907595,0.005883120864907595,0.005883120864907595,0.005883120864907595,0.005637178175095924,0.005637178175095924,0.005637178175095924,0.00573972511924086,0.0052440442408507515,0.0052440442408507515,0.008781293248212987,0.008781293248212987,0.008781293248212987,0.008781293248212987,0.008781293248212987,0.008781293248212987,0.008781293248212987,0.008781293248212987,0.008781293248212987,0.0074236858171066915,0.0074236858171066915,0.007397447007057378,0.007214953607304443,0.007214953607304443,0.007214953607304443,0.007214953607304443,0.005512611802847071,0.005451809077932035,0.005451809077932035,0.005700877125495682,0.005700877125495682,0.005854722690083417,0.005854722690083417,0.005854722690083417,0.005854722690083417,0.005854722690083417,0.005854722690083417,0.005854722690083417,0.007329544475765329,0.004606758320361737,0.004606758320361737

mean_time: , 6632.9940480232235
best_solution: , 0.8508333333333333
worst_solution: , 0.8641666666666666
mean_solution: , 0.8556666666666667
std_solution: , 0.004606758320361737



solutions runs are : 



0.8641666666666666

0.8525

0.855

0.8508333333333333

0.8558333333333333

