# Scenario 65
Mean curve: 0.7204583333333334,0.7332083333333334,0.7450416666666666,0.7552083333333334,0.7648333333333335,0.7698333333333334,0.7785,0.7846666666666666,0.7930833333333334,0.8007500000000001,0.8050416666666665,0.8117916666666666,0.8159583333333333,0.8210833333333334,0.8299166666666666,0.8332916666666668,0.8365,0.83925,0.8445,0.8460416666666667,0.8499166666666668,0.8543749999999999,0.854875,0.8563749999999999,0.8610416666666666,0.8612500000000001,0.8664999999999999,0.8679583333333334,0.86875,0.8711249999999999,0.8744999999999999,0.8784166666666667,0.8787083333333333,0.8797916666666667,0.8799583333333334,0.884,0.884,0.884,0.8841666666666667,0.8855416666666667,0.8879166666666667,0.8879166666666667,0.8885416666666666,0.8885416666666666,0.8885416666666666,0.8887916666666668,0.8897916666666668,0.8899583333333334,0.8903333333333334,0.8908333333333335,0.8908333333333335,0.8908333333333335,0.8908333333333335,0.8925833333333335,0.8925833333333335,0.8947500000000002,0.8975416666666668,0.8988333333333335,0.8988333333333335,0.8988333333333335,0.8988333333333335,0.8988333333333335,0.8988333333333335,0.8988333333333335,0.8988333333333335,0.8988333333333335,0.8988333333333335,0.8988333333333335,0.8988333333333335,0.8988333333333335,0.8990833333333335,0.8998333333333335,0.8998333333333335,0.8998333333333335,0.8998333333333335,0.8998750000000001,0.8998750000000001,0.8998750000000001,0.8998750000000001,0.8998750000000001,0.8998750000000001,0.8998750000000001,0.8998750000000001,0.8998750000000001,0.8998750000000001,0.8998750000000001,0.8998750000000001,0.8998750000000001,0.8998750000000001,0.8998750000000001,0.8998750000000001,0.8998750000000001,0.8998750000000001,0.8998750000000001,0.8998750000000001,0.8998750000000001,0.8998750000000001,0.8998750000000001,0.8998750000000001,0.8998750000000001
Std curve: 0.00401689141833166,0.0057093977109868976,0.008451659929005388,0.0035232363594349526,0.006907624611816832,0.009323841900084812,0.007916008744591203,0.00559730838091945,0.005998263637642713,0.00702624049941044,0.009393407853974568,0.009358411249304607,0.011560979629771876,0.013374545682834305,0.008503063173547114,0.010495038510331107,0.00795320515403836,0.0054495794944809,0.0074449367581822775,0.0072922618804684815,0.009947431270880361,0.005101402312654392,0.004737190329955316,0.0040752470954396,0.005532417092816588,0.005610320351320836,0.0055736856946029915,0.004868763817552781,0.0050621141828291515,0.005683492177643377,0.005802896786184577,0.0033993463423951996,0.0030487930216544575,0.0026187093937451024,0.0026919375508688407,0.0063702324220636765,0.0063702324220636765,0.0063702324220636765,0.006295666499002849,0.006350032808314204,0.007359800721939875,0.007359800721939875,0.007353901081134509,0.007353901081134509,0.007353901081134509,0.007614177200751538,0.006004916966767971,0.0060256972856075185,0.005798407348382644,0.005638102025012004,0.005638102025012004,0.005638102025012004,0.005638102025012004,0.008118694134184675,0.008118694134184675,0.006115781043969617,0.005409289848646202,0.004375198408199472,0.004375198408199472,0.004375198408199472,0.004375198408199472,0.004375198408199472,0.004375198408199472,0.004375198408199472,0.004375198408199472,0.004375198408199472,0.004375198408199472,0.004375198408199472,0.004375198408199472,0.004375198408199472,0.004117628092860142,0.003659557502091084,0.003659557502091084,0.003659557502091084,0.003659557502091084,0.00365053268563492,0.00365053268563492,0.00365053268563492,0.00365053268563492,0.00365053268563492,0.00365053268563492,0.00365053268563492,0.00365053268563492,0.00365053268563492,0.00365053268563492,0.00365053268563492,0.00365053268563492,0.00365053268563492,0.00365053268563492,0.00365053268563492,0.00365053268563492,0.00365053268563492,0.00365053268563492,0.00365053268563492,0.00365053268563492,0.00365053268563492,0.00365053268563492,0.00365053268563492,0.00365053268563492,0.00365053268563492

mean_time: , 22043.076770305634
best_solution: , 0.8952083333333334
worst_solution: , 0.9058333333333334
mean_solution: , 0.8998750000000001
std_solution: , 0.00365053268563492



solutions runs are : 



0.8975

0.8991666666666667

0.9016666666666666

0.8952083333333334

0.9058333333333334

