# Scenario 275
Mean curve: 0.748625,0.755625,0.76575,0.7777499999999999,0.781625,0.786125,0.78925,0.7935,0.7935,0.7997500000000001,0.7997500000000001,0.7997500000000001,0.803125,0.8035,0.8035,0.803875,0.803875,0.8086250000000001,0.8088750000000001,0.8135,0.8135,0.8135,0.81525,0.8223750000000001,0.8227500000000001,0.823625,0.8238749999999999,0.8238749999999999,0.8244999999999999,0.8246249999999999,0.825375,0.827,0.82775,0.82875,0.82875,0.829375,0.8313749999999999,0.8313749999999999,0.8318749999999999,0.8327500000000001,0.8331249999999999,0.8331249999999999,0.834375,0.834375,0.834375,0.8394999999999999,0.8397499999999999,0.8397499999999999,0.8422499999999999,0.8422499999999999,0.843,0.8442500000000001,0.8442500000000001,0.8450000000000001,0.8450000000000001,0.8462500000000001,0.8467500000000001,0.84975,0.84975,0.84975,0.851875,0.851875,0.851875,0.851875,0.854875,0.854875,0.8561249999999999,0.857625,0.857625,0.857625,0.857625,0.857625,0.858125,0.858125,0.859125,0.8592500000000001,0.8592500000000001,0.8592500000000001,0.85975,0.85975,0.85975,0.8598750000000001,0.8602500000000001,0.8602500000000001,0.8602500000000001,0.860375,0.860375,0.860375,0.8608750000000001,0.8615,0.8615,0.862125,0.8631249999999999,0.8631249999999999,0.8634999999999999,0.8634999999999999,0.8634999999999999,0.8634999999999999,0.8634999999999999,0.8634999999999999
Std curve: 0.007378177281686841,0.005700877125495705,0.009612816964865205,0.013431539375663526,0.011261105629555195,0.010158124826955004,0.010572665226895232,0.007230577431989781,0.007230577431989781,0.009458792206196285,0.009458792206196285,0.009458792206196285,0.005955564624785779,0.0055985489191396585,0.0055985489191396585,0.0055817783904415115,0.0055817783904415115,0.004700398919240795,0.0048637691145859314,0.005341465154805367,0.005341465154805367,0.005341465154805367,0.006105837370909888,0.008162413858657241,0.00808741305981089,0.007108533604056442,0.006862488615655385,0.006862488615655385,0.006317139384246631,0.006232475431158934,0.005514186250028166,0.004700398919240768,0.004619929653144053,0.0033307281486185275,0.0033307281486185275,0.002958039891549787,0.004096492402043484,0.004096492402043484,0.004050462936504911,0.00367848474239053,0.003729108472544062,0.003729108472544062,0.004825064766404674,0.004825064766404674,0.004825064766404674,0.007119515432949063,0.0070445014018026796,0.0070445014018026796,0.004062019202317976,0.004062019202317976,0.00403887360535087,0.004444097208657797,0.004444097208657797,0.00357945526581909,0.00357945526581909,0.0033541019662497,0.0036314597615834895,0.00591079520876843,0.00591079520876843,0.00591079520876843,0.005229125165837973,0.005229125165837973,0.005229125165837973,0.005229125165837973,0.005382262535402751,0.005382262535402751,0.00621741505772296,0.0035222507009013432,0.0035222507009013432,0.0035222507009013432,0.0035222507009013432,0.0035222507009013432,0.003468609231377896,0.003468609231377896,0.0018791620472966132,0.0017410485346480192,0.0017410485346480192,0.0017410485346480192,0.001879162047296606,0.001879162047296606,0.001879162047296606,0.0017853571071357072,0.002186606960566993,0.002186606960566993,0.002186606960566993,0.0021139418156609765,0.0021139418156609765,0.0021139418156609765,0.002755675960631068,0.002698379143115356,0.002698379143115356,0.0031770662567846926,0.002200852107707367,0.002200852107707367,0.002222048604328891,0.002222048604328891,0.002222048604328891,0.002222048604328891,0.002222048604328891,0.002222048604328891

mean_time: , 9475.701935577392
best_solution: , 0.859375
worst_solution: , 0.865625
mean_solution: , 0.8634999999999999
std_solution: , 0.002222048604328891



solutions runs are : 



0.864375

0.859375

0.863125

0.865

0.865625

