# Scenario 473
Mean curve: 0.71675,0.7192500000000001,0.7220000000000001,0.7220000000000001,0.7220833333333333,0.7220833333333333,0.7220833333333333,0.7227499999999999,0.7227499999999999,0.7227499999999999,0.7227499999999999,0.7227499999999999,0.7231666666666667,0.7231666666666667,0.7231666666666667,0.72325,0.72325,0.72325,0.72325,0.7248333333333333,0.725,0.725,0.725,0.725,0.7250833333333333,0.7250833333333333,0.7250833333333333,0.7275,0.7275,0.7275833333333332,0.7279166666666667,0.7279166666666667,0.7279166666666667,0.7279166666666667,0.7279166666666667,0.7279166666666667,0.7279166666666667,0.7279166666666667,0.7283333333333333,0.7283333333333333,0.7283333333333333,0.7283333333333333,0.7283333333333333,0.7283333333333333,0.7283333333333333,0.7283333333333333,0.7283333333333333,0.7283333333333333,0.7284166666666667,0.7285,0.7285,0.7285,0.7289166666666668,0.7289166666666668,0.7289166666666668,0.7289166666666668,0.7289166666666668,0.7289166666666668,0.7289166666666668,0.7289166666666668,0.7289166666666668,0.7289166666666668,0.7290833333333333,0.7290833333333333,0.7290833333333333,0.7290833333333333,0.7290833333333333,0.7290833333333333,0.7290833333333333,0.7290833333333333,0.7290833333333333,0.7290833333333333,0.7290833333333333,0.7290833333333333,0.7296666666666667,0.7296666666666667,0.7296666666666667,0.7296666666666667,0.7296666666666667,0.7296666666666667,0.7296666666666667,0.7296666666666667,0.7296666666666667,0.7296666666666667,0.7296666666666667,0.7296666666666667,0.7296666666666667,0.7296666666666667,0.7296666666666667,0.7296666666666667,0.7296666666666667,0.7296666666666667,0.7296666666666667,0.7296666666666667,0.7296666666666667,0.7296666666666667,0.7296666666666667,0.7296666666666667,0.7296666666666667,0.7296666666666667
Std curve: 0.005745771391979426,0.0069241926926136834,0.0037767563978748833,0.0037767563978748833,0.0036609804394148082,0.0036609804394148082,0.0036609804394148082,0.00291785690000192,0.00291785690000192,0.00291785690000192,0.00291785690000192,0.00291785690000192,0.002351122663277637,0.002351122663277637,0.002351122663277637,0.0023775571029478366,0.0023775571029478366,0.0023775571029478366,0.0023775571029478366,0.004310839052125831,0.004149966532662904,0.004149966532662904,0.004149966532662904,0.004149966532662904,0.004077376607575004,0.004077376607575004,0.004077376607575004,0.00417499168329178,0.00417499168329178,0.004136557881996954,0.003689323936863102,0.003689323936863102,0.003689323936863102,0.003689323936863102,0.003689323936863102,0.003689323936863102,0.003689323936863102,0.003689323936863102,0.0035453412310304322,0.0035453412310304322,0.0035453412310304322,0.0035453412310304322,0.0035453412310304322,0.0035453412310304322,0.0035453412310304322,0.0035453412310304322,0.0035453412310304322,0.0035453412310304322,0.00353946009693254,0.0034820970692960246,0.0034820970692960246,0.0034820970692960246,0.0033082388735465175,0.0033082388735465175,0.0033082388735465175,0.0033082388735465175,0.0033082388735465175,0.0033082388735465175,0.0033082388735465175,0.0033082388735465175,0.0033082388735465175,0.0033082388735465175,0.0032956199888808484,0.0032956199888808484,0.0032956199888808484,0.0032956199888808484,0.0032956199888808484,0.0032956199888808484,0.0032956199888808484,0.0032956199888808484,0.0032956199888808484,0.0032956199888808484,0.0032956199888808484,0.0032956199888808484,0.00402595744306038,0.00402595744306038,0.00402595744306038,0.00402595744306038,0.00402595744306038,0.00402595744306038,0.00402595744306038,0.00402595744306038,0.00402595744306038,0.00402595744306038,0.00402595744306038,0.00402595744306038,0.00402595744306038,0.00402595744306038,0.00402595744306038,0.00402595744306038,0.00402595744306038,0.00402595744306038,0.00402595744306038,0.00402595744306038,0.00402595744306038,0.00402595744306038,0.00402595744306038,0.00402595744306038,0.00402595744306038,0.00402595744306038

mean_time: , 15891.108577203751
best_solution: , 0.7233333333333334
worst_solution: , 0.7354166666666667
mean_solution: , 0.7296666666666667
std_solution: , 0.00402595744306038



solutions runs are : 



0.7233333333333334

0.7320833333333333

0.7291666666666666

0.7354166666666667

0.7283333333333334

