# Scenario 187
Mean curve: 0.6826333333333333,0.6826333333333333,0.6826333333333333,0.6826333333333333,0.6826333333333333,0.6826333333333333,0.6847333333333333,0.6847333333333333,0.6852,0.6859666666666666,0.6863333333333334,0.6878333333333334,0.6884666666666667,0.6889000000000001,0.6889000000000001,0.6889000000000001,0.6889000000000001,0.6889000000000001,0.6907666666666666,0.6924666666666666,0.6924666666666666,0.6937,0.6937,0.6937,0.694,0.694,0.694,0.694,0.6941999999999999,0.6941999999999999,0.6941999999999999,0.6941999999999999,0.6941999999999999,0.6941999999999999,0.6941999999999999,0.6941999999999999,0.6941999999999999,0.6941999999999999,0.6941999999999999,0.6943333333333334,0.6943333333333334,0.6945666666666666,0.6945666666666666,0.6945666666666666,0.6963666666666666,0.6963666666666666,0.6963666666666666,0.6986333333333332,0.6986333333333332,0.6986333333333332,0.6987333333333333,0.6987333333333333,0.6987333333333333,0.6987333333333333,0.6987333333333333,0.6987333333333333,0.6987333333333333,0.7030666666666667,0.7030666666666667,0.7030666666666667,0.7030666666666667,0.7030666666666667,0.7040333333333334,0.7040333333333334,0.7040333333333334,0.7040333333333334,0.7040333333333334,0.7040333333333334,0.7040333333333334,0.7040333333333334,0.7040333333333334,0.7040333333333334,0.7040333333333334,0.7040333333333334,0.7040333333333334,0.7040333333333334,0.7040333333333334,0.7040333333333334,0.7040333333333334,0.7040333333333334,0.7040333333333334,0.7055,0.7062333333333333,0.7062333333333333,0.7062333333333333,0.7062333333333333,0.7062333333333333,0.7062333333333333,0.7062333333333333,0.7062333333333333,0.7062333333333333,0.7062333333333333,0.7062333333333333,0.7062333333333333,0.7066666666666667,0.7066666666666667,0.7068333333333333,0.7068333333333333,0.7068333333333333,0.7072666666666667
Std curve: 0.005752680534614577,0.005752680534614577,0.005752680534614577,0.005752680534614577,0.005752680534614577,0.005752680534614577,0.005029468715038943,0.005029468715038943,0.004493699292713445,0.005278257288158658,0.0049508697327955474,0.006709032054708855,0.005952030465871842,0.005542362111751427,0.005542362111751427,0.005542362111751427,0.005542362111751427,0.005542362111751427,0.006279242700269577,0.005395883204402732,0.005395883204402732,0.0032581521688766395,0.0032581521688766395,0.0032581521688766395,0.0028205594401741405,0.0028205594401741405,0.0028205594401741405,0.0028205594401741405,0.002565584187319166,0.002565584187319166,0.002565584187319166,0.002565584187319166,0.002565584187319166,0.002565584187319166,0.002565584187319166,0.002565584187319166,0.002565584187319166,0.002565584187319166,0.002565584187319166,0.002489979919597728,0.002489979919597728,0.002423496097239123,0.002423496097239123,0.002423496097239123,0.002567748689676118,0.002567748689676118,0.002567748689676118,0.004233989450467111,0.004233989450467111,0.004233989450467111,0.004196029869610886,0.004196029869610886,0.004196029869610886,0.004196029869610886,0.004196029869610886,0.004196029869610886,0.004196029869610886,0.006070511602090149,0.006070511602090149,0.006070511602090149,0.006070511602090149,0.006070511602090149,0.0067539288977272755,0.0067539288977272755,0.0067539288977272755,0.0067539288977272755,0.0067539288977272755,0.0067539288977272755,0.0067539288977272755,0.0067539288977272755,0.0067539288977272755,0.0067539288977272755,0.0067539288977272755,0.0067539288977272755,0.0067539288977272755,0.0067539288977272755,0.0067539288977272755,0.0067539288977272755,0.0067539288977272755,0.0067539288977272755,0.0067539288977272755,0.005961916172208761,0.004590570044486146,0.004590570044486146,0.004590570044486146,0.004590570044486146,0.004590570044486146,0.004590570044486146,0.004590570044486146,0.004590570044486146,0.004590570044486146,0.004590570044486146,0.004590570044486146,0.004590570044486146,0.00381371792932365,0.00381371792932365,0.0035260932110954607,0.0035260932110954607,0.0035260932110954607,0.0028256759270030617

mean_time: , 33007.93736515045
best_solution: , 0.703
worst_solution: , 0.7105
mean_solution: , 0.7072666666666667
std_solution: , 0.0028256759270030617



solutions runs are : 



0.7095

0.705

0.703

0.7105

0.7083333333333334

