# Scenario 108
Mean curve: 0.8004999999999999,0.8076666666666666,0.828,0.8328333333333333,0.8333333333333334,0.8394999999999999,0.8470000000000001,0.8470000000000001,0.8475000000000001,0.8475000000000001,0.8476666666666667,0.8530000000000001,0.8541666666666667,0.8541666666666667,0.8541666666666667,0.8541666666666667,0.8561666666666667,0.8623333333333333,0.8623333333333333,0.8658333333333333,0.8691666666666666,0.8714999999999999,0.8714999999999999,0.8714999999999999,0.8714999999999999,0.875,0.8768333333333335,0.8768333333333335,0.8770000000000001,0.8770000000000001,0.8781666666666668,0.8781666666666668,0.8781666666666668,0.8836666666666668,0.8838333333333332,0.8838333333333332,0.884,0.8846666666666666,0.8869999999999999,0.8869999999999999,0.8883333333333333,0.8883333333333333,0.8883333333333333,0.8883333333333333,0.8883333333333333,0.8883333333333333,0.8883333333333333,0.8891666666666668,0.8891666666666668,0.8891666666666668,0.8891666666666668,0.8891666666666668,0.8891666666666668,0.8896666666666666,0.8901666666666668,0.8901666666666668,0.8901666666666668,0.8916666666666668,0.892,0.8955,0.8955,0.8955,0.8955,0.8955,0.8955,0.8955,0.8976666666666666,0.8976666666666666,0.8976666666666666,0.8976666666666666,0.8976666666666666,0.8976666666666666,0.8976666666666666,0.8976666666666666,0.8976666666666666,0.8976666666666666,0.8976666666666666,0.8976666666666666,0.8976666666666666,0.8976666666666666,0.8976666666666666,0.9011666666666667,0.9011666666666667,0.9011666666666667,0.9011666666666667,0.9011666666666667,0.9011666666666667,0.9011666666666667,0.9011666666666667,0.9011666666666667,0.9011666666666667,0.9011666666666667,0.9011666666666667,0.9011666666666667,0.9011666666666667,0.9011666666666667,0.9011666666666667,0.9011666666666667,0.9013333333333333,0.9013333333333333
Std curve: 0.015613384571507186,0.011872002545672103,0.016402913020422804,0.009994442900376635,0.009472181492255207,0.012288205727444507,0.016258331197676258,0.016258331197676258,0.015572411502397443,0.015572411502397443,0.015629388272666914,0.011626120017730193,0.009530652303663859,0.009530652303663859,0.009530652303663859,0.009530652303663859,0.006337717780610506,0.004606758320361751,0.004606758320361751,0.009113482076328228,0.007051398600435394,0.011394443090091454,0.011394443090091454,0.011394443090091454,0.011394443090091454,0.010762589527308615,0.009134793070696475,0.009134793070696475,0.009436925111261379,0.009436925111261379,0.010074720839804948,0.010074720839804948,0.010074720839804948,0.01316139134826642,0.012970050972229141,0.012970050972229141,0.012806248474865688,0.012797569213634969,0.010640593133008224,0.010640593133008224,0.008913161304747284,0.008913161304747284,0.008913161304747284,0.008913161304747284,0.008913161304747284,0.008913161304747284,0.008913161304747284,0.008349983366583562,0.008349983366583562,0.008349983366583562,0.008349983366583562,0.008349983366583562,0.008349983366583562,0.008701851654804396,0.008488554385497888,0.008488554385497888,0.008488554385497888,0.010027739304327554,0.009597453365925306,0.010469532516359603,0.010469532516359603,0.010469532516359603,0.010469532516359603,0.010469532516359603,0.010469532516359603,0.010469532516359603,0.007824463062870322,0.007824463062870322,0.007824463062870322,0.007824463062870322,0.007824463062870322,0.007824463062870322,0.007824463062870322,0.007824463062870322,0.007824463062870322,0.007824463062870322,0.007824463062870322,0.007824463062870322,0.007824463062870322,0.007824463062870322,0.007824463062870322,0.005233439489369183,0.005233439489369183,0.005233439489369183,0.005233439489369183,0.005233439489369183,0.005233439489369183,0.005233439489369183,0.005233439489369183,0.005233439489369183,0.005233439489369183,0.005233439489369183,0.005233439489369183,0.005233439489369183,0.005233439489369183,0.005233439489369183,0.005233439489369183,0.005233439489369183,0.005312459150169734,0.005312459150169734

mean_time: , 4346.869641733169
best_solution: , 0.8908333333333334
worst_solution: , 0.905
mean_solution: , 0.9013333333333333
std_solution: , 0.005312459150169734



solutions runs are : 



0.9025

0.905

0.9041666666666667

0.8908333333333334

0.9041666666666667

