# Scenario 225
Mean curve: 0.7491666666666668,0.7581666666666667,0.7694166666666667,0.7697499999999999,0.7735000000000001,0.7855833333333333,0.7881666666666667,0.7881666666666667,0.7942500000000001,0.7950000000000002,0.7955833333333334,0.8038333333333334,0.8045000000000002,0.8046666666666666,0.8061666666666667,0.808,0.8124166666666666,0.8124166666666666,0.81425,0.81425,0.8172500000000001,0.8224166666666667,0.8224166666666667,0.8224166666666667,0.8245833333333333,0.8245833333333333,0.8275,0.8310833333333333,0.8310833333333333,0.8325833333333333,0.8364166666666666,0.8394166666666667,0.8394166666666667,0.8394166666666667,0.84175,0.8443333333333334,0.84575,0.84575,0.8480000000000001,0.8480000000000001,0.8504166666666666,0.8545833333333333,0.8565833333333334,0.8565833333333334,0.8585,0.8591666666666666,0.8591666666666666,0.8591666666666666,0.8591666666666666,0.8605,0.8612500000000001,0.8640000000000001,0.8640000000000001,0.8640000000000001,0.8640000000000001,0.8640000000000001,0.8640000000000001,0.8640000000000001,0.8640000000000001,0.8640000000000001,0.8647500000000001,0.8647500000000001,0.8660833333333333,0.8660833333333333,0.8675833333333334,0.8679166666666667,0.8686666666666667,0.8714999999999999,0.8714999999999999,0.8719166666666667,0.8719999999999999,0.8734166666666667,0.8736666666666668,0.87375,0.8738333333333334,0.8738333333333334,0.8738333333333334,0.8738333333333334,0.8738333333333334,0.8738333333333334,0.8759166666666666,0.8759166666666666,0.8759166666666666,0.87775,0.87775,0.8801666666666665,0.8820833333333333,0.8820833333333333,0.8848333333333332,0.8848333333333332,0.8854166666666667,0.8864166666666666,0.8864166666666666,0.8864166666666666,0.8864166666666666,0.8868333333333334,0.8875,0.8880000000000001,0.8880000000000001,0.8881666666666668
Std curve: 0.014397627119309173,0.012054851489937339,0.01494573517763513,0.014758707411031784,0.017526963354912477,0.012322630491182594,0.007699206308300754,0.007699206308300754,0.013206164385535188,0.013215626272628097,0.013340102448382227,0.013476831971943564,0.012492775690151682,0.01269131373989487,0.012467736139510044,0.01276496942591106,0.011903547557112738,0.011903547557112738,0.009683892697555948,0.009683892697555948,0.013574895129531486,0.010248306093095487,0.010248306093095487,0.010248306093095487,0.01205312315450971,0.01205312315450971,0.01468890359723589,0.012868458424466501,0.012868458424466501,0.013232430699694701,0.012617778462682461,0.009039266194406119,0.009039266194406119,0.009039266194406119,0.011466739340854957,0.008927174493894702,0.008409650541028565,0.008409650541028565,0.008765462528203144,0.008765462528203144,0.007134618264334671,0.005237418787490243,0.006063323254527096,0.006063323254527096,0.004798726682962655,0.003593976442141315,0.003593976442141315,0.003593976442141315,0.003593976442141315,0.0018333333333333342,0.0030390970881350845,0.00832332732612249,0.00832332732612249,0.00832332732612249,0.00832332732612249,0.00832332732612249,0.00832332732612249,0.00832332732612249,0.00832332732612249,0.00832332732612249,0.008056226025737948,0.008056226025737948,0.007484242706439218,0.007484242706439218,0.00793812880273989,0.008486099745400641,0.008132581932503907,0.008247895354439073,0.008247895354439073,0.008360788107455998,0.008305787807975282,0.00786783183461477,0.008153901588265022,0.00815645620216142,0.008170917261170167,0.008170917261170167,0.008170917261170167,0.008170917261170167,0.008170917261170167,0.008170917261170167,0.011122424795580033,0.011122424795580033,0.011122424795580033,0.008614425885300406,0.008614425885300406,0.00928933079756916,0.008830974527825983,0.008830974527825983,0.006081620763506333,0.006081620763506333,0.00545817429793762,0.004877670208887311,0.004877670208887311,0.004877670208887311,0.004877670208887311,0.004414307546049688,0.005670341945401334,0.00557399716939688,0.00557399716939688,0.005455629101110968

mean_time: , 7685.922234678268
best_solution: , 0.8825
worst_solution: , 0.8983333333333333
mean_solution: , 0.8881666666666668
std_solution: , 0.005455629101110968



solutions runs are : 



0.8879166666666667

0.8983333333333333

0.8875

0.8845833333333334

0.8825

