# Scenario 193
Mean curve: 0.7113333333333334,0.7162,0.7222666666666667,0.7233333333333334,0.7242,0.7242,0.7254,0.7254,0.7254,0.7273333333333334,0.7310666666666666,0.7318,0.7318,0.7318,0.7336666666666667,0.7355333333333334,0.7355333333333334,0.7355333333333334,0.7355333333333334,0.7355333333333334,0.7355333333333334,0.7363333333333333,0.7363333333333333,0.7363333333333333,0.7363333333333333,0.7363333333333333,0.7363333333333333,0.7363333333333333,0.7363333333333333,0.7372666666666666,0.7372666666666666,0.7372666666666666,0.7372666666666666,0.7372666666666666,0.7372666666666666,0.7372666666666666,0.7386,0.7386,0.7386,0.7394666666666667,0.7396666666666667,0.7396666666666667,0.7396666666666667,0.7396666666666667,0.7419333333333333,0.7419333333333333,0.7426666666666667,0.7438,0.7438,0.7438,0.7438,0.7444,0.7444,0.7444,0.7444,0.7444,0.7444,0.7444,0.7444,0.7444,0.7444,0.7444,0.7444,0.7444,0.7444,0.7444,0.7444,0.7450666666666667,0.7470666666666667,0.7470666666666667,0.7470666666666667,0.7470666666666667,0.7470666666666667,0.7470666666666667,0.7470666666666667,0.7470666666666667,0.7470666666666667,0.7470666666666667,0.7470666666666667,0.7483333333333333,0.7483333333333333,0.7483333333333333,0.7483333333333333,0.7483333333333333,0.7483333333333333,0.7483333333333333,0.7483333333333333,0.7483333333333333,0.7483333333333333,0.7483333333333333,0.7483333333333333,0.75,0.7519333333333333,0.7519333333333333,0.7519333333333333,0.7519333333333333,0.7519333333333333,0.7528666666666666,0.7528666666666666,0.7528666666666666
Std curve: 0.00387011340632,0.009555917305814012,0.00858525868373613,0.007763160868271797,0.007151068296260198,0.007151068296260198,0.005763486599080262,0.005763486599080262,0.005763486599080262,0.004802776974487427,0.0051527770290505474,0.0043949465930265144,0.0043949465930265144,0.0043949465930265144,0.00407158172922731,0.0034227993741315996,0.0034227993741315996,0.0034227993741315996,0.0034227993741315996,0.0034227993741315996,0.0034227993741315996,0.0020869967789998115,0.0020869967789998115,0.0020869967789998115,0.0020869967789998115,0.0020869967789998115,0.0020869967789998115,0.0020869967789998115,0.0020869967789998115,0.0021746008573733516,0.0021746008573733516,0.0021746008573733516,0.0021746008573733516,0.0021746008573733516,0.0021746008573733516,0.0021746008573733516,0.0029469381473734026,0.0029469381473734026,0.0029469381473734026,0.003981066300488972,0.0036817870057290936,0.0036817870057290936,0.0036817870057290936,0.0036817870057290936,0.005575342540548019,0.005575342540548019,0.006182412330330474,0.006410408203331002,0.006410408203331002,0.006410408203331002,0.006410408203331002,0.005583308457656031,0.005583308457656031,0.005583308457656031,0.005583308457656031,0.005583308457656031,0.005583308457656031,0.005583308457656031,0.005583308457656031,0.005583308457656031,0.005583308457656031,0.005583308457656031,0.005583308457656031,0.005583308457656031,0.005583308457656031,0.005583308457656031,0.005583308457656031,0.006071426704014667,0.004682829154356256,0.004682829154356256,0.004682829154356256,0.004682829154356256,0.004682829154356256,0.004682829154356256,0.004682829154356256,0.004682829154356256,0.004682829154356256,0.004682829154356256,0.004682829154356256,0.005387227693556525,0.005387227693556525,0.005387227693556525,0.005387227693556525,0.005387227693556525,0.005387227693556525,0.005387227693556525,0.005387227693556525,0.005387227693556525,0.005387227693556525,0.005387227693556525,0.005387227693556525,0.007609935026733882,0.008306356334492025,0.008306356334492025,0.008306356334492025,0.008306356334492025,0.008306356334492025,0.008373503182990722,0.008373503182990722,0.008373503182990722

mean_time: , 18053.923133802415
best_solution: , 0.738
worst_solution: , 0.762
mean_solution: , 0.7528666666666666
std_solution: , 0.008373503182990722



solutions runs are : 



0.762

0.7553333333333333

0.7586666666666667

0.738

0.7503333333333333

