# Scenario 59
Mean curve: 0.7254999999999999,0.7418333333333333,0.7568333333333334,0.7713333333333334,0.7833333333333333,0.7991666666666667,0.8113333333333334,0.8198333333333332,0.8283333333333334,0.8388333333333333,0.8441666666666666,0.8503333333333334,0.8554999999999999,0.8596666666666666,0.8683333333333334,0.8743333333333334,0.8781666666666667,0.8828333333333334,0.8873333333333333,0.8896666666666666,0.8948333333333334,0.897,0.9008333333333333,0.9035,0.906,0.9126666666666667,0.9155,0.9188333333333333,0.9241666666666667,0.9248333333333333,0.9248333333333333,0.9258333333333333,0.9279999999999999,0.9279999999999999,0.9306666666666666,0.9313333333333332,0.9313333333333332,0.9318333333333333,0.9318333333333333,0.9356666666666668,0.9356666666666668,0.9356666666666668,0.9356666666666668,0.9356666666666668,0.9371666666666668,0.9371666666666668,0.9413333333333332,0.943,0.943,0.943,0.943,0.9455,0.9455,0.9466666666666667,0.9466666666666667,0.9466666666666667,0.9466666666666667,0.9466666666666667,0.9468333333333334,0.9468333333333334,0.9471666666666666,0.9475,0.9488333333333333,0.9491666666666667,0.9494999999999999,0.95,0.95,0.95,0.9515,0.9515,0.9515,0.9515,0.9515,0.9515,0.9515,0.9518333333333334,0.9518333333333334,0.9518333333333334,0.9518333333333334,0.9518333333333334,0.9518333333333334,0.9518333333333334,0.9518333333333334,0.9518333333333334,0.9518333333333334,0.9518333333333334,0.9518333333333334,0.9518333333333334,0.9518333333333334,0.9518333333333334,0.9518333333333334,0.9518333333333334,0.9518333333333334,0.9518333333333334,0.9518333333333334,0.9518333333333334,0.9518333333333334,0.9518333333333334,0.9518333333333334,0.952
Std curve: 0.004490731195102491,0.009935905707192579,0.01336870308677034,0.008003471469028625,0.011205157542647726,0.013070322617798454,0.012002314591592565,0.01246550796754344,0.01685724374465372,0.01161416759345625,0.013091557924436998,0.012501111061732798,0.014602130742539686,0.011768602295939836,0.009324400487132912,0.011222497246354934,0.014466436250085155,0.012411911841273904,0.0117898261225516,0.009466314547441944,0.008017342313870463,0.007828012377211585,0.00621378396076908,0.0029533408577782304,0.0036285901761795697,0.004027681991198177,0.0017950549357114935,0.0026140645235596667,0.004216370213557832,0.00509356892997872,0.00509356892997872,0.005502524673073075,0.004236088342379629,0.004236088342379629,0.0058547226900834545,0.005180090089306692,0.005180090089306692,0.005537749241945384,0.005537749241945384,0.005537749241945398,0.005537749241945398,0.005537749241945398,0.005537749241945398,0.005537749241945398,0.005906681715556441,0.005906681715556441,0.008442616761275966,0.00817516564562048,0.00817516564562048,0.00817516564562048,0.00817516564562048,0.008276472678623427,0.008276472678623427,0.006912147117775911,0.006912147117775911,0.006912147117775911,0.006912147117775911,0.006912147117775911,0.00681909084849293,0.00681909084849293,0.006679154969837968,0.006603870918719657,0.006964194138592073,0.006433419688539596,0.0059301489582190905,0.005244044240850769,0.005244044240850769,0.005244044240850769,0.004636809247747851,0.004636809247747851,0.004636809247747851,0.004636809247747851,0.004636809247747851,0.004636809247747851,0.004636809247747851,0.004062019202318006,0.004062019202318006,0.004062019202318006,0.004062019202318006,0.004062019202318006,0.004062019202318006,0.004062019202318006,0.004062019202318006,0.004062019202318006,0.004062019202318006,0.004062019202318006,0.004062019202318006,0.004062019202318006,0.004062019202318006,0.004062019202318006,0.004062019202318006,0.004062019202318006,0.004062019202318006,0.004062019202318006,0.004062019202318006,0.004062019202318006,0.004062019202318006,0.004062019202318006,0.004062019202318006,0.0037859388972002013

mean_time: , 6596.058126974106
best_solution: , 0.9458333333333333
worst_solution: , 0.9575
mean_solution: , 0.952
std_solution: , 0.0037859388972002013



solutions runs are : 



0.9533333333333334

0.9458333333333333

0.9525

0.9575

0.9508333333333333

