# Scenario 470
Mean curve: 0.7450833333333333,0.7475833333333334,0.7504166666666666,0.7504166666666666,0.7505833333333334,0.7505833333333334,0.7505833333333334,0.7505833333333334,0.7505833333333334,0.7505833333333334,0.7505833333333334,0.7509166666666667,0.7518333333333332,0.7518333333333332,0.7536666666666667,0.7536666666666667,0.7536666666666667,0.7536666666666667,0.7536666666666667,0.7536666666666667,0.7536666666666667,0.7540833333333333,0.7541666666666667,0.7541666666666667,0.7541666666666667,0.7541666666666667,0.7544166666666667,0.7544166666666667,0.7544166666666667,0.7544166666666667,0.7544166666666667,0.7544166666666667,0.7544166666666667,0.7544166666666667,0.7544166666666667,0.7544166666666667,0.7545833333333334,0.7545833333333334,0.7545833333333334,0.7545833333333334,0.7545833333333334,0.7545833333333334,0.7555000000000001,0.7555000000000001,0.7555000000000001,0.7555000000000001,0.7555000000000001,0.7555833333333333,0.7555833333333333,0.7560833333333333,0.7560833333333333,0.7560833333333333,0.7560833333333333,0.7560833333333333,0.7560833333333333,0.7560833333333333,0.7560833333333333,0.7560833333333333,0.7560833333333333,0.7560833333333333,0.7560833333333333,0.7560833333333333,0.7560833333333333,0.7560833333333333,0.7560833333333333,0.7560833333333333,0.7560833333333333,0.7560833333333333,0.7560833333333333,0.7560833333333333,0.7560833333333333,0.7560833333333333,0.7560833333333333,0.7560833333333333,0.7560833333333333,0.7560833333333333,0.7560833333333333,0.7560833333333333,0.7560833333333333,0.7560833333333333,0.7560833333333333,0.7560833333333333,0.7560833333333333,0.7560833333333333,0.7560833333333333,0.7560833333333333,0.7560833333333333,0.7560833333333333,0.7560833333333333,0.7560833333333333,0.7560833333333333,0.7560833333333333,0.7560833333333333,0.7560833333333333,0.7560833333333333,0.7560833333333333,0.7560833333333333,0.7560833333333333,0.7560833333333333,0.7560833333333333
Std curve: 0.0046948553403344286,0.004276875806785455,0.004894725051862812,0.004894725051862812,0.004863412153804964,0.004863412153804964,0.004863412153804964,0.004863412153804964,0.004863412153804964,0.004863412153804964,0.004863412153804964,0.004869120385997188,0.005333333333333335,0.005333333333333335,0.005871304984602852,0.005871304984602852,0.005871304984602852,0.005871304984602852,0.005871304984602852,0.005871304984602852,0.005871304984602852,0.005051127486897256,0.0048876260995383775,0.0048876260995383775,0.0048876260995383775,0.0048876260995383775,0.004398547740132211,0.004398547740132211,0.004398547740132211,0.004398547740132211,0.004398547740132211,0.004398547740132211,0.004398547740132211,0.004398547740132211,0.004398547740132211,0.004398547740132211,0.004073968853860093,0.004073968853860093,0.004073968853860093,0.004073968853860093,0.004073968853860093,0.004073968853860093,0.004552166761249218,0.004552166761249218,0.004552166761249218,0.004552166761249218,0.004552166761249218,0.004629314804110373,0.004629314804110373,0.003676124166685473,0.003676124166685473,0.003676124166685473,0.003676124166685473,0.003676124166685473,0.003676124166685473,0.003676124166685473,0.003676124166685473,0.003676124166685473,0.003676124166685473,0.003676124166685473,0.003676124166685473,0.003676124166685473,0.003676124166685473,0.003676124166685473,0.003676124166685473,0.003676124166685473,0.003676124166685473,0.003676124166685473,0.003676124166685473,0.003676124166685473,0.003676124166685473,0.003676124166685473,0.003676124166685473,0.003676124166685473,0.003676124166685473,0.003676124166685473,0.003676124166685473,0.003676124166685473,0.003676124166685473,0.003676124166685473,0.003676124166685473,0.003676124166685473,0.003676124166685473,0.003676124166685473,0.003676124166685473,0.003676124166685473,0.003676124166685473,0.003676124166685473,0.003676124166685473,0.003676124166685473,0.003676124166685473,0.003676124166685473,0.003676124166685473,0.003676124166685473,0.003676124166685473,0.003676124166685473,0.003676124166685473,0.003676124166685473,0.003676124166685473,0.003676124166685473

mean_time: , 16052.180784511565
best_solution: , 0.7491666666666666
worst_solution: , 0.76
mean_solution: , 0.7560833333333333
std_solution: , 0.003676124166685473



solutions runs are : 



0.76

0.75625

0.7579166666666667

0.7570833333333333

0.7491666666666666

