# Scenario 390
Mean curve: 0.7205333333333334,0.7238666666666667,0.7302,0.7337333333333333,0.7351333333333333,0.7362,0.7389333333333333,0.7390666666666666,0.7400666666666667,0.7405999999999999,0.7408666666666667,0.7414,0.7417333333333334,0.7433333333333334,0.7433333333333334,0.7434000000000001,0.7434000000000001,0.7446666666666666,0.7452,0.7455333333333333,0.7455333333333333,0.7455333333333333,0.7463333333333332,0.7465999999999999,0.7487999999999999,0.7487999999999999,0.7487999999999999,0.7494666666666667,0.7500666666666667,0.7500666666666667,0.7502666666666669,0.7514666666666667,0.7514666666666667,0.7516,0.7516,0.7522,0.7522,0.7522,0.7522,0.7524000000000001,0.7534000000000001,0.7544000000000001,0.7544000000000001,0.7544000000000001,0.7555999999999999,0.7555999999999999,0.7555999999999999,0.7555999999999999,0.7555999999999999,0.7555999999999999,0.7555999999999999,0.7555999999999999,0.7558,0.7558,0.7578,0.7578,0.7580666666666667,0.7580666666666667,0.7580666666666667,0.7589333333333333,0.7599333333333333,0.7599333333333333,0.7616666666666667,0.7624666666666666,0.7624666666666666,0.7624666666666666,0.7624666666666666,0.7624666666666666,0.7624666666666666,0.7624666666666666,0.7638666666666667,0.7638666666666667,0.7644,0.7644,0.7653333333333332,0.7655333333333333,0.7656666666666666,0.7659333333333334,0.7667333333333334,0.7667333333333334,0.7667333333333334,0.7667333333333334,0.7668,0.7668,0.7668,0.7668,0.7668,0.7672666666666667,0.7672666666666667,0.7674666666666666,0.7674666666666666,0.7674666666666666,0.7684,0.7684,0.7685333333333333,0.7685333333333333,0.7685333333333333,0.7685333333333333,0.7685333333333333,0.7685333333333333
Std curve: 0.004796294866294668,0.0031382939455839587,0.005844655678480988,0.007409903283219451,0.007054076835419354,0.008103771412812134,0.006684642432056067,0.0066579943593314105,0.00699015180251632,0.006783640451687991,0.006741579109443778,0.007575985451118266,0.007558365490560043,0.008851867348506504,0.008851867348506504,0.008842825089051327,0.008842825089051327,0.010108302418199513,0.010041248262375896,0.010056727985670989,0.010056727985670989,0.010056727985670989,0.009230384607371502,0.009255388820693756,0.006499914529352628,0.006499914529352628,0.006499914529352628,0.005721693610966777,0.0056936611927456676,0.0056936611927456676,0.005786574500034078,0.006382615277280749,0.006382615277280749,0.006223253882727985,0.006223253882727985,0.006859219262342392,0.006859219262342392,0.006859219262342392,0.006859219262342392,0.0066379381002102025,0.007784314713290793,0.007349678753372666,0.007349678753372666,0.007349678753372666,0.006826093725957429,0.006826093725957429,0.006826093725957429,0.006826093725957429,0.006826093725957429,0.006826093725957429,0.006826093725957429,0.006826093725957429,0.006868931665275325,0.006868931665275325,0.008376156636548766,0.008376156636548766,0.008502025902362579,0.008502025902362579,0.008502025902362579,0.008749349182145538,0.01016617485149212,0.01016617485149212,0.012314399881620053,0.012530141437527507,0.012530141437527507,0.012530141437527507,0.012530141437527507,0.012530141437527507,0.012530141437527507,0.012530141437527507,0.01275164477408478,0.01275164477408478,0.012048789704087827,0.012048789704087827,0.011771906293280508,0.011544310768127753,0.011506519890913986,0.01146085123850364,0.011484095281929865,0.011484095281929865,0.011484095281929865,0.011484095281929865,0.011463177763798477,0.011463177763798477,0.011463177763798477,0.011463177763798477,0.011463177763798477,0.011576604760368092,0.011576604760368092,0.011710584006691449,0.011710584006691449,0.011710584006691449,0.013023739009123958,0.013023739009123958,0.013222203548072698,0.013222203548072698,0.013222203548072698,0.013222203548072698,0.013222203548072698,0.013222203548072698

mean_time: , 18054.38786149025
best_solution: , 0.7476666666666667
worst_solution: , 0.7883333333333333
mean_solution: , 0.7685333333333333
std_solution: , 0.013222203548072698



solutions runs are : 



0.7633333333333333

0.7476666666666667

0.7716666666666666

0.7716666666666666

0.7883333333333333

