# Scenario 375
Mean curve: 0.729875,0.7368750000000001,0.744,0.7450000000000001,0.7512500000000001,0.7512500000000001,0.753625,0.7537499999999999,0.75475,0.7555000000000001,0.7578750000000001,0.7585,0.759,0.76325,0.76325,0.76325,0.7665,0.7665,0.7695,0.7703749999999999,0.7735,0.7735,0.7735,0.7735,0.7735,0.7735,0.7735,0.7735,0.7735,0.7735,0.7737499999999999,0.7737499999999999,0.7737499999999999,0.7737499999999999,0.77425,0.7747499999999999,0.7747499999999999,0.775125,0.775875,0.776875,0.776875,0.777125,0.777125,0.7773749999999999,0.778125,0.77825,0.778875,0.778875,0.782625,0.782625,0.783625,0.7855,0.7855,0.7855,0.78575,0.78575,0.78575,0.78575,0.78575,0.786125,0.786125,0.7863749999999999,0.7863749999999999,0.7865,0.7865,0.7865,0.787125,0.787625,0.787625,0.7879999999999999,0.7883749999999999,0.7888749999999999,0.7892499999999999,0.7895,0.7896249999999999,0.7896249999999999,0.7896249999999999,0.790125,0.792375,0.792375,0.7933749999999999,0.796625,0.797,0.7975000000000001,0.798,0.8005000000000001,0.8005000000000001,0.8015000000000001,0.8018750000000001,0.8018750000000001,0.802375,0.802375,0.802375,0.8030000000000002,0.8030000000000002,0.8030000000000002,0.8032499999999999,0.8032499999999999,0.8057500000000001,0.8057500000000001
Std curve: 0.005908151149048205,0.010300182037226338,0.006169481339626528,0.0054486236794258425,0.005015600661934693,0.005015600661934693,0.0027782638463615924,0.0025920551691659523,0.0028668362352949044,0.003820176697484015,0.00802924342637584,0.007951021946894603,0.00802924342637584,0.013960882851739692,0.013960882851739692,0.013960882851739692,0.01403455556831064,0.01403455556831064,0.012357942789963047,0.012689808903210469,0.013639327329454323,0.013639327329454323,0.013639327329454323,0.013639327329454323,0.013639327329454323,0.013639327329454323,0.013639327329454323,0.013639327329454323,0.013639327329454323,0.013639327329454323,0.013834964763236658,0.013834964763236658,0.013834964763236658,0.013834964763236658,0.014270818126512569,0.01409011178096184,0.01409011178096184,0.013999999999999986,0.01305995788660898,0.012106300012803236,0.012106300012803236,0.012116620816052618,0.012116620816052618,0.011661903789690595,0.010322911411031272,0.010303215517497423,0.010295630140986986,0.010295630140986986,0.011920308301382142,0.011920308301382142,0.011867760951417927,0.00990896059130323,0.00990896059130323,0.00990896059130323,0.01016581280567375,0.01016581280567375,0.01016581280567375,0.01016581280567375,0.01016581280567375,0.010348611017909617,0.010348611017909617,0.010165812805673732,0.010165812805673732,0.010236271293786622,0.010236271293786622,0.010236271293786622,0.009871043511199827,0.009685685313905264,0.009685685313905264,0.0096128169648652,0.010190375361094404,0.010073169808952889,0.010660968530110221,0.010842624221100739,0.011043946305555831,0.011043946305555831,0.011043946305555831,0.011021286222578575,0.013154134331076301,0.013154134331076301,0.013843996893960965,0.017205558694793965,0.01678634117370428,0.01626441668182416,0.01578864307025782,0.014248903466582962,0.014248903466582962,0.01409011178096185,0.013715866724345206,0.013715866724345206,0.013729530217745985,0.013729530217745985,0.013729530217745985,0.013505785797205589,0.013505785797205589,0.013505785797205589,0.013248820702236095,0.013248820702236095,0.012483739423746386,0.012483739423746386

mean_time: , 9488.223444461823
best_solution: , 0.79
worst_solution: , 0.828125
mean_solution: , 0.8057500000000001
std_solution: , 0.012483739423746386



solutions runs are : 



0.79

0.800625

0.80375

0.80625

0.828125

