# Scenario 488
Mean curve: 0.6648,0.6652333333333333,0.6670666666666667,0.6670666666666667,0.6670666666666667,0.6699333333333334,0.6708000000000001,0.6708000000000001,0.6708000000000001,0.6708000000000001,0.6708666666666667,0.6708666666666667,0.6708666666666667,0.6708666666666667,0.6708666666666667,0.6708666666666667,0.6708666666666667,0.6708666666666667,0.6708666666666667,0.6722333333333333,0.6722333333333333,0.6722333333333333,0.6722333333333333,0.6722333333333333,0.6722333333333333,0.6728666666666666,0.6728666666666666,0.6728666666666666,0.6728666666666666,0.6728666666666666,0.6732666666666667,0.6732666666666667,0.6732666666666667,0.6732666666666667,0.6732666666666667,0.6741333333333334,0.6741333333333334,0.6741333333333334,0.6741333333333334,0.6741333333333334,0.6741333333333334,0.6741333333333334,0.6741333333333334,0.6741333333333334,0.6741333333333334,0.6741333333333334,0.6741333333333334,0.6769333333333334,0.6769333333333334,0.6769666666666667,0.6772,0.6772,0.6772,0.6784666666666668,0.6784666666666668,0.6793000000000001,0.6793000000000001,0.6793000000000001,0.6793000000000001,0.6793000000000001,0.6793000000000001,0.6793000000000001,0.6793000000000001,0.6793000000000001,0.6793000000000001,0.6793666666666668,0.6801333333333334,0.6801333333333334,0.6801333333333334,0.6804666666666667,0.6804666666666667,0.6804666666666667,0.6804666666666667,0.6804666666666667,0.6804666666666667,0.6804666666666667,0.6804666666666667,0.6804666666666667,0.6808666666666666,0.6808666666666666,0.6814666666666667,0.6814666666666667,0.6814666666666667,0.6819666666666666,0.6819666666666666,0.6820333333333333,0.6820333333333333,0.6820333333333333,0.6820333333333333,0.6820333333333333,0.6820333333333333,0.6820333333333333,0.6820333333333333,0.6820333333333333,0.6820333333333333,0.6820333333333333,0.6820333333333333,0.6820333333333333,0.6820333333333333,0.6820333333333333
Std curve: 0.004760252094164751,0.004580878130276376,0.003514414760825894,0.003514414760825894,0.003514414760825894,0.0039009970235540786,0.003893584466786358,0.003893584466786358,0.003893584466786358,0.003893584466786358,0.003893584466786358,0.003893584466786358,0.003893584466786358,0.003893584466786358,0.003893584466786358,0.003893584466786358,0.003893584466786358,0.003893584466786358,0.003893584466786358,0.0020779263167344957,0.0020779263167344957,0.0020779263167344957,0.0020779263167344957,0.0020779263167344957,0.0020779263167344957,0.0020880613017821184,0.0020880613017821184,0.0020880613017821184,0.0020880613017821184,0.0020880613017821184,0.00276405499221706,0.00276405499221706,0.00276405499221706,0.00276405499221706,0.00276405499221706,0.0043746745910727735,0.0043746745910727735,0.0043746745910727735,0.0043746745910727735,0.0043746745910727735,0.0043746745910727735,0.0043746745910727735,0.0043746745910727735,0.0043746745910727735,0.0043746745910727735,0.0043746745910727735,0.0043746745910727735,0.00574030583776782,0.00574030583776782,0.00570321546731902,0.005459344690019555,0.005459344690019555,0.005459344690019555,0.004931080566727314,0.004931080566727314,0.004004719438085243,0.004004719438085243,0.004004719438085243,0.004004719438085243,0.004004719438085243,0.004004719438085243,0.004004719438085243,0.004004719438085243,0.004004719438085243,0.004004719438085243,0.003920600860979244,0.004111501482967563,0.004111501482967563,0.004111501482967563,0.0036869137952131835,0.0036869137952131835,0.0036869137952131835,0.0036869137952131835,0.0036869137952131835,0.0036869137952131835,0.0036869137952131835,0.0036869137952131835,0.0036869137952131835,0.003264965543462896,0.003264965543462896,0.0037496666518505267,0.0037496666518505267,0.0037496666518505267,0.004311998763141425,0.004311998763141425,0.004223479345016111,0.004223479345016111,0.004223479345016111,0.004223479345016111,0.004223479345016111,0.004223479345016111,0.004223479345016111,0.004223479345016111,0.004223479345016111,0.004223479345016111,0.004223479345016111,0.004223479345016111,0.004223479345016111,0.004223479345016111,0.004223479345016111

mean_time: , 33310.99517431259
best_solution: , 0.6765
worst_solution: , 0.6875
mean_solution: , 0.6820333333333333
std_solution: , 0.004223479345016111



solutions runs are : 



0.6875

0.6765

0.6855

0.6826666666666666

0.678

