# Scenario 191
Mean curve: 0.7311333333333334,0.7370666666666666,0.7386666666666667,0.7412,0.7421333333333333,0.7434666666666667,0.7434666666666667,0.7502000000000001,0.7502000000000001,0.7516,0.753,0.753,0.753,0.753,0.7551333333333333,0.7561333333333333,0.7575333333333334,0.7575333333333334,0.7575333333333334,0.7575333333333334,0.7575333333333334,0.7575333333333334,0.7575333333333334,0.7601333333333333,0.7601333333333333,0.7601333333333333,0.7605333333333333,0.7614,0.7614666666666667,0.7614666666666667,0.7614666666666667,0.7618666666666667,0.7618666666666667,0.7618666666666667,0.7618666666666667,0.7618666666666667,0.7620666666666667,0.7621333333333333,0.7622666666666666,0.7622666666666666,0.7622666666666666,0.7622666666666666,0.7631333333333334,0.7631333333333334,0.7634000000000001,0.7654666666666666,0.7660666666666667,0.7660666666666667,0.7666000000000001,0.7666000000000001,0.7666000000000001,0.7666000000000001,0.7666000000000001,0.7666000000000001,0.7674666666666667,0.7680666666666668,0.7703333333333334,0.7703333333333334,0.7703333333333334,0.7703333333333334,0.7703333333333334,0.7703333333333334,0.7703333333333334,0.7710666666666668,0.7710666666666668,0.7710666666666668,0.7710666666666668,0.7710666666666668,0.7719333333333334,0.7719333333333334,0.7719333333333334,0.7720666666666667,0.7721333333333333,0.7721333333333333,0.7721333333333333,0.7721333333333333,0.7721333333333333,0.7721333333333333,0.7721333333333333,0.7721333333333333,0.7721333333333333,0.7721333333333333,0.7721333333333333,0.7727333333333333,0.7727333333333333,0.7727333333333333,0.7727333333333333,0.7727333333333333,0.7732,0.7732,0.7758,0.7758,0.7761333333333333,0.7761333333333333,0.7761333333333333,0.7761333333333333,0.7761333333333333,0.7764,0.7764,0.7764
Std curve: 0.006079473661428238,0.005915704147061063,0.006164414002968979,0.005310785671107863,0.004344089215371983,0.0038792897402603046,0.0038792897402603046,0.005018189137749014,0.005018189137749014,0.0042967688118192,0.003870113406320004,0.003870113406320004,0.003870113406320004,0.003870113406320004,0.005377318621353559,0.005829427263653135,0.0036672726771933774,0.0036672726771933774,0.0036672726771933774,0.0036672726771933774,0.0036672726771933774,0.0036672726771933774,0.0036672726771933774,0.004112852484049935,0.004112852484049935,0.004112852484049935,0.003612324582438432,0.002862788073811202,0.0027696770770454615,0.0027696770770454615,0.0027696770770454615,0.0022958900476963405,0.0022958900476963405,0.0022958900476963405,0.0022958900476963405,0.0022958900476963405,0.0021333333333333334,0.0020827332469084293,0.002004439517116383,0.002004439517116383,0.002004439517116383,0.002004439517116383,0.0023247461032216855,0.0023247461032216855,0.002653299832284305,0.002445858177045865,0.001289271973720893,0.001289271973720893,0.001651934892448511,0.001651934892448511,0.001651934892448511,0.001651934892448511,0.001651934892448511,0.001651934892448511,0.0030521395046025556,0.0029992591677871884,0.003098386676965946,0.003098386676965946,0.003098386676965946,0.003098386676965946,0.003098386676965946,0.003098386676965946,0.003098386676965946,0.00261958436058515,0.00261958436058515,0.00261958436058515,0.00261958436058515,0.00261958436058515,0.0030287511177601663,0.0030287511177601663,0.0030287511177601663,0.003086889840744073,0.003008137112714257,0.003008137112714257,0.003008137112714257,0.003008137112714257,0.003008137112714257,0.003008137112714257,0.003008137112714257,0.003008137112714257,0.003008137112714257,0.003008137112714257,0.003008137112714257,0.002515728301881777,0.002515728301881777,0.002515728301881777,0.002515728301881777,0.002515728301881777,0.0024908722256359343,0.0024908722256359343,0.004475116385823577,0.004475116385823577,0.00477772609791172,0.00477772609791172,0.00477772609791172,0.00477772609791172,0.00477772609791172,0.0043532873912838525,0.0043532873912838525,0.0043532873912838525

mean_time: , 18067.884559106828
best_solution: , 0.7696666666666667
worst_solution: , 0.7813333333333333
mean_solution: , 0.7764
std_solution: , 0.0043532873912838525



solutions runs are : 



0.7696666666666667

0.775

0.775

0.7813333333333333

0.781

