# Scenario 194
Mean curve: 0.6992666666666666,0.704,0.7050000000000001,0.7072666666666667,0.7085333333333335,0.7111333333333334,0.7127999999999999,0.7127999999999999,0.7132666666666666,0.7136666666666666,0.7152666666666667,0.7162000000000001,0.7162000000000001,0.717,0.7183333333333334,0.7183333333333334,0.7201333333333333,0.7201333333333333,0.7201333333333333,0.7213333333333333,0.722,0.722,0.7229333333333333,0.7234,0.7234,0.7234666666666667,0.7234666666666667,0.7234666666666667,0.7234666666666667,0.7234666666666667,0.7234666666666667,0.7252,0.7263333333333334,0.7263333333333334,0.7263333333333334,0.7263333333333334,0.7263333333333334,0.7263333333333334,0.7263333333333334,0.7263333333333334,0.7263333333333334,0.7263333333333334,0.7263333333333334,0.7263333333333334,0.7263333333333334,0.7263333333333334,0.7263999999999999,0.7264666666666667,0.7264666666666667,0.7271333333333334,0.7271333333333334,0.7271333333333334,0.7271333333333334,0.7271333333333334,0.7271333333333334,0.7271333333333334,0.7282,0.7282,0.7287333333333333,0.7290666666666668,0.7290666666666668,0.7290666666666668,0.7299333333333334,0.7299333333333334,0.7299333333333334,0.7306,0.7306,0.7306,0.7306,0.7317333333333333,0.7317333333333333,0.7317333333333333,0.7319333333333333,0.7319333333333333,0.7319333333333333,0.7319333333333333,0.7319333333333333,0.7319333333333333,0.7319333333333333,0.7319333333333333,0.7321333333333333,0.7321333333333333,0.7326666666666667,0.7326666666666667,0.7326666666666667,0.7326666666666667,0.7331333333333333,0.7331333333333333,0.7331333333333333,0.7331333333333333,0.7331333333333333,0.7333999999999999,0.7333999999999999,0.7333999999999999,0.7337333333333332,0.7337333333333332,0.7355333333333333,0.7358666666666667,0.7358666666666667,0.7358666666666667
Std curve: 0.003957552554574887,0.00278886675511357,0.0031269438398822662,0.005078932521264247,0.003480740661921785,0.0039810663004889784,0.004679031238764414,0.004679031238764414,0.004557777236036582,0.0046619023298792184,0.00446915353655851,0.0031453669632227877,0.0031453669632227877,0.0040824829046386315,0.003496029493900495,0.003496029493900495,0.005251877970994954,0.005251877970994954,0.005251877970994954,0.003927113726672818,0.003693838713918665,0.003693838713918665,0.002559513842726994,0.0023701851779508202,0.0023701851779508202,0.0023342855200015346,0.0023342855200015346,0.0023342855200015346,0.0023342855200015346,0.0023342855200015346,0.0023342855200015346,0.005760401220594122,0.0055737479909542574,0.0055737479909542574,0.0055737479909542574,0.0055737479909542574,0.0055737479909542574,0.0055737479909542574,0.0055737479909542574,0.0055737479909542574,0.0055737479909542574,0.0055737479909542574,0.0055737479909542574,0.0055737479909542574,0.0055737479909542574,0.0055737479909542574,0.005591263025669794,0.005611892134862653,0.005611892134862653,0.005183735247011665,0.005183735247011665,0.005183735247011665,0.005183735247011665,0.005183735247011665,0.005183735247011665,0.005183735247011665,0.005183735247011651,0.005183735247011651,0.005503130422263701,0.00520853999589989,0.00520853999589989,0.00520853999589989,0.004804627399127254,0.004804627399127254,0.004804627399127254,0.0038378234572331335,0.0038378234572331335,0.0038378234572331335,0.0038378234572331335,0.0038378234572331404,0.0038378234572331404,0.0038378234572331404,0.003923717058549915,0.003923717058549915,0.003923717058549915,0.003923717058549915,0.003923717058549915,0.003923717058549915,0.003923717058549915,0.003923717058549915,0.0036123245824384244,0.0036123245824384244,0.004022160834399575,0.004022160834399575,0.004022160834399575,0.004022160834399575,0.004558752265941007,0.004558752265941007,0.004558752265941007,0.004558752265941007,0.004558752265941007,0.0046399233710147526,0.0046399233710147526,0.0046399233710147526,0.004181440474817787,0.004181440474817787,0.003317294747899943,0.0027047283700134413,0.0027047283700134413,0.0027047283700134413

mean_time: , 18047.24609622955
best_solution: , 0.731
worst_solution: , 0.739
mean_solution: , 0.7358666666666667
std_solution: , 0.0027047283700134413



solutions runs are : 



0.7366666666666667

0.731

0.7373333333333333

0.739

0.7353333333333333

