# Scenario 478
Mean curve: 0.744125,0.752125,0.7541249999999999,0.7541249999999999,0.7541249999999999,0.7541249999999999,0.7541249999999999,0.7541249999999999,0.75425,0.75625,0.75625,0.75625,0.75625,0.75625,0.75625,0.75625,0.75625,0.75625,0.75625,0.75625,0.75625,0.75625,0.75625,0.75625,0.75625,0.75625,0.75625,0.75625,0.75625,0.75625,0.757,0.75875,0.75875,0.75875,0.75875,0.75875,0.75875,0.75875,0.75875,0.75875,0.75875,0.75875,0.75875,0.75875,0.75875,0.75875,0.75875,0.75875,0.75875,0.75875,0.75875,0.75875,0.75875,0.75875,0.75875,0.75875,0.75875,0.75875,0.75875,0.75875,0.75875,0.75875,0.75875,0.75875,0.75875,0.75875,0.75875,0.75875,0.75875,0.75875,0.75875,0.75875,0.75875,0.75875,0.75875,0.75875,0.75875,0.75875,0.75875,0.75875,0.75875,0.75875,0.75875,0.75875,0.75875,0.75875,0.75875,0.75875,0.75875,0.75875,0.75875,0.75875,0.75875,0.75875,0.75875,0.75875,0.75875,0.75875,0.75875,0.75875
Std curve: 0.014456832294800959,0.013419901266402842,0.01203250805110888,0.01203250805110888,0.01203250805110888,0.01203250805110888,0.01203250805110888,0.01203250805110888,0.011867760951417923,0.009738775590391234,0.009738775590391234,0.009738775590391234,0.009738775590391234,0.009738775590391234,0.009738775590391234,0.009738775590391234,0.009738775590391234,0.009738775590391234,0.009738775590391234,0.009738775590391234,0.009738775590391234,0.009738775590391234,0.009738775590391234,0.009738775590391234,0.009738775590391234,0.009738775590391234,0.009738775590391234,0.009738775590391234,0.009738775590391234,0.009738775590391234,0.009112148484303795,0.00854217478163494,0.00854217478163494,0.00854217478163494,0.00854217478163494,0.00854217478163494,0.00854217478163494,0.00854217478163494,0.00854217478163494,0.00854217478163494,0.00854217478163494,0.00854217478163494,0.00854217478163494,0.00854217478163494,0.00854217478163494,0.00854217478163494,0.00854217478163494,0.00854217478163494,0.00854217478163494,0.00854217478163494,0.00854217478163494,0.00854217478163494,0.00854217478163494,0.00854217478163494,0.00854217478163494,0.00854217478163494,0.00854217478163494,0.00854217478163494,0.00854217478163494,0.00854217478163494,0.00854217478163494,0.00854217478163494,0.00854217478163494,0.00854217478163494,0.00854217478163494,0.00854217478163494,0.00854217478163494,0.00854217478163494,0.00854217478163494,0.00854217478163494,0.00854217478163494,0.00854217478163494,0.00854217478163494,0.00854217478163494,0.00854217478163494,0.00854217478163494,0.00854217478163494,0.00854217478163494,0.00854217478163494,0.00854217478163494,0.00854217478163494,0.00854217478163494,0.00854217478163494,0.00854217478163494,0.00854217478163494,0.00854217478163494,0.00854217478163494,0.00854217478163494,0.00854217478163494,0.00854217478163494,0.00854217478163494,0.00854217478163494,0.00854217478163494,0.00854217478163494,0.00854217478163494,0.00854217478163494,0.00854217478163494,0.00854217478163494,0.00854217478163494,0.00854217478163494

mean_time: , 12071.766085958481
best_solution: , 0.74875
worst_solution: , 0.77125
mean_solution: , 0.75875
std_solution: , 0.00854217478163494



solutions runs are : 



0.75

0.759375

0.77125

0.764375

0.74875

