# Scenario 431
Mean curve: 0.7605,0.7741666666666667,0.7806666666666666,0.7818333333333334,0.7835,0.7843333333333333,0.7853333333333334,0.7853333333333334,0.7853333333333334,0.7853333333333334,0.7853333333333334,0.7853333333333334,0.7853333333333334,0.7853333333333334,0.7853333333333334,0.7853333333333334,0.7853333333333334,0.7853333333333334,0.7860000000000001,0.7860000000000001,0.7860000000000001,0.7860000000000001,0.7866666666666668,0.7866666666666668,0.7866666666666668,0.7866666666666668,0.7866666666666668,0.7866666666666668,0.7866666666666668,0.7866666666666668,0.7866666666666668,0.7866666666666668,0.7866666666666668,0.7866666666666668,0.7866666666666668,0.7906666666666667,0.7906666666666667,0.7915,0.7915,0.7915,0.7915,0.7915,0.7915,0.7915,0.7915,0.7915,0.7915,0.7915,0.7931666666666668,0.7931666666666668,0.7931666666666668,0.7931666666666668,0.7931666666666668,0.7931666666666668,0.7931666666666668,0.7931666666666668,0.7931666666666668,0.7931666666666668,0.7936666666666666,0.7936666666666666,0.7936666666666666,0.7936666666666666,0.7936666666666666,0.7936666666666666,0.7936666666666666,0.7936666666666666,0.7936666666666666,0.7936666666666666,0.7936666666666666,0.7936666666666666,0.7936666666666666,0.7936666666666666,0.7936666666666666,0.7936666666666666,0.7936666666666666,0.7936666666666666,0.7936666666666666,0.7936666666666666,0.7936666666666666,0.7936666666666666,0.7936666666666666,0.7936666666666666,0.7936666666666666,0.7936666666666666,0.7936666666666666,0.7936666666666666,0.7936666666666666,0.7936666666666666,0.7936666666666666,0.7936666666666666,0.7936666666666666,0.7936666666666666,0.7936666666666666,0.7936666666666666,0.7936666666666666,0.7936666666666666,0.7936666666666666,0.7945,0.7949999999999999,0.7949999999999999
Std curve: 0.0145926160932317,0.010501322668015588,0.010870449239413547,0.00943398113205662,0.007717224601860146,0.007137537701787932,0.00727629331764767,0.00727629331764767,0.00727629331764767,0.00727629331764767,0.00727629331764767,0.00727629331764767,0.00727629331764767,0.00727629331764767,0.00727629331764767,0.00727629331764767,0.00727629331764767,0.00727629331764767,0.006398784606817472,0.006398784606817472,0.006398784606817472,0.006398784606817472,0.005700877125495675,0.005700877125495675,0.005700877125495675,0.005700877125495675,0.005700877125495675,0.005700877125495675,0.005700877125495675,0.005700877125495675,0.005700877125495675,0.005700877125495675,0.005700877125495675,0.005700877125495675,0.005700877125495675,0.013285330255586413,0.013285330255586413,0.012762793146051091,0.012762793146051091,0.012762793146051091,0.012762793146051091,0.012762793146051091,0.012762793146051091,0.012762793146051091,0.012762793146051091,0.012762793146051091,0.012762793146051091,0.012762793146051091,0.012342339054382409,0.012342339054382409,0.012342339054382409,0.012342339054382409,0.012342339054382409,0.012342339054382409,0.012342339054382409,0.012342339054382409,0.012342339054382409,0.012342339054382409,0.012389511693363862,0.012389511693363862,0.012389511693363862,0.012389511693363862,0.012389511693363862,0.012389511693363862,0.012389511693363862,0.012389511693363862,0.012389511693363862,0.012389511693363862,0.012389511693363862,0.012389511693363862,0.012389511693363862,0.012389511693363862,0.012389511693363862,0.012389511693363862,0.012389511693363862,0.012389511693363862,0.012389511693363862,0.012389511693363862,0.012389511693363862,0.012389511693363862,0.012389511693363862,0.012389511693363862,0.012389511693363862,0.012389511693363862,0.012389511693363862,0.012389511693363862,0.012389511693363862,0.012389511693363862,0.012389511693363862,0.012389511693363862,0.012389511693363862,0.012389511693363862,0.012389511693363862,0.012389511693363862,0.012389511693363862,0.012389511693363862,0.012389511693363862,0.011673807338558285,0.011340683890802653,0.011340683890802653

mean_time: , 6922.886924648285
best_solution: , 0.7858333333333334
worst_solution: , 0.8166666666666667
mean_solution: , 0.7949999999999999
std_solution: , 0.011340683890802653



solutions runs are : 



0.8166666666666667

0.7958333333333333

0.7883333333333333

0.7858333333333334

0.7883333333333333

