# Scenario 241
Mean curve: 0.5794792854644752,0.5882219422425281,0.5945858913373594,0.5952899976865685,0.5961885080989162,0.5980962517584687,0.6023183752636767,0.607718370404959,0.6097021208209696,0.6104200712465305,0.6118446239670481,0.6178531152748808,0.6217298914446852,0.6234618142888073,0.6234618142888073,0.6243308570405203,0.6250659994438464,0.6271922020441989,0.6293876852507331,0.6330999733065866,0.6340011907237217,0.6346876812915999,0.6367168138270587,0.6393544787107625,0.6393544787107625,0.6396518621012377,0.6429305487971401,0.6443911722863953,0.6487428050694316,0.6487632593797136,0.6508693180409659,0.6526690135796478,0.6526690135796478,0.6538543654499358,0.6538543654499358,0.6538543654499358,0.6538543654499358,0.6552683639358586,0.6580692133283532,0.6580692133283532,0.6610030327038526,0.662205509939576,0.6648469696310331,0.6648469696310331,0.6659375153081605,0.6659375153081605,0.666842609418248,0.6719769792573425,0.6736557876462161,0.6736557876462161,0.673748460956223,0.673748460956223,0.673748460956223,0.673748460956223,0.673748460956223,0.6745941128679342,0.6768454098175214,0.6768454098175214,0.6768454098175214,0.6768454098175214,0.6768454098175214,0.6768454098175214,0.6792218122553019,0.6830389638524048,0.6830389638524048,0.6843117180078104,0.6843117180078104,0.685637010189187,0.6863455151040602,0.6889466993638594,0.6889466993638594,0.6897157826681466,0.6897157826681466,0.6901369059928939,0.691250119662432,0.691250119662432,0.6924603386869566,0.6924603386869566,0.6934278620094572,0.6934278620094572,0.6943462141865153,0.6947307185150594,0.6989625165178797,0.6989625165178797,0.6989625165178797,0.7001723303347926,0.7033172861069479,0.7033172861069479,0.7046472944993757,0.7046472944993757,0.7063040506438374,0.7063040506438374,0.7063040506438374,0.7088046840873231,0.7107717043449266,0.7107717043449266,0.7108207168676806,0.7138201123153205,0.7160155081478802,0.7165620273411137
Std curve: 0.008177641280267593,0.010195281916085342,0.0068272456295302465,0.005982706920935152,0.00534248999915122,0.0053162715154728,0.004519232601289497,0.004542801006840305,0.006408485716181641,0.005254339968928304,0.003620508809510877,0.007708811665654498,0.008070690473111281,0.006102972145819386,0.006102972145819386,0.007225566780999439,0.0065971503554287,0.005045928345840295,0.004656342403667905,0.0058449178958979355,0.007383138432620289,0.007604468445726599,0.009541654182898093,0.008395610520997026,0.008395610520997026,0.008643307759337228,0.012869332159347994,0.012081904277344659,0.009419019719569053,0.009395124697728612,0.01160504861417763,0.009989204148221433,0.009989204148221433,0.009355143242505042,0.009355143242505042,0.009355143242505042,0.009355143242505042,0.009657469365390066,0.008661487210032334,0.008661487210032334,0.006271451911096297,0.006072911783297438,0.005301536634180476,0.005301536634180476,0.005089257423451756,0.005089257423451756,0.0057895258340770915,0.005201881883523463,0.006442994143564111,0.006442994143564111,0.006369520956501682,0.006369520956501682,0.006369520956501682,0.006369520956501682,0.006369520956501682,0.00536392983887318,0.0078076274122103745,0.0078076274122103745,0.0078076274122103745,0.0078076274122103745,0.0078076274122103745,0.0078076274122103745,0.0069651658526102365,0.012495022725602363,0.012495022725602363,0.011278619157327589,0.011278619157327589,0.011773721861340618,0.011100084233728274,0.010053726872161219,0.010053726872161219,0.00909697880132778,0.00909697880132778,0.009267587911365418,0.00870007352176059,0.00870007352176059,0.009614839734172565,0.009614839734172565,0.009584666636117583,0.009584666636117583,0.010794642002646761,0.010530269660003512,0.014494512310482096,0.014494512310482096,0.014494512310482096,0.013186278545903044,0.01446535893880755,0.01446535893880755,0.013267497195083418,0.013267497195083418,0.014247983990522392,0.014247983990522392,0.014247983990522392,0.012186350549926733,0.012958505875171044,0.012958505875171044,0.012921178726222534,0.01715761168448579,0.015856048270876708,0.01627358372475701

mean_time: , 49340.697003507616
best_solution: , 0.7001367053998633
worst_solution: , 0.7410609803666623
mean_solution: , 0.7165620273411137
std_solution: , 0.01627358372475701



solutions runs are : 



0.7299284320104099

0.7410609803666623

0.7106200527704486

0.7010639661581849

0.7001367053998633

