# Scenario 290
Mean curve: 0.7269333333333333,0.737,0.7422000000000001,0.7438666666666668,0.7440000000000001,0.7462000000000001,0.7491333333333333,0.7552,0.7585333333333333,0.7605999999999999,0.7620666666666667,0.764,0.7678,0.7679333333333334,0.7706000000000001,0.7741999999999999,0.7746666666666666,0.7746666666666666,0.7766666666666666,0.7766666666666666,0.7789333333333334,0.7793333333333333,0.7815333333333333,0.7827333333333334,0.785,0.7851333333333333,0.7851333333333333,0.7858,0.7860666666666667,0.7878000000000001,0.7878000000000001,0.7922666666666667,0.7922666666666667,0.7922666666666667,0.7922666666666667,0.7954666666666667,0.7964,0.7964,0.7974666666666668,0.7974666666666668,0.7974666666666668,0.8006,0.8006,0.8012,0.8029333333333334,0.8042666666666667,0.8042666666666667,0.8042666666666667,0.8042666666666667,0.8046666666666666,0.8046666666666666,0.8046666666666666,0.8046666666666666,0.8046666666666666,0.8046666666666666,0.8052666666666667,0.8052666666666667,0.8052666666666667,0.8052666666666667,0.8061333333333334,0.8061333333333334,0.8068666666666667,0.8070666666666668,0.8070666666666668,0.8070666666666668,0.8070666666666668,0.8074666666666668,0.8078666666666667,0.8078666666666667,0.8078666666666667,0.8091333333333333,0.8091333333333333,0.8091333333333333,0.8091333333333333,0.8113333333333334,0.8123333333333335,0.8155333333333334,0.8155333333333334,0.8155333333333334,0.8157333333333334,0.8157333333333334,0.8157333333333334,0.8157333333333334,0.8163333333333334,0.8163333333333334,0.8163333333333334,0.8169333333333334,0.8176000000000002,0.8180666666666667,0.8193999999999999,0.8193999999999999,0.8209333333333333,0.8209333333333333,0.8211999999999999,0.8211999999999999,0.8223333333333332,0.8223333333333332,0.8223333333333332,0.8227333333333334,0.8228666666666665
Std curve: 0.004995108718647801,0.00945633238746515,0.006685307272918235,0.0058141589627773785,0.005723246941689284,0.004659995231280373,0.007132398692663722,0.007929130539416728,0.006248911016240269,0.005732558087121539,0.004692310494604773,0.00327956636699968,0.004177186719418787,0.0041171727084385185,0.003335998934185807,0.006550996531487056,0.006189597007165397,0.006189597007165397,0.005245103536738903,0.005245103536738903,0.005334999739664674,0.005545769158156106,0.0034615346628659293,0.0019136933459209806,0.00440201973845846,0.00430813184570761,0.00430813184570761,0.004182503237695507,0.0039009970235540947,0.0051493257379540145,0.0051493257379540145,0.003021405118299912,0.003021405118299912,0.003021405118299912,0.003021405118299912,0.006701906859659844,0.00626950290427133,0.00626950290427133,0.005560175856531475,0.005560175856531475,0.005560175856531475,0.005555377774933239,0.005555377774933239,0.004814792022738078,0.004543126676640228,0.0028237091446063137,0.0028237091446063137,0.0028237091446063137,0.0028237091446063137,0.003245509718570152,0.003245509718570152,0.003245509718570152,0.003245509718570152,0.003245509718570152,0.003245509718570152,0.0028237091446063137,0.0028237091446063137,0.0028237091446063137,0.0028237091446063137,0.002864340141192112,0.002864340141192112,0.002777688887466625,0.002379542439676636,0.002379542439676636,0.002379542439676636,0.002379542439676636,0.002753583523741781,0.0032836294282732595,0.0032836294282732595,0.0032836294282732595,0.001783878421367933,0.001783878421367933,0.001783878421367933,0.001783878421367933,0.0026246692913372465,0.003681787005729067,0.007383465010112503,0.007383465010112503,0.007383465010112503,0.007187643718369901,0.007187643718369901,0.007187643718369901,0.007187643718369901,0.008259674462242586,0.008259674462242586,0.008259674462242586,0.008441695458983482,0.00787513668311717,0.008108705883870184,0.006977423911763173,0.006977423911763173,0.007984429291509243,0.007984429291509243,0.00769877335106775,0.00769877335106775,0.007096164848392074,0.007096164848392074,0.007096164848392074,0.007047142841054238,0.007057226398837167

mean_time: , 18051.446710205077
best_solution: , 0.8133333333333334
worst_solution: , 0.835
mean_solution: , 0.8228666666666665
std_solution: , 0.007057226398837167



solutions runs are : 



0.8196666666666667

0.835

0.8236666666666667

0.8133333333333334

0.8226666666666667

