# Scenario 455
Mean curve: 0.7588333333333334,0.7675000000000001,0.773,0.773,0.773,0.773,0.773,0.773,0.773,0.773,0.773,0.773,0.773,0.773,0.773,0.773,0.773,0.773,0.773,0.773,0.773,0.773,0.773,0.773,0.773,0.773,0.773,0.773,0.773,0.773,0.773,0.773,0.773,0.773,0.773,0.773,0.773,0.773,0.7746666666666668,0.7746666666666668,0.7746666666666668,0.7773333333333334,0.7773333333333334,0.7773333333333334,0.7773333333333334,0.7773333333333334,0.7773333333333334,0.7773333333333334,0.7773333333333334,0.7773333333333334,0.7773333333333334,0.7773333333333334,0.7773333333333334,0.7773333333333334,0.7773333333333334,0.7773333333333334,0.7773333333333334,0.7773333333333334,0.7773333333333334,0.7773333333333334,0.7773333333333334,0.7773333333333334,0.7958333333333333,0.7958333333333333,0.7958333333333333,0.7958333333333333,0.7958333333333333,0.7958333333333333,0.7958333333333333,0.7958333333333333,0.7958333333333333,0.7958333333333333,0.7958333333333333,0.7958333333333333,0.7958333333333333,0.7958333333333333,0.7958333333333333,0.7958333333333333,0.7958333333333333,0.7958333333333333,0.7958333333333333,0.7958333333333333,0.7958333333333333,0.7958333333333333,0.7958333333333333,0.7958333333333333,0.7958333333333333,0.7958333333333333,0.7958333333333333,0.7958333333333333,0.7958333333333333,0.7958333333333333,0.7958333333333333,0.7958333333333333,0.7958333333333333,0.7958333333333333,0.7958333333333333,0.7961666666666667,0.7961666666666667,0.7961666666666667
Std curve: 0.006510674994874874,0.01574095860415677,0.0132769641777696,0.0132769641777696,0.0132769641777696,0.0132769641777696,0.0132769641777696,0.0132769641777696,0.0132769641777696,0.0132769641777696,0.0132769641777696,0.0132769641777696,0.0132769641777696,0.0132769641777696,0.0132769641777696,0.0132769641777696,0.0132769641777696,0.0132769641777696,0.0132769641777696,0.0132769641777696,0.0132769641777696,0.0132769641777696,0.0132769641777696,0.0132769641777696,0.0132769641777696,0.0132769641777696,0.0132769641777696,0.0132769641777696,0.0132769641777696,0.0132769641777696,0.0132769641777696,0.0132769641777696,0.0132769641777696,0.0132769641777696,0.0132769641777696,0.0132769641777696,0.0132769641777696,0.0132769641777696,0.01422634488858219,0.01422634488858219,0.01422634488858219,0.017040800711495007,0.017040800711495007,0.017040800711495007,0.017040800711495007,0.017040800711495007,0.017040800711495007,0.017040800711495007,0.017040800711495007,0.017040800711495007,0.017040800711495007,0.017040800711495007,0.017040800711495007,0.017040800711495007,0.017040800711495007,0.017040800711495007,0.017040800711495007,0.017040800711495007,0.017040800711495007,0.017040800711495007,0.017040800711495007,0.017040800711495007,0.03190698286512777,0.03190698286512777,0.03190698286512777,0.03190698286512777,0.03190698286512777,0.03190698286512777,0.03190698286512777,0.03190698286512777,0.03190698286512777,0.03190698286512777,0.03190698286512777,0.03190698286512777,0.03190698286512777,0.03190698286512777,0.03190698286512777,0.03190698286512777,0.03190698286512777,0.03190698286512777,0.03190698286512777,0.03190698286512777,0.03190698286512777,0.03190698286512777,0.03190698286512777,0.03190698286512777,0.03190698286512777,0.03190698286512777,0.03190698286512777,0.03190698286512777,0.03190698286512777,0.03190698286512777,0.03190698286512777,0.03190698286512777,0.03190698286512777,0.03190698286512777,0.03190698286512777,0.03153745568544032,0.03153745568544032,0.03153745568544032

mean_time: , 8509.284216547012
best_solution: , 0.7616666666666667
worst_solution: , 0.8525
mean_solution: , 0.7961666666666667
std_solution: , 0.03153745568544032



solutions runs are : 



0.8525

0.7716666666666666

0.7616666666666667

0.7958333333333333

0.7991666666666667

