# Scenario 357
Mean curve: 0.7258333333333333,0.7315,0.7434999999999999,0.7438333333333332,0.7481666666666666,0.7484999999999999,0.7496666666666666,0.7511666666666666,0.7515,0.7518333333333332,0.7538333333333332,0.7538333333333332,0.7549999999999999,0.7556666666666667,0.7556666666666667,0.7556666666666667,0.7556666666666667,0.7563333333333333,0.757,0.757,0.7578333333333334,0.7596666666666667,0.7626666666666666,0.7636666666666667,0.7658333333333334,0.7658333333333334,0.7673333333333333,0.7703333333333334,0.7703333333333334,0.7703333333333334,0.7705000000000001,0.772,0.7729999999999999,0.7729999999999999,0.7731666666666666,0.7746666666666666,0.7748333333333333,0.7748333333333333,0.7771666666666667,0.7771666666666667,0.7771666666666667,0.7780000000000001,0.7780000000000001,0.7780000000000001,0.7780000000000001,0.7783333333333333,0.7790000000000001,0.7796666666666667,0.7796666666666667,0.7798333333333334,0.7805,0.7808333333333334,0.782,0.782,0.782,0.7825,0.7871666666666667,0.7871666666666667,0.7876666666666666,0.7876666666666666,0.7876666666666666,0.7881666666666667,0.7885,0.7885,0.7885,0.7885,0.7891666666666667,0.7893333333333332,0.7893333333333332,0.7893333333333332,0.7905,0.7923333333333333,0.7923333333333333,0.7923333333333333,0.7923333333333333,0.7923333333333333,0.7936666666666666,0.7941666666666667,0.7948333333333333,0.797,0.7975000000000001,0.7985,0.7995,0.8001666666666667,0.8009999999999999,0.8009999999999999,0.8015000000000001,0.8016666666666665,0.8028333333333333,0.8061666666666667,0.8063333333333332,0.8063333333333332,0.8063333333333332,0.8063333333333332,0.8063333333333332,0.8089999999999999,0.8089999999999999,0.8089999999999999,0.8089999999999999,0.8089999999999999
Std curve: 0.013281147875424355,0.010611838253154399,0.012376052143824642,0.012367070972726093,0.009681023820971746,0.009766723549322419,0.010402991022884823,0.010036046144883062,0.01007472083980494,0.010157099323461725,0.011909380056633223,0.011909380056633223,0.01108051342572976,0.011883695646650596,0.011883695646650596,0.011883695646650596,0.011883695646650596,0.011590225767142475,0.011445523142259596,0.011445523142259596,0.011421227799341205,0.009000000000000024,0.01067707825203133,0.009392668535736903,0.006411794687223786,0.006411794687223786,0.004666666666666662,0.004333333333333335,0.004333333333333335,0.004333333333333335,0.004365266951236262,0.00561743318211757,0.00525991127935316,0.00525991127935316,0.0050110987927909564,0.0034801021696368485,0.0036285901761795416,0.0036285901761795416,0.005642103626603604,0.005642103626603604,0.005642103626603604,0.0046127841676993735,0.0046127841676993735,0.0046127841676993735,0.0046127841676993735,0.00431405970184828,0.003993049516903669,0.005180090089306695,0.005180090089306695,0.005487359211051461,0.004818944098267011,0.004594682917363425,0.004236088342379623,0.004236088342379623,0.004236088342379623,0.004013864859597446,0.006046119049072364,0.006046119049072364,0.006612278141625789,0.006612278141625789,0.006612278141625789,0.0072724747430904894,0.00738617326872012,0.00738617326872012,0.00738617326872012,0.00738617326872012,0.006871842709362765,0.0070985131463489545,0.0070985131463489545,0.0070985131463489545,0.006761820925033607,0.005066228051190215,0.005066228051190215,0.005066228051190215,0.005066228051190215,0.005066228051190215,0.0033166247903553873,0.003027650354097488,0.0036285901761795463,0.004136557881996921,0.0038005847503304307,0.005011098792790942,0.004876246279442562,0.005228129047119347,0.005587684871413385,0.005587684871413385,0.005948856099191556,0.006101001739241019,0.006944222218666537,0.006271629240742254,0.005953523699830572,0.005953523699830572,0.005953523699830572,0.005953523699830572,0.005953523699830572,0.00671648055986994,0.00671648055986994,0.00671648055986994,0.00671648055986994,0.00671648055986994

mean_time: , 6664.231520795822
best_solution: , 0.8
worst_solution: , 0.8208333333333333
mean_solution: , 0.8089999999999999
std_solution: , 0.00671648055986994



solutions runs are : 



0.8075

0.8075

0.8

0.8091666666666667

0.8208333333333333

