# Scenario 170
Mean curve: 0.7598333333333332,0.7685833333333332,0.7779166666666667,0.7794166666666668,0.7822500000000001,0.7838333333333334,0.7855833333333334,0.78775,0.7896666666666666,0.7908333333333333,0.7908333333333333,0.7929166666666667,0.7944166666666668,0.7944166666666668,0.7944166666666668,0.7944166666666668,0.7944166666666668,0.7944166666666668,0.7958333333333334,0.7968333333333334,0.7968333333333334,0.7971666666666667,0.7986666666666666,0.7991666666666666,0.7998333333333333,0.7999166666666666,0.7999166666666666,0.8001666666666667,0.8044166666666668,0.8044166666666668,0.8044166666666668,0.80525,0.8073333333333335,0.8073333333333335,0.8074166666666667,0.8085833333333333,0.8085833333333333,0.8085833333333333,0.8085833333333333,0.8085833333333333,0.8099166666666667,0.81125,0.81125,0.81125,0.8131666666666668,0.8131666666666668,0.8131666666666668,0.8131666666666668,0.8131666666666668,0.8131666666666668,0.8131666666666668,0.8131666666666668,0.8131666666666668,0.8131666666666668,0.8131666666666668,0.8131666666666668,0.8131666666666668,0.8131666666666668,0.8131666666666668,0.8133333333333332,0.8133333333333332,0.8136666666666666,0.8136666666666666,0.8136666666666666,0.8136666666666666,0.8136666666666666,0.8136666666666666,0.8136666666666666,0.8136666666666666,0.8136666666666666,0.8136666666666666,0.8141666666666667,0.8141666666666667,0.8141666666666667,0.8141666666666667,0.8141666666666667,0.8141666666666667,0.8165000000000001,0.8165000000000001,0.8176666666666668,0.8176666666666668,0.8176666666666668,0.8176666666666668,0.8181666666666667,0.8181666666666667,0.8181666666666667,0.8184166666666666,0.8184166666666666,0.8184166666666666,0.8198333333333334,0.8198333333333334,0.8198333333333334,0.8198333333333334,0.8198333333333334,0.8198333333333334,0.8231666666666667,0.8235000000000001,0.8235000000000001,0.8235833333333333,0.8235833333333333
Std curve: 0.008618455649231934,0.005919600211725999,0.008001735922771864,0.0076766239686176805,0.005966340773222913,0.005159941860137569,0.0052347662581797814,0.004733157273720982,0.0024065881796989253,0.004448782605013045,0.004448782605013045,0.004183300132670375,0.004358898943540676,0.004358898943540676,0.004358898943540676,0.004358898943540676,0.004358898943540676,0.004358898943540676,0.005779513628133223,0.0049060620098449964,0.0049060620098449964,0.005105824560680108,0.0061089642693704016,0.006588078458684118,0.005643334317779009,0.005739725119240849,0.005739725119240849,0.005680131062650665,0.008451659929005399,0.008451659929005399,0.008451659929005399,0.008868640131259006,0.009035424112286548,0.009035424112286548,0.008922505876216142,0.0075535127957497995,0.0075535127957497995,0.0075535127957497995,0.0075535127957497995,0.0075535127957497995,0.006679154969837994,0.007434902674398512,0.007434902674398512,0.007434902674398512,0.00690008051482818,0.00690008051482818,0.00690008051482818,0.00690008051482818,0.00690008051482818,0.00690008051482818,0.00690008051482818,0.00690008051482818,0.00690008051482818,0.00690008051482818,0.00690008051482818,0.00690008051482818,0.00690008051482818,0.00690008051482818,0.00690008051482818,0.006780281868936025,0.006780281868936025,0.006894039293315507,0.006894039293315507,0.006894039293315507,0.006894039293315507,0.006894039293315507,0.006894039293315507,0.006894039293315507,0.006894039293315507,0.006894039293315507,0.006894039293315507,0.007264831572567825,0.007264831572567825,0.007264831572567825,0.007264831572567825,0.007264831572567825,0.007264831572567825,0.007019813229550928,0.007019813229550928,0.007991314729824605,0.007991314729824605,0.007991314729824605,0.007991314729824605,0.007991314729824605,0.007991314729824605,0.007991314729824605,0.008255469567370366,0.008255469567370366,0.008255469567370366,0.0056801310626506465,0.0056801310626506465,0.0056801310626506465,0.0056801310626506465,0.0056801310626506465,0.0056801310626506465,0.008500816954204373,0.00869466630884831,0.00869466630884831,0.008565920849505904,0.008565920849505904

mean_time: , 12484.975675868987
best_solution: , 0.8104166666666667
worst_solution: , 0.8358333333333333
mean_solution: , 0.8235833333333333
std_solution: , 0.008565920849505904



solutions runs are : 



0.8358333333333333

0.8204166666666667

0.8104166666666667

0.8220833333333334

0.8291666666666667

