# Scenario 321
Mean curve: 0.6407932674031602,0.64400950027902,0.6510850887786332,0.6545242472555086,0.6567276434553968,0.6649400242848753,0.674002813028799,0.6762436701193877,0.6788505724597531,0.6795720367499882,0.6795720367499882,0.6812228157069483,0.6829001598476276,0.6829001598476276,0.6843859150215558,0.6853791176640587,0.6858461528247795,0.6893195906391899,0.6893195906391899,0.6949805442136404,0.6973159784018518,0.7004142551209978,0.7007499878653435,0.7034467238232782,0.7034467238232782,0.703742119001351,0.7049416425032791,0.7108458861004676,0.7138039498139931,0.7141176269522912,0.7150025945038544,0.7165030600365537,0.7165030600365537,0.7173607485065496,0.7175709920011927,0.7213236225282591,0.7235650520046732,0.7251444987485356,0.7270739383750062,0.7281692291651274,0.7281692291651274,0.7281692291651274,0.7290639088864668,0.7290639088864668,0.7294142470146106,0.7294516756662434,0.729774560835579,0.729774560835579,0.729774560835579,0.729774560835579,0.729774560835579,0.729774560835579,0.7317984643826023,0.7334589643816882,0.7338978138529846,0.7345182897276535,0.7345182897276535,0.7367564216155117,0.7374463146631557,0.7374463146631557,0.7379566505271431,0.738753782900414,0.7390552956740505,0.7391925980059382,0.7425415551299148,0.7425415551299148,0.7433695153951968,0.7435196800543734,0.7441959324521218,0.7444746109466097,0.746604840429484,0.746604840429484,0.746604840429484,0.746604840429484,0.7483386192302307,0.7490707150269109,0.7499113636624196,0.7502987662025461,0.7504372734555382,0.7511289279695885,0.7514303048409442,0.7514303048409442,0.7528832663539378,0.7531697165909655,0.7561421213725057,0.7565764423266822,0.757905173192135,0.7580911932321547,0.7588669067166508,0.7596725772410297,0.7602046593447952,0.7609167515336729,0.7613692627377342,0.7613692627377342,0.7613692627377342,0.7613692627377342,0.7613692627377342,0.7616803208638053,0.7620274625401473,0.7622766146793919
Std curve: 0.007091303074527273,0.007622533568760373,0.0074741663957113855,0.0049732762753742134,0.004930606109511807,0.008539081411353823,0.008644475540976635,0.005924666667680389,0.006383525298296791,0.005996426916057013,0.005996426916057013,0.0077961268484607734,0.007758521222882487,0.007758521222882487,0.008696221087215721,0.009273075153993745,0.00845145999838125,0.007460642450182925,0.007460642450182925,0.01630460489251154,0.01491909669940515,0.014772050466732843,0.014857438315286233,0.016527420097980045,0.016527420097980045,0.016291098733242568,0.01611736559811796,0.01735230334217463,0.01996688534908892,0.01947320329222681,0.01812501448275621,0.016027756380810207,0.016027756380810207,0.01584214541503616,0.015969226605027562,0.015675288664517013,0.012910237707831078,0.012012283119183056,0.013249129418166299,0.012942644427825105,0.012942644427825105,0.012942644427825105,0.01296443144477406,0.01296443144477406,0.012318794820767497,0.012324351658135163,0.012390977536268298,0.012390977536268298,0.012390977536268298,0.012390977536268298,0.012390977536268298,0.012390977536268298,0.014400821428986495,0.015854532155637705,0.015865296292461997,0.015834218629280014,0.015834218629280014,0.017068216097460606,0.016884867276439005,0.016884867276439005,0.016820933412604436,0.017702470997103713,0.01770982912237481,0.017704849744158587,0.018864300508338427,0.018864300508338427,0.019498145391003825,0.01962588299995764,0.020246407452965798,0.020462714113983066,0.0212446191057548,0.0212446191057548,0.0212446191057548,0.0212446191057548,0.018038674156969747,0.01823340652758796,0.018325143993455213,0.018691370196023335,0.01871777397568734,0.01932670095213242,0.019606055889871965,0.019606055889871965,0.02002804768101917,0.019507030980340897,0.014336221720892111,0.01363361810697048,0.011624326745282984,0.01168834723043127,0.01207581620742184,0.010971861864533548,0.010428084248097718,0.010953370810121302,0.011367563355499736,0.011367563355499736,0.011367563355499736,0.011367563355499736,0.011367563355499736,0.011684464893227657,0.012066205792657523,0.011766174696845395

mean_time: , 24219.766737508773
best_solution: , 0.7478407810739767
worst_solution: , 0.7757806826434277
mean_solution: , 0.7622766146793919
std_solution: , 0.011766174696845395



solutions runs are : 



0.7757806826434277

0.77007700770077

0.7692592592592593

0.7478407810739767

0.7484253427195258

