# Scenario 401
Mean curve: 0.6949453370742404,0.6949453370742404,0.6949453370742404,0.7118340207292826,0.7118340207292826,0.7118340207292826,0.7118340207292826,0.7175980525932567,0.7175980525932567,0.7175980525932567,0.7175980525932567,0.7175980525932567,0.7175980525932567,0.7175980525932567,0.7179277566116584,0.7179277566116584,0.7179277566116584,0.7179277566116584,0.7179277566116584,0.7179277566116584,0.7284086275150653,0.7297672240399764,0.7297672240399764,0.7297672240399764,0.7297672240399764,0.7297672240399764,0.7297672240399764,0.7319631112968373,0.7336430969421199,0.7336430969421199,0.7336430969421199,0.7336430969421199,0.7336430969421199,0.7336430969421199,0.7336430969421199,0.7336430969421199,0.7336430969421199,0.7336430969421199,0.7336430969421199,0.7336430969421199,0.7336430969421199,0.7336430969421199,0.7336430969421199,0.7336430969421199,0.7336430969421199,0.7336430969421199,0.7336430969421199,0.7336430969421199,0.7336430969421199,0.7336430969421199,0.7336430969421199,0.7336430969421199,0.7336430969421199,0.7336430969421199,0.7336430969421199,0.7336430969421199,0.7336430969421199,0.7336430969421199,0.7336430969421199,0.7336430969421199,0.7336430969421199,0.7336430969421199,0.7336430969421199,0.7336430969421199,0.7336430969421199,0.7336430969421199,0.7336430969421199,0.7336430969421199,0.7336430969421199,0.7336430969421199,0.7336430969421199,0.7336430969421199,0.7336430969421199,0.7336430969421199,0.7336430969421199,0.7336430969421199,0.7336430969421199,0.7336430969421199,0.7336430969421199,0.7336430969421199,0.7336430969421199,0.7336430969421199,0.7336430969421199,0.7336430969421199,0.7336430969421199,0.7336430969421199,0.7336430969421199,0.7336430969421199,0.7336430969421199,0.7336430969421199,0.7336430969421199,0.7336430969421199,0.7336430969421199,0.7336430969421199,0.7336430969421199,0.7336430969421199,0.7336430969421199,0.7336430969421199,0.7336430969421199,0.7336430969421199
Std curve: 0.009104975871374519,0.009104975871374519,0.009104975871374519,0.037585225715554484,0.037585225715554484,0.037585225715554484,0.037585225715554484,0.03382229404137443,0.03382229404137443,0.03382229404137443,0.03382229404137443,0.03382229404137443,0.03382229404137443,0.03382229404137443,0.03362755606331629,0.03362755606331629,0.03362755606331629,0.03362755606331629,0.03362755606331629,0.03362755606331629,0.030175555165101762,0.02905015891181583,0.02905015891181583,0.02905015891181583,0.02905015891181583,0.02905015891181583,0.02905015891181583,0.02754955871901269,0.026833646116723488,0.026833646116723488,0.026833646116723488,0.026833646116723488,0.026833646116723488,0.026833646116723488,0.026833646116723488,0.026833646116723488,0.026833646116723488,0.026833646116723488,0.026833646116723488,0.026833646116723488,0.026833646116723488,0.026833646116723488,0.026833646116723488,0.026833646116723488,0.026833646116723488,0.026833646116723488,0.026833646116723488,0.026833646116723488,0.026833646116723488,0.026833646116723488,0.026833646116723488,0.026833646116723488,0.026833646116723488,0.026833646116723488,0.026833646116723488,0.026833646116723488,0.026833646116723488,0.026833646116723488,0.026833646116723488,0.026833646116723488,0.026833646116723488,0.026833646116723488,0.026833646116723488,0.026833646116723488,0.026833646116723488,0.026833646116723488,0.026833646116723488,0.026833646116723488,0.026833646116723488,0.026833646116723488,0.026833646116723488,0.026833646116723488,0.026833646116723488,0.026833646116723488,0.026833646116723488,0.026833646116723488,0.026833646116723488,0.026833646116723488,0.026833646116723488,0.026833646116723488,0.026833646116723488,0.026833646116723488,0.026833646116723488,0.026833646116723488,0.026833646116723488,0.026833646116723488,0.026833646116723488,0.026833646116723488,0.026833646116723488,0.026833646116723488,0.026833646116723488,0.026833646116723488,0.026833646116723488,0.026833646116723488,0.026833646116723488,0.026833646116723488,0.026833646116723488,0.026833646116723488,0.026833646116723488,0.026833646116723488

mean_time: , 10766.429184532166
best_solution: , 0.7079545454545455
worst_solution: , 0.7849794238683128
mean_solution: , 0.7336430969421199
std_solution: , 0.026833646116723488



solutions runs are : 



0.7183954619124797

0.7849794238683128

0.7314704716607213

0.7079545454545455

0.7254155818145404

