# Scenario 438
Mean curve: 0.76625,0.7675000000000001,0.79225,0.7925,0.79825,0.79825,0.79825,0.79825,0.79825,0.79825,0.79825,0.8015000000000001,0.8015000000000001,0.8015000000000001,0.8015000000000001,0.8015000000000001,0.8015000000000001,0.8015000000000001,0.8015000000000001,0.8015000000000001,0.8015000000000001,0.8015000000000001,0.8015000000000001,0.8015000000000001,0.8015000000000001,0.8015000000000001,0.8015000000000001,0.8015000000000001,0.8015000000000001,0.8015000000000001,0.8015000000000001,0.8015000000000001,0.8015000000000001,0.8015000000000001,0.8015000000000001,0.8015000000000001,0.8015000000000001,0.8015000000000001,0.8015000000000001,0.8015000000000001,0.8015000000000001,0.8015000000000001,0.8015000000000001,0.8015000000000001,0.8015000000000001,0.8015000000000001,0.8015000000000001,0.8015000000000001,0.8015000000000001,0.8015000000000001,0.8015000000000001,0.8015000000000001,0.8015000000000001,0.8015000000000001,0.8015000000000001,0.8015000000000001,0.8015000000000001,0.8015000000000001,0.8015000000000001,0.8015000000000001,0.8032499999999999,0.8032499999999999,0.8032499999999999,0.8032499999999999,0.8032499999999999,0.8032499999999999,0.8032499999999999,0.8032499999999999,0.8032499999999999,0.8032499999999999,0.8032499999999999,0.8032499999999999,0.8032499999999999,0.8032499999999999,0.8032499999999999,0.8032499999999999,0.8032499999999999,0.8032499999999999,0.8032499999999999,0.8032499999999999,0.8032499999999999,0.8032499999999999,0.8032499999999999,0.8032499999999999,0.8032499999999999,0.8032499999999999,0.8032499999999999,0.8032499999999999,0.8032499999999999,0.8032499999999999,0.8032499999999999,0.8032499999999999,0.8032499999999999,0.8032499999999999,0.8032499999999999,0.8032499999999999,0.8032499999999999,0.8032499999999999,0.8032499999999999,0.8032499999999999
Std curve: 0.005303300858899098,0.004677071733467411,0.022671568097509268,0.022318714120665648,0.01646207763315433,0.01646207763315433,0.01646207763315433,0.01646207763315433,0.01646207763315433,0.01646207763315433,0.01646207763315433,0.01611288304432203,0.01611288304432203,0.01611288304432203,0.01611288304432203,0.01611288304432203,0.01611288304432203,0.01611288304432203,0.01611288304432203,0.01611288304432203,0.01611288304432203,0.01611288304432203,0.01611288304432203,0.01611288304432203,0.01611288304432203,0.01611288304432203,0.01611288304432203,0.01611288304432203,0.01611288304432203,0.01611288304432203,0.01611288304432203,0.01611288304432203,0.01611288304432203,0.01611288304432203,0.01611288304432203,0.01611288304432203,0.01611288304432203,0.01611288304432203,0.01611288304432203,0.01611288304432203,0.01611288304432203,0.01611288304432203,0.01611288304432203,0.01611288304432203,0.01611288304432203,0.01611288304432203,0.01611288304432203,0.01611288304432203,0.01611288304432203,0.01611288304432203,0.01611288304432203,0.01611288304432203,0.01611288304432203,0.01611288304432203,0.01611288304432203,0.01611288304432203,0.01611288304432203,0.01611288304432203,0.01611288304432203,0.01611288304432203,0.01305277748220661,0.01305277748220661,0.01305277748220661,0.01305277748220661,0.01305277748220661,0.01305277748220661,0.01305277748220661,0.01305277748220661,0.01305277748220661,0.01305277748220661,0.01305277748220661,0.01305277748220661,0.01305277748220661,0.01305277748220661,0.01305277748220661,0.01305277748220661,0.01305277748220661,0.01305277748220661,0.01305277748220661,0.01305277748220661,0.01305277748220661,0.01305277748220661,0.01305277748220661,0.01305277748220661,0.01305277748220661,0.01305277748220661,0.01305277748220661,0.01305277748220661,0.01305277748220661,0.01305277748220661,0.01305277748220661,0.01305277748220661,0.01305277748220661,0.01305277748220661,0.01305277748220661,0.01305277748220661,0.01305277748220661,0.01305277748220661,0.01305277748220661,0.01305277748220661

mean_time: , 5992.812269878387
best_solution: , 0.78125
worst_solution: , 0.81875
mean_solution: , 0.8032499999999999
std_solution: , 0.01305277748220661



solutions runs are : 



0.80625

0.7975

0.78125

0.81875

0.8125

