# Scenario 89
Mean curve: 0.6675333333333333,0.6789666666666667,0.6839333333333333,0.6912333333333335,0.6998666666666666,0.7108999999999999,0.7201000000000001,0.7263666666666666,0.7341,0.7405999999999999,0.7447333333333332,0.7463666666666666,0.7483666666666667,0.7568666666666666,0.7589333333333333,0.7645000000000001,0.7659,0.7736333333333334,0.7766,0.7788666666666667,0.7817333333333333,0.7850666666666666,0.7875666666666667,0.7886000000000001,0.7894666666666668,0.7897333333333334,0.7923666666666668,0.7952666666666666,0.7963999999999999,0.7969666666666665,0.7974999999999999,0.8010333333333334,0.8016666666666667,0.8041333333333334,0.8055666666666665,0.8070666666666668,0.8093666666666668,0.8094333333333333,0.8102,0.8122666666666666,0.8131,0.8131,0.8131,0.8151999999999999,0.8152666666666667,0.8161666666666667,0.8166,0.8166,0.8175666666666667,0.8186,0.8191,0.8191,0.8197333333333333,0.8197333333333333,0.8207333333333333,0.8207333333333333,0.8208333333333334,0.8215,0.8216333333333333,0.8216333333333333,0.8216333333333333,0.8224,0.8233,0.8233666666666666,0.8247333333333333,0.8255333333333332,0.8255333333333332,0.8266,0.8266,0.8266,0.8269,0.8269,0.8279,0.8279,0.8279,0.8279,0.8279,0.8279,0.8279,0.8282333333333332,0.8283333333333334,0.8283333333333334,0.8283333333333334,0.8283333333333334,0.8292999999999999,0.8292999999999999,0.8292999999999999,0.8292999999999999,0.8292999999999999,0.8292999999999999,0.8292999999999999,0.8292999999999999,0.8302333333333334,0.8302333333333334,0.8302333333333334,0.8305666666666666,0.8310333333333333,0.8310333333333333,0.8310333333333333,0.8328666666666666
Std curve: 0.007384969720843666,0.007218340837370087,0.006282780700719499,0.005276362383309177,0.003234192325759244,0.00564761503252087,0.005175369015292003,0.0061403944860606895,0.006103368832957024,0.003067028964106247,0.004182768886223024,0.004450218471540968,0.0030919249667480677,0.004645667037382483,0.003327661841794218,0.004576510072581998,0.004081938537291104,0.009331190230142731,0.008789261124298859,0.007078449296593476,0.0036033934623413617,0.00694470221743803,0.006961481323843522,0.006955892785577157,0.006538263445968581,0.006177557949725958,0.005593051244376558,0.005427911405155963,0.0042263722294921145,0.003556527644893087,0.0033944398981602614,0.005248703543627609,0.006026792034094305,0.006297618597533517,0.00723079832691002,0.007840493181766934,0.006098633726773018,0.006094259594077036,0.006206985312264463,0.0040642069063690405,0.004309679029038389,0.004309679029038389,0.004309679029038389,0.004024094100954061,0.003910953279643672,0.0025798363427852375,0.0021924111536540465,0.0021924111536540465,0.0024599006303326733,0.004374928570845462,0.0053422841556772455,0.0053422841556772455,0.005120329850485988,0.005120329850485988,0.004734741574550588,0.004734741574550588,0.004698699583690975,0.004064753648405058,0.003996387257400261,0.003996387257400261,0.003996387257400261,0.003944898252454969,0.0036444783196257742,0.0037585458180879826,0.003830578720419844,0.004726285833270953,0.004726285833270953,0.0034985711369071755,0.0034985711369071755,0.0034985711369071755,0.004054626986542674,0.004054626986542674,0.005969924622639737,0.005969924622639737,0.005969924622639737,0.005969924622639737,0.005969924622639737,0.005969924622639737,0.005969924622639737,0.005824850975680757,0.0057493961035534535,0.0057493961035534535,0.0057493961035534535,0.0057493961035534535,0.00595856060172627,0.00595856060172627,0.00595856060172627,0.00595856060172627,0.00595856060172627,0.00595856060172627,0.00595856060172627,0.00595856060172627,0.007617669518224625,0.007617669518224625,0.007617669518224625,0.007377593705869737,0.007012211570618133,0.007012211570618133,0.007012211570618133,0.0067366328549374

mean_time: , 33294.080406856534
best_solution: , 0.8258333333333333
worst_solution: , 0.8441666666666666
mean_solution: , 0.8328666666666666
std_solution: , 0.0067366328549374



solutions runs are : 



0.8258333333333333

0.8263333333333334

0.8355

0.8325

0.8441666666666666

