# Scenario 305
Mean curve: 0.7698333333333334,0.7698333333333334,0.7766666666666667,0.781,0.7895,0.7914999999999999,0.7943333333333333,0.7943333333333333,0.8008333333333333,0.8008333333333333,0.8008333333333333,0.8021666666666667,0.805,0.8096666666666668,0.8096666666666668,0.8096666666666668,0.8110000000000002,0.8118333333333334,0.8203333333333334,0.8203333333333334,0.8203333333333334,0.8203333333333334,0.8203333333333334,0.8203333333333334,0.8218333333333334,0.8218333333333334,0.8218333333333334,0.8254999999999999,0.8278333333333332,0.8314999999999999,0.8314999999999999,0.8314999999999999,0.8323333333333333,0.8324999999999999,0.8324999999999999,0.8338333333333333,0.8338333333333333,0.8355,0.8413333333333334,0.8413333333333334,0.8421666666666667,0.8441666666666666,0.849,0.849,0.851,0.8586666666666668,0.8586666666666668,0.8586666666666668,0.8586666666666668,0.8586666666666668,0.8586666666666668,0.8586666666666668,0.8586666666666668,0.8586666666666668,0.8586666666666668,0.8593333333333334,0.8593333333333334,0.8593333333333334,0.8593333333333334,0.8593333333333334,0.8593333333333334,0.8593333333333334,0.8593333333333334,0.8593333333333334,0.8600000000000001,0.8600000000000001,0.8620000000000001,0.8620000000000001,0.868,0.868,0.8700000000000001,0.8733333333333334,0.876,0.876,0.8770000000000001,0.8770000000000001,0.8770000000000001,0.8780000000000001,0.8808333333333334,0.8811666666666668,0.8811666666666668,0.8811666666666668,0.8811666666666668,0.8811666666666668,0.8811666666666668,0.8811666666666668,0.8811666666666668,0.8811666666666668,0.8811666666666668,0.8811666666666668,0.8811666666666668,0.8811666666666668,0.8811666666666668,0.8811666666666668,0.8811666666666668,0.8811666666666668,0.8811666666666668,0.8811666666666668,0.8811666666666668,0.8811666666666668
Std curve: 0.019835434062415797,0.019835434062415797,0.021908902300206638,0.021637159394584753,0.013617798810543667,0.01683580839889916,0.016041612554021263,0.016041612554021263,0.01842401814058063,0.01842401814058063,0.01842401814058063,0.019941581348194695,0.02177536834743942,0.02763150375929619,0.02763150375929619,0.02763150375929619,0.029633877010385713,0.02976948474902148,0.03426044042007891,0.03426044042007891,0.03426044042007891,0.03426044042007891,0.03426044042007891,0.03426044042007891,0.03502538761780913,0.03502538761780913,0.03502538761780913,0.03856307963727884,0.03985250584621023,0.042838196870446245,0.042838196870446245,0.042838196870446245,0.04205617935835615,0.042216373863966816,0.042216373863966816,0.04197750720458649,0.04197750720458649,0.04300387579432036,0.03690302607284845,0.03690302607284845,0.03771088849538167,0.0392782099614758,0.03926547819367259,0.03926547819367259,0.03849386675533879,0.04504812241740306,0.04504812241740306,0.04504812241740306,0.04504812241740306,0.04504812241740306,0.04504812241740306,0.04504812241740306,0.04504812241740306,0.04504812241740306,0.04504812241740306,0.04533333333333332,0.04533333333333332,0.04533333333333332,0.04533333333333332,0.04533333333333332,0.04533333333333332,0.04533333333333332,0.04533333333333332,0.04533333333333332,0.04604345773288535,0.04604345773288535,0.045343136195018535,0.045343136195018535,0.049152822909778036,0.049152822909778036,0.050990195135927854,0.050110987927909696,0.0504821200470468,0.0504821200470468,0.05125535202406779,0.05125535202406779,0.05125535202406779,0.05209393225489681,0.0528151914172849,0.053092163054237834,0.053092163054237834,0.053092163054237834,0.053092163054237834,0.053092163054237834,0.053092163054237834,0.053092163054237834,0.053092163054237834,0.053092163054237834,0.053092163054237834,0.053092163054237834,0.053092163054237834,0.053092163054237834,0.053092163054237834,0.053092163054237834,0.053092163054237834,0.053092163054237834,0.053092163054237834,0.053092163054237834,0.053092163054237834,0.053092163054237834

mean_time: , 4386.990109872818
best_solution: , 0.78
worst_solution: , 0.9258333333333333
mean_solution: , 0.8811666666666668
std_solution: , 0.053092163054237834



solutions runs are : 



0.92

0.78

0.9258333333333333

0.9

0.88

