# Scenario 124
Mean curve: 0.5826647581883767,0.5842744058978357,0.5847393275621053,0.5964029246104205,0.6024904970771827,0.6024904970771827,0.6069117094906461,0.6071246154930258,0.6071246154930258,0.6072304873641909,0.6072304873641909,0.6119419781744947,0.6119419781744947,0.6119419781744947,0.6119419781744947,0.6119419781744947,0.617108905615272,0.6195515739649367,0.6195515739649367,0.6195515739649367,0.6202198011995256,0.6202198011995256,0.6202198011995256,0.6202198011995256,0.6202198011995256,0.6202198011995256,0.6202319801034243,0.6202319801034243,0.6202319801034243,0.6202319801034243,0.6202319801034243,0.6202319801034243,0.6202319801034243,0.620438872832051,0.6220442860220148,0.6220442860220148,0.6220442860220148,0.6220442860220148,0.6220442860220148,0.6228347847879295,0.6253006366991724,0.6253006366991724,0.6253006366991724,0.6253006366991724,0.6253006366991724,0.6253006366991724,0.6253006366991724,0.6253006366991724,0.6253006366991724,0.625422140921444,0.625422140921444,0.625422140921444,0.625422140921444,0.625422140921444,0.625422140921444,0.6301453841265673,0.6301453841265673,0.6301453841265673,0.6301453841265673,0.6315328228747481,0.634193331848621,0.634193331848621,0.634193331848621,0.6347493654400937,0.6367169298652614,0.6367169298652614,0.6367169298652614,0.6367169298652614,0.6367169298652614,0.6367169298652614,0.6367169298652614,0.6367169298652614,0.6367169298652614,0.6367169298652614,0.6367169298652614,0.6367169298652614,0.6367169298652614,0.6367169298652614,0.6367169298652614,0.6367169298652614,0.6367169298652614,0.6367169298652614,0.6367169298652614,0.6369463815463074,0.6424381854627779,0.6424381854627779,0.6424381854627779,0.6424381854627779,0.6424381854627779,0.6426893522118983,0.6426893522118983,0.6426893522118983,0.6435131754587763,0.6435131754587763,0.6463914392035507,0.6463914392035507,0.6464867818921819,0.6464867818921819,0.6464867818921819,0.6464867818921819
Std curve: 0.008386069816463225,0.006882935660162336,0.006827156376295781,0.009949315854486324,0.005860183026444086,0.005860183026444086,0.007225634104515544,0.007081079995714225,0.007081079995714225,0.007051125957627471,0.007051125957627471,0.009118578070462211,0.009118578070462211,0.009118578070462211,0.009118578070462211,0.009118578070462211,0.005103202399080024,0.0072912660834897995,0.0072912660834897995,0.0072912660834897995,0.006589465127125154,0.006589465127125154,0.006589465127125154,0.006589465127125154,0.006589465127125154,0.006589465127125154,0.006574961274556267,0.006574961274556267,0.006574961274556267,0.006574961274556267,0.006574961274556267,0.006574961274556267,0.006574961274556267,0.0067388755404593275,0.005641717791202582,0.005641717791202582,0.005641717791202582,0.005641717791202582,0.005641717791202582,0.0058719848799646404,0.004068051958163392,0.004068051958163392,0.004068051958163392,0.004068051958163392,0.004068051958163392,0.004068051958163392,0.004068051958163392,0.004068051958163392,0.004068051958163392,0.003841987231226807,0.003841987231226807,0.003841987231226807,0.003841987231226807,0.003841987231226807,0.003841987231226807,0.010519159507243398,0.010519159507243398,0.010519159507243398,0.010519159507243398,0.010349251284142045,0.010447663807368352,0.010447663807368352,0.010447663807368352,0.010281730215894987,0.007516312720712886,0.007516312720712886,0.007516312720712886,0.007516312720712886,0.007516312720712886,0.007516312720712886,0.007516312720712886,0.007516312720712886,0.007516312720712886,0.007516312720712886,0.007516312720712886,0.007516312720712886,0.007516312720712886,0.007516312720712886,0.007516312720712886,0.007516312720712886,0.007516312720712886,0.007516312720712886,0.007516312720712886,0.00726440728346351,0.009465226052083081,0.009465226052083081,0.009465226052083081,0.009465226052083081,0.009465226052083081,0.009123537225806354,0.009123537225806354,0.009123537225806354,0.008120854225325469,0.008120854225325469,0.012391841959877069,0.012391841959877069,0.012302778767301249,0.012302778767301249,0.012302778767301249,0.012302778767301249

mean_time: , 17786.614402866362
best_solution: , 0.6330299089726918
worst_solution: , 0.6673671199011125
mean_solution: , 0.6464867818921819
std_solution: , 0.012302778767301249



solutions runs are : 



0.6471505698860228

0.6673671199011125

0.6351433801098231

0.6330299089726918

0.6497429305912596

