# Scenario 277
Mean curve: 0.7375,0.7424999999999999,0.7498750000000001,0.753,0.762,0.765375,0.7742500000000001,0.7813749999999999,0.78275,0.78275,0.782875,0.78325,0.7855,0.7855,0.7895,0.790125,0.7927500000000001,0.7945,0.79625,0.7979999999999999,0.7979999999999999,0.7979999999999999,0.8003750000000001,0.8012499999999999,0.8012499999999999,0.8029999999999999,0.805,0.805,0.805,0.805,0.8081250000000001,0.8125,0.8125,0.8125,0.813125,0.814875,0.8160000000000001,0.8160000000000001,0.8160000000000001,0.8176249999999999,0.8182500000000001,0.8182500000000001,0.818875,0.818875,0.81925,0.8200000000000001,0.8200000000000001,0.8200000000000001,0.822125,0.825,0.825,0.825,0.825,0.829125,0.829125,0.829125,0.82925,0.82925,0.82925,0.82925,0.82925,0.82925,0.82975,0.8306250000000001,0.8306250000000001,0.8330000000000002,0.8330000000000002,0.8330000000000002,0.8330000000000002,0.8330000000000002,0.8330000000000002,0.8330000000000002,0.8331250000000001,0.8335000000000001,0.833625,0.8342500000000002,0.8348749999999999,0.835125,0.835375,0.835375,0.835875,0.835875,0.835875,0.835875,0.835875,0.8376250000000001,0.8376250000000001,0.8376250000000001,0.837875,0.837875,0.837875,0.837875,0.8380000000000001,0.8380000000000001,0.838125,0.8386249999999998,0.8386249999999998,0.8386249999999998,0.8386249999999998,0.8386249999999998
Std curve: 0.004776243293635683,0.006800735254367742,0.00394097069260861,0.004172079817069653,0.014193968789595121,0.012939764294607565,0.011479601473918879,0.0066544158271030955,0.006417748826496729,0.006417748826496729,0.006429910574805851,0.006523994175349955,0.0067360967926537564,0.0067360967926537564,0.010065411069598696,0.009077788827682638,0.006093028803476944,0.007119515432949049,0.006708203932499352,0.004683748498798796,0.004683748498798796,0.004683748498798796,0.006715188009281667,0.005863019699779306,0.005863019699779306,0.005482928049865347,0.006812213296719374,0.006812213296719374,0.006812213296719374,0.006812213296719374,0.0069146583429696784,0.008979142498033976,0.008979142498033976,0.008979142498033976,0.009151502608861556,0.010453767263527527,0.00924999999999998,0.00924999999999998,0.00924999999999998,0.008007808689023451,0.008046738469715507,0.008046738469715507,0.008229140295316364,0.008229140295316364,0.008314144574157918,0.007137051211810093,0.007137051211810093,0.007137051211810093,0.007099735910581472,0.0034232659844072597,0.0034232659844072597,0.0034232659844072597,0.0034232659844072597,0.008932035042474893,0.008932035042474893,0.008932035042474893,0.008842369591913668,0.008842369591913668,0.008842369591913668,0.008842369591913668,0.008842369591913668,0.008842369591913668,0.008547660498639345,0.008366600265340723,0.008366600265340723,0.0066895440801298,0.0066895440801298,0.0066895440801298,0.0066895440801298,0.0066895440801298,0.0066895440801298,0.0066895440801298,0.006661456297237089,0.00626996810199221,0.00615426681254557,0.005733672470589851,0.0054686607135568275,0.005382262535402737,0.005193144519460223,0.005193144519460223,0.005132616291911929,0.005132616291911929,0.005132616291911929,0.005132616291911929,0.005132616291911929,0.004959208606219317,0.004959208606219317,0.004959208606219317,0.004914900812834351,0.004914900812834351,0.004914900812834351,0.004914900812834351,0.0049117206760971015,0.0049117206760971015,0.004808846015417814,0.0051599418601375605,0.0051599418601375605,0.0051599418601375605,0.0051599418601375605,0.0051599418601375605

mean_time: , 9472.095972919464
best_solution: , 0.831875
worst_solution: , 0.845625
mean_solution: , 0.8386249999999998
std_solution: , 0.0051599418601375605



solutions runs are : 



0.834375

0.845625

0.831875

0.838125

0.843125

