# Scenario 269
Mean curve: 0.6771666666666667,0.681125,0.6856666666666668,0.689875,0.6908749999999999,0.6924166666666667,0.6924166666666667,0.697125,0.6983333333333334,0.7021666666666666,0.703875,0.7064583333333333,0.707875,0.7080833333333334,0.7115,0.7135,0.7160833333333334,0.7164583333333334,0.7194583333333334,0.720375,0.7204583333333334,0.7213333333333334,0.7263333333333335,0.7263333333333335,0.7271666666666667,0.7273333333333334,0.72875,0.72875,0.730125,0.73175,0.73275,0.736125,0.736125,0.736125,0.736125,0.7390416666666666,0.7392916666666667,0.739625,0.7411666666666666,0.7422500000000001,0.7423750000000001,0.7423750000000001,0.7450833333333333,0.7450833333333333,0.74525,0.7462083333333334,0.7471666666666666,0.7471666666666666,0.7484166666666667,0.7485416666666668,0.75225,0.753375,0.753375,0.753375,0.7537916666666666,0.7537916666666666,0.7599166666666667,0.7599166666666667,0.7599166666666667,0.7606249999999999,0.7606249999999999,0.7606249999999999,0.7637499999999999,0.7637499999999999,0.7637499999999999,0.7637499999999999,0.7637499999999999,0.7655416666666668,0.7655416666666668,0.7655416666666668,0.7667083333333333,0.7668333333333333,0.7668333333333333,0.7682083333333333,0.7690416666666666,0.7690416666666666,0.7695416666666666,0.7713333333333333,0.7721666666666668,0.7721666666666668,0.772625,0.772625,0.7742083333333334,0.7752916666666667,0.7752916666666667,0.7772500000000001,0.7775000000000001,0.7803333333333333,0.7831666666666667,0.7831666666666667,0.7831666666666667,0.7831666666666667,0.7831666666666667,0.784,0.784,0.7853333333333333,0.7873333333333334,0.7873333333333334,0.7873333333333334,0.7877916666666667
Std curve: 0.010977881803375776,0.008536685539481939,0.00425408300603341,0.00612599198316304,0.004755114205895708,0.003690735397963107,0.003690735397963107,0.0048473217118093,0.0031430036942743473,0.003052207761968723,0.0019878100736460762,0.004314059701848254,0.0036142080737002332,0.0034445004475733994,0.00353160335006954,0.006189148209209074,0.003962497809322932,0.003809709816887507,0.0050922053724841,0.004718462555630719,0.004718462555630719,0.005061428213020095,0.008052130497921401,0.008052130497921401,0.0068040531221389864,0.0065767372018518825,0.006683572314929277,0.006683572314929277,0.0077623110104029155,0.007125609135755047,0.008267867856278857,0.004130257592182088,0.004130257592182088,0.004130257592182088,0.004130257592182088,0.007599570528801119,0.007384057526560577,0.007141185320223668,0.0068002246694911245,0.006018490028422606,0.00583124962784328,0.00583124962784328,0.004077376607575048,0.004077376607575048,0.003869395588747987,0.003711375156940575,0.004463587246947372,0.004463587246947372,0.0031335992794938624,0.0032702361450580963,0.005346338310781837,0.005967795517050967,0.005967795517050967,0.005967795517050967,0.006574096896152374,0.006574096896152374,0.008570175999748573,0.008570175999748573,0.008570175999748573,0.008176652058690576,0.008176652058690576,0.008176652058690576,0.007027969913930411,0.007027969913930411,0.007027969913930411,0.007027969913930411,0.007027969913930411,0.007247604968386292,0.007247604968386292,0.007247604968386292,0.006218531891764222,0.006142689874060771,0.006142689874060771,0.006989078782087246,0.007977398629182869,0.007977398629182869,0.008402215316344963,0.007811361028086637,0.006426129386254898,0.006426129386254898,0.006857427036108766,0.006857427036108766,0.008930091140507903,0.00980238774766412,0.00980238774766412,0.007558108228915483,0.007338539818428915,0.006895298317613875,0.007462173127030597,0.007462173127030597,0.007462173127030597,0.007462173127030597,0.007462173127030597,0.007887446073067968,0.007887446073067968,0.009176699055518569,0.011092571338012149,0.011092571338012149,0.011092571338012149,0.010735616993085317

mean_time: , 21738.268673801424
best_solution: , 0.7714583333333334
worst_solution: , 0.8010416666666667
mean_solution: , 0.7877916666666667
std_solution: , 0.010735616993085317



solutions runs are : 



0.7714583333333334

0.8010416666666667

0.7802083333333333

0.79625

0.79

