# Scenario 131
Mean curve: 0.8,0.8136666666666666,0.8228333333333333,0.8270000000000002,0.8328333333333333,0.8328333333333333,0.8338333333333333,0.8398333333333333,0.8398333333333333,0.8446666666666667,0.8466666666666667,0.8466666666666667,0.8481666666666667,0.8481666666666667,0.8513333333333334,0.8538333333333334,0.8538333333333334,0.8550000000000001,0.8553333333333333,0.8553333333333333,0.8553333333333333,0.8553333333333333,0.8586666666666666,0.8586666666666666,0.8586666666666666,0.859,0.8594999999999999,0.8603333333333332,0.861,0.8611666666666666,0.8636666666666667,0.8636666666666667,0.8644999999999999,0.8644999999999999,0.8656666666666666,0.8675,0.8675,0.8675,0.8675,0.8681666666666666,0.8681666666666666,0.8686666666666667,0.8713333333333333,0.8713333333333333,0.8713333333333333,0.8726666666666667,0.8726666666666667,0.8728333333333333,0.8728333333333333,0.8728333333333333,0.8728333333333333,0.8744999999999999,0.8746666666666666,0.8746666666666666,0.8756666666666666,0.8756666666666666,0.876,0.876,0.877,0.877,0.877,0.8776666666666666,0.8781666666666667,0.8781666666666667,0.8781666666666667,0.8781666666666667,0.8781666666666667,0.8783333333333333,0.8786666666666665,0.8786666666666665,0.8786666666666665,0.8789999999999999,0.8789999999999999,0.8789999999999999,0.8789999999999999,0.8791666666666668,0.8791666666666668,0.8791666666666668,0.8806666666666665,0.8806666666666665,0.8806666666666665,0.8806666666666665,0.8826666666666666,0.8826666666666666,0.8826666666666666,0.884,0.884,0.884,0.8905,0.8916666666666666,0.8916666666666666,0.8916666666666666,0.8916666666666666,0.8916666666666666,0.8916666666666666,0.8916666666666666,0.892,0.892,0.893,0.893
Std curve: 0.021641010450839254,0.018675593103775243,0.013800161029656303,0.009273618495495727,0.008733715004382626,0.008733715004382626,0.008733715004382624,0.010129714266015149,0.010129714266015149,0.006046119049072343,0.006624868971450596,0.006624868971450596,0.006548960901462836,0.006548960901462836,0.0064463598686045655,0.004268749491621889,0.004268749491621889,0.002981423969999714,0.0036362373715452486,0.0036362373715452486,0.0036362373715452486,0.0036362373715452486,0.0066583281184794,0.0066583281184794,0.0066583281184794,0.006463573143221774,0.006249444419750896,0.005976807025680378,0.006442049363362583,0.006271629240742276,0.0054416092391048505,0.0054416092391048505,0.004236088342379629,0.004236088342379629,0.0035901098714230186,0.003689323936863114,0.003689323936863114,0.003689323936863114,0.003689323936863114,0.002758824226207822,0.002758824226207822,0.0028185890875479743,0.006595452979136451,0.006595452979136451,0.006595452979136451,0.005807083796728101,0.005807083796728101,0.005617433182117553,0.005617433182117553,0.005617433182117553,0.005617433182117553,0.005763872155263499,0.005691123692987928,0.005691123692987928,0.005661762583820979,0.005661762583820979,0.005147815070493491,0.005147815070493491,0.004847679857416332,0.004847679857416332,0.004847679857416332,0.0037043517951487913,0.0039228674319799275,0.0039228674319799275,0.0039228674319799275,0.0039228674319799275,0.0039228674319799275,0.0036514837167010905,0.0036362373715452183,0.0036362373715452183,0.0036362373715452183,0.004096068575814828,0.004096068575814828,0.004096068575814828,0.004096068575814828,0.004116363011742815,0.004116363011742815,0.004116363011742815,0.0029059326290271355,0.0029059326290271355,0.0029059326290271355,0.0029059326290271355,0.005011098792791003,0.005011098792791003,0.005011098792791003,0.007348469228349542,0.007348469228349542,0.007348469228349542,0.009377869931090145,0.007940752833047734,0.007940752833047734,0.007940752833047734,0.007940752833047734,0.007940752833047734,0.007940752833047734,0.007940752833047734,0.007612124831112821,0.007612124831112821,0.006924192692613661,0.006924192692613661

mean_time: , 5414.396355819702
best_solution: , 0.885
worst_solution: , 0.9041666666666667
mean_solution: , 0.893
std_solution: , 0.006924192692613661



solutions runs are : 



0.89

0.9041666666666667

0.8883333333333333

0.885

0.8975

