# Scenario 448
Mean curve: 0.6901111111111111,0.6912777777777779,0.6917222222222222,0.6921666666666667,0.6932777777777778,0.6969444444444444,0.6969444444444444,0.6971666666666667,0.6979444444444445,0.6979444444444445,0.6979444444444445,0.7,0.7,0.7,0.7,0.7,0.7003333333333334,0.7003333333333334,0.7003333333333334,0.7003333333333334,0.7003333333333334,0.7003333333333334,0.7003333333333334,0.701388888888889,0.701388888888889,0.701388888888889,0.7022222222222222,0.7040555555555554,0.7040555555555554,0.7040555555555554,0.7040555555555554,0.7040555555555554,0.7040555555555554,0.7040555555555554,0.7040555555555554,0.7040555555555554,0.7040555555555554,0.7040555555555554,0.7040555555555554,0.7040555555555554,0.7040555555555554,0.7040555555555554,0.7040555555555554,0.7040555555555554,0.7040555555555554,0.7040555555555554,0.7045555555555555,0.7045555555555555,0.7045555555555555,0.7045555555555555,0.7054444444444444,0.7054444444444444,0.7054444444444444,0.7054444444444444,0.7054444444444444,0.7054444444444444,0.7054444444444444,0.7054444444444444,0.7054444444444444,0.7054444444444444,0.7054444444444444,0.7054444444444444,0.7054444444444444,0.7054444444444444,0.7054444444444444,0.7054444444444444,0.7054444444444444,0.7054444444444444,0.7054444444444444,0.7054444444444444,0.7055,0.7055,0.7055,0.7055,0.7073888888888888,0.707888888888889,0.707888888888889,0.707888888888889,0.707888888888889,0.707888888888889,0.707888888888889,0.707888888888889,0.707888888888889,0.707888888888889,0.707888888888889,0.707888888888889,0.707888888888889,0.707888888888889,0.707888888888889,0.707888888888889,0.707888888888889,0.707888888888889,0.707888888888889,0.707888888888889,0.707888888888889,0.7104444444444444,0.7104444444444444,0.7104444444444444,0.7104444444444444,0.7104444444444444
Std curve: 0.004679875486367251,0.004229525846816493,0.004275973645531953,0.00400770862152697,0.0040230815533847985,0.007718024438583216,0.007718024438583216,0.007577582271834434,0.00728095774462482,0.00728095774462482,0.00728095774462482,0.005302573332884448,0.005302573332884448,0.005302573332884448,0.005302573332884448,0.005302573332884448,0.005059522253345554,0.005059522253345554,0.005059522253345554,0.005059522253345554,0.005059522253345554,0.005059522253345554,0.005059522253345554,0.004756412176223115,0.004756412176223115,0.004756412176223115,0.004186987484759289,0.004986401260514883,0.004986401260514883,0.004986401260514883,0.004986401260514883,0.004986401260514883,0.004986401260514883,0.004986401260514883,0.004986401260514883,0.004986401260514883,0.004986401260514883,0.004986401260514883,0.004986401260514883,0.004986401260514883,0.004986401260514883,0.004986401260514883,0.004986401260514883,0.004986401260514883,0.004986401260514883,0.004986401260514883,0.005615235008219242,0.005615235008219242,0.005615235008219242,0.005615235008219242,0.00480996907153631,0.00480996907153631,0.00480996907153631,0.00480996907153631,0.00480996907153631,0.00480996907153631,0.00480996907153631,0.00480996907153631,0.00480996907153631,0.00480996907153631,0.00480996907153631,0.00480996907153631,0.00480996907153631,0.00480996907153631,0.00480996907153631,0.00480996907153631,0.00480996907153631,0.00480996907153631,0.00480996907153631,0.00480996907153631,0.004888888888888909,0.004888888888888909,0.004888888888888909,0.004888888888888909,0.005180685878611039,0.004613453220450398,0.004613453220450398,0.004613453220450398,0.004613453220450398,0.004613453220450398,0.004613453220450398,0.004613453220450398,0.004613453220450398,0.004613453220450398,0.004613453220450398,0.004613453220450398,0.004613453220450398,0.004613453220450398,0.004613453220450398,0.004613453220450398,0.004613453220450398,0.004613453220450398,0.004613453220450398,0.004613453220450398,0.004613453220450398,0.004911563578955662,0.004911563578955662,0.004911563578955662,0.004911563578955662,0.004911563578955662

mean_time: , 17157.74272942543
best_solution: , 0.7013888888888888
worst_solution: , 0.7161111111111111
mean_solution: , 0.7104444444444444
std_solution: , 0.004911563578955662



solutions runs are : 



0.7119444444444445

0.7102777777777778

0.7125

0.7161111111111111

0.7013888888888888

