# Scenario 4
Mean curve: 0.6797087202190568,0.7157930403342345,0.7367845399178655,0.7708105452377463,0.7965708590888803,0.8209337932118673,0.8296861158951929,0.8520512610616514,0.8671079367277186,0.8841940924325863,0.8894757776881468,0.9006091537841343,0.9069951903905201,0.9144144897602514,0.9237452877913714,0.9276112938340472,0.9329528968447036,0.9350036727812905,0.9376254202448188,0.9425083083167017,0.9432511313427229,0.9432511313427229,0.944673237926167,0.9454338060658742,0.9493603854759455,0.9498833669484673,0.952474412639144,0.9551896877158542,0.9563900768629943,0.9591709267544332,0.9598719357825798,0.9598719357825798,0.9602522002054199,0.962013441044928,0.9627887651236705,0.9627887651236705,0.9629157786241122,0.9629157786241122,0.9632731106962968,0.9640187984133594,0.9640187984133594,0.9640187984133594,0.9640187984133594,0.9640187984133594,0.9643708789513724,0.9643708789513724,0.965278405260975,0.965278405260975,0.9668686897400484,0.9684422198887337,0.9684422198887337,0.9684422198887337,0.9684646320310082,0.9684646320310082,0.9684646320310082,0.9684646320310082,0.96888862282552,0.96888862282552,0.96888862282552,0.96888862282552,0.96888862282552,0.96888862282552,0.96888862282552,0.96888862282552,0.96888862282552,0.9700195951316694,0.971683354748442,0.9726957317716092,0.9726957317716092,0.9726957317716092,0.9732009077550462,0.9732009077550462,0.9732009077550462,0.9732009077550462,0.9732009077550462,0.9732009077550462,0.9732401319997581,0.9732401319997581,0.9732401319997581,0.9732401319997581,0.9732401319997581,0.9732401319997581,0.9732401319997581,0.9732401319997581,0.9732401319997581,0.9732401319997581,0.9732401319997581,0.973356928673278,0.973356928673278,0.9743081771869523,0.9743081771869523,0.9743081771869523,0.9743081771869523,0.9743081771869523,0.9743081771869523,0.9743081771869523,0.9743081771869523,0.9743081771869523,0.9743081771869523,0.9743081771869523
Std curve: 0.010881056153175353,0.02060818135655258,0.016570513296457305,0.020596049492329797,0.019671300916552743,0.013916639659432708,0.02124340266732077,0.018077764514024694,0.01568777844442509,0.010093165544606503,0.00765915131552001,0.008887635910537626,0.007266324749842818,0.009687231178153727,0.016640838768185104,0.013724526815659967,0.011133119822327174,0.010740390358178338,0.009855442605960437,0.013078864728141652,0.012419325541066362,0.012419325541066362,0.010822239608851031,0.011028192492359609,0.009428054630214447,0.009534483656570536,0.004803437574156355,0.007392656867958002,0.007406737472079986,0.0047643248026413825,0.0038916293222566547,0.0038916293222566547,0.003584436754207877,0.0028426299411682576,0.002767106391202089,0.002767106391202089,0.0028233141137274124,0.0028233141137274124,0.0022708258615586376,0.002926368998741879,0.002926368998741879,0.002926368998741879,0.002926368998741879,0.002926368998741879,0.0034231964138794107,0.0034231964138794107,0.0040928242628172715,0.0040928242628172715,0.005255665469590173,0.004776351132092738,0.004776351132092738,0.004776351132092738,0.004784152556995703,0.004784152556995703,0.004784152556995703,0.004784152556995703,0.005005616951433547,0.005005616951433547,0.005005616951433547,0.005005616951433547,0.005005616951433547,0.005005616951433547,0.005005616951433547,0.005005616951433547,0.005005616951433547,0.0048357379728674365,0.006999674263831229,0.006774463416259075,0.006774463416259075,0.006774463416259075,0.00688563285732559,0.00688563285732559,0.00688563285732559,0.00688563285732559,0.00688563285732559,0.00688563285732559,0.00681857315959965,0.00681857315959965,0.00681857315959965,0.00681857315959965,0.00681857315959965,0.00681857315959965,0.00681857315959965,0.00681857315959965,0.00681857315959965,0.00681857315959965,0.00681857315959965,0.006620374358876973,0.006620374358876973,0.005118569495011211,0.005118569495011211,0.005118569495011211,0.005118569495011211,0.005118569495011211,0.005118569495011211,0.005118569495011211,0.005118569495011211,0.005118569495011211,0.005118569495011211,0.005118569495011211

mean_time: , 7661.518374967575
best_solution: , 0.9669441141498216
worst_solution: , 0.982707622298066
mean_solution: , 0.9743081771869523
std_solution: , 0.005118569495011211



solutions runs are : 



0.9669441141498216

0.982707622298066

0.973881499395405

0.9757142857142858

0.9722933643771827

