# Scenario 56
Mean curve: 0.7404999999999999,0.7606666666666667,0.7743333333333333,0.7883333333333333,0.7968333333333334,0.8093333333333333,0.8206666666666667,0.8363333333333334,0.8486666666666668,0.8558333333333333,0.8601666666666666,0.8653333333333333,0.8721666666666668,0.8833333333333332,0.8863333333333333,0.8911666666666667,0.8953333333333333,0.8971666666666666,0.8993333333333334,0.9046666666666665,0.9088333333333335,0.9116666666666667,0.9123333333333333,0.9126666666666667,0.9153333333333332,0.9174999999999999,0.9253333333333333,0.9295,0.93,0.9306666666666666,0.9306666666666666,0.9331666666666667,0.9331666666666667,0.9358333333333334,0.9361666666666666,0.938,0.9386666666666666,0.9416666666666668,0.9426666666666668,0.9438333333333334,0.9455,0.9458333333333334,0.9458333333333334,0.9458333333333334,0.9458333333333334,0.9458333333333334,0.9458333333333334,0.9461666666666666,0.9463333333333332,0.9476666666666667,0.9488333333333333,0.9488333333333333,0.9498333333333333,0.9498333333333333,0.9498333333333333,0.9501666666666667,0.9503333333333334,0.9513333333333331,0.9538333333333334,0.9538333333333334,0.9545,0.9556666666666667,0.9556666666666667,0.9556666666666667,0.9556666666666667,0.9556666666666667,0.9559999999999998,0.9581666666666667,0.9581666666666667,0.9581666666666667,0.9581666666666667,0.9581666666666667,0.9588333333333333,0.9588333333333333,0.959,0.9603333333333334,0.9603333333333334,0.9603333333333334,0.9603333333333334,0.9608333333333332,0.961,0.961,0.961,0.961,0.961,0.9616666666666667,0.9616666666666667,0.9621666666666666,0.9621666666666666,0.9623333333333333,0.9623333333333333,0.9623333333333333,0.9625,0.9625,0.9625,0.9625,0.9625,0.9625,0.9625,0.9625
Std curve: 0.005517648452415618,0.008356634091147778,0.008017342313870492,0.006191391873668885,0.003922867431979944,0.011197718021493877,0.007717224601860168,0.009840392946083699,0.002147349787787529,0.0032914029430219246,0.005807083796728121,0.006658328118479391,0.00684348838921593,0.008449194570424366,0.0068434883892159164,0.010402991022884837,0.007464731892186227,0.007898663740715194,0.00740495329717434,0.009582971007643364,0.006595452979136458,0.008530989261379811,0.008634555897992406,0.008650626181573997,0.008589399151150078,0.009324400487132902,0.011457651494864806,0.010509255180289605,0.00987420882906575,0.008650626181573959,0.008650626181573959,0.0053593117302711745,0.0053593117302711745,0.003979112128771097,0.0037490739597339836,0.002560381915956187,0.0017950549357114995,0.002472066162365203,0.002260776661041751,0.0020138409955990978,0.002273030282830986,0.002527625148017198,0.002527625148017198,0.002527625148017198,0.002527625148017198,0.002527625148017198,0.002527625148017198,0.002392116682401242,0.002333333333333351,0.0033499585403736413,0.002666666666666681,0.002666666666666681,0.0016158932858054299,0.0016158932858054299,0.0016158932858054299,0.001433720877840427,0.0012472191289246344,0.001795054935711516,0.0037490739597340083,0.0037490739597340083,0.003100179206289735,0.003223179934302311,0.003223179934302311,0.003223179934302311,0.003223179934302311,0.003223179934302311,0.0031358146203711596,0.0016158932858054437,0.0016158932858054437,0.0016158932858054437,0.0016158932858054437,0.0016158932858054437,0.0018708286933869665,0.0018708286933869665,0.001855921454276671,0.0014529663145135608,0.0014529663145135608,0.0014529663145135608,0.0014529663145135608,0.0018257418583505554,0.0021343747458109573,0.0021343747458109573,0.0021343747458109573,0.0021343747458109573,0.0021343747458109573,0.0019720265943665464,0.0019720265943665464,0.0020138409955991103,0.0020138409955991103,0.002068278940998495,0.002068278940998495,0.002068278940998495,0.002173067468400891,0.002173067468400891,0.002173067468400891,0.002173067468400891,0.002173067468400891,0.002173067468400891,0.002173067468400891,0.002173067468400891

mean_time: , 6585.944439506531
best_solution: , 0.9591666666666666
worst_solution: , 0.965
mean_solution: , 0.9625
std_solution: , 0.002173067468400891



solutions runs are : 



0.9608333333333333

0.9633333333333334

0.9591666666666666

0.965

0.9641666666666666

