# Scenario 393
Mean curve: 0.7054,0.708,0.7112666666666667,0.7120666666666666,0.7120666666666666,0.7120666666666666,0.7120666666666666,0.7130000000000001,0.7130000000000001,0.7148000000000001,0.7158,0.7164,0.7164,0.7166,0.7174,0.7187333333333334,0.7187333333333334,0.7194666666666667,0.7208666666666667,0.7209333333333333,0.7260666666666667,0.7260666666666667,0.7260666666666667,0.7286,0.7286,0.7286,0.7288,0.7288,0.7291333333333334,0.7291333333333334,0.7291333333333334,0.7291333333333334,0.7291333333333334,0.7291333333333334,0.7291333333333334,0.7293333333333334,0.7293333333333334,0.7293333333333334,0.7304,0.7304,0.7304,0.7306666666666668,0.7314,0.7314,0.7314,0.7318666666666667,0.7318666666666667,0.7318666666666667,0.7318666666666667,0.7323333333333333,0.7331333333333333,0.7340666666666666,0.7341333333333334,0.7341333333333334,0.7341333333333334,0.7349333333333333,0.7351333333333334,0.7351333333333334,0.7351333333333334,0.7352666666666667,0.7352666666666667,0.7352666666666667,0.7368,0.7381333333333334,0.7388,0.7388,0.7396666666666667,0.7396666666666667,0.7401333333333333,0.7401333333333333,0.7401333333333333,0.7401333333333333,0.7402,0.7402,0.7407333333333334,0.7421333333333334,0.7440666666666667,0.7440666666666667,0.7443333333333333,0.7443333333333333,0.7443333333333333,0.745,0.7464666666666667,0.7470666666666667,0.7470666666666667,0.7470666666666667,0.7470666666666667,0.7475999999999999,0.7475999999999999,0.7475999999999999,0.7475999999999999,0.7482,0.7482,0.7482,0.7483333333333333,0.7483333333333333,0.7483333333333333,0.7483333333333333,0.7485333333333333,0.7485333333333333
Std curve: 0.008483709880313762,0.004844240566555994,0.006597642676660291,0.006516304337753291,0.006516304337753291,0.006516304337753291,0.006516304337753291,0.00574649651720267,0.00574649651720267,0.005908938614976106,0.0064793689679028535,0.006757382793820584,0.006757382793820584,0.00689411987775736,0.007593564526770188,0.008877937698462285,0.008877937698462285,0.009824233077220619,0.011346267129667718,0.011381075910865771,0.0170768198965082,0.0170768198965082,0.0170768198965082,0.019145524571322448,0.019145524571322448,0.019145524571322448,0.019389114930232848,0.019389114930232848,0.019761466432316112,0.019761466432316112,0.019761466432316112,0.019761466432316112,0.019761466432316112,0.019761466432316112,0.019761466432316112,0.019992220709288144,0.019992220709288144,0.019992220709288144,0.019182631032612144,0.019182631032612144,0.019182631032612144,0.019100901665744612,0.018951868861231982,0.018951868861231982,0.018951868861231982,0.01891571950639059,0.01891571950639059,0.01891571950639059,0.01891571950639059,0.019209951124930614,0.01927646809512113,0.019520245900090518,0.01954436548528048,0.01954436548528048,0.01954436548528048,0.02035179489763879,0.020418510120857405,0.020418510120857405,0.020418510120857405,0.020560371808138318,0.020560371808138318,0.020560371808138318,0.018420519958881592,0.01820085468078657,0.017435085953967127,0.017435085953967127,0.01654757451175918,0.01654757451175918,0.016410836528207677,0.016410836528207677,0.016410836528207677,0.016410836528207677,0.016352505754300917,0.016352505754300917,0.016830395783291093,0.015806609025622455,0.0167933849410349,0.0167933849410349,0.017000653582207426,0.017000653582207426,0.017000653582207426,0.017221433673703754,0.019023494246150807,0.019838682751970524,0.019838682751970524,0.019838682751970524,0.019838682751970524,0.01948606339583924,0.01948606339583924,0.01948606339583924,0.01948606339583924,0.0198400268817022,0.0198400268817022,0.0198400268817022,0.01975741773500665,0.01975741773500665,0.01975741773500665,0.01975741773500665,0.019804152202112665,0.019804152202112665

mean_time: , 18043.187380361556
best_solution: , 0.7176666666666667
worst_solution: , 0.7746666666666666
mean_solution: , 0.7485333333333333
std_solution: , 0.019804152202112665



solutions runs are : 



0.7746666666666666

0.752

0.7616666666666667

0.7176666666666667

0.7366666666666667

