# Scenario 427
Mean curve: 0.737,0.7374166666666666,0.7374166666666666,0.7393333333333334,0.7410833333333333,0.7428333333333333,0.7428333333333333,0.7428333333333333,0.7445,0.7445,0.7483333333333334,0.7483333333333334,0.7483333333333334,0.7483333333333334,0.7483333333333334,0.7483333333333334,0.7483333333333334,0.7483333333333334,0.7483333333333334,0.7484166666666667,0.7484166666666667,0.7484166666666667,0.7484166666666667,0.7484166666666667,0.7484166666666667,0.7484166666666667,0.7484166666666667,0.7488333333333334,0.7488333333333334,0.7488333333333334,0.7488333333333334,0.7488333333333334,0.7488333333333334,0.7488333333333334,0.7488333333333334,0.7495,0.7495,0.7495,0.7495,0.7495,0.7495,0.7495,0.7499166666666668,0.7499166666666668,0.7499166666666668,0.7499166666666668,0.75075,0.75075,0.75075,0.75075,0.75075,0.75075,0.75075,0.75075,0.75075,0.75075,0.75075,0.75075,0.75075,0.75075,0.75075,0.75075,0.75075,0.75075,0.75075,0.75075,0.75075,0.75075,0.75075,0.75075,0.75075,0.75075,0.75075,0.75075,0.75075,0.7535000000000001,0.7546666666666667,0.7546666666666667,0.7546666666666667,0.7546666666666667,0.7546666666666667,0.7546666666666667,0.7546666666666667,0.7546666666666667,0.7546666666666667,0.7548333333333334,0.7548333333333334,0.7548333333333334,0.7548333333333334,0.7551666666666668,0.7551666666666668,0.7551666666666668,0.7551666666666668,0.7551666666666668,0.7551666666666668,0.7551666666666668,0.7551666666666668,0.7551666666666668,0.7551666666666668,0.7551666666666668
Std curve: 0.005345039236941523,0.005345039236941518,0.005345039236941518,0.004629314804110378,0.006110100926607778,0.008824681297361395,0.008824681297361395,0.008824681297361395,0.00834748797876077,0.00834748797876077,0.01093224079907173,0.01093224079907173,0.01093224079907173,0.01093224079907173,0.01093224079907173,0.01093224079907173,0.01093224079907173,0.01093224079907173,0.01093224079907173,0.010898521816181195,0.010898521816181195,0.010898521816181195,0.010898521816181195,0.010898521816181195,0.010898521816181195,0.010898521816181195,0.010898521816181195,0.010271995370369316,0.010271995370369316,0.010271995370369316,0.010271995370369316,0.010271995370369316,0.010271995370369316,0.010271995370369316,0.010271995370369316,0.009337052830286198,0.009337052830286198,0.009337052830286198,0.009337052830286198,0.009337052830286198,0.009337052830286198,0.009337052830286198,0.008804985961248192,0.008804985961248192,0.008804985961248192,0.008804985961248192,0.00789866374071519,0.00789866374071519,0.00789866374071519,0.00789866374071519,0.00789866374071519,0.00789866374071519,0.00789866374071519,0.00789866374071519,0.00789866374071519,0.00789866374071519,0.00789866374071519,0.00789866374071519,0.00789866374071519,0.00789866374071519,0.00789866374071519,0.00789866374071519,0.00789866374071519,0.00789866374071519,0.00789866374071519,0.00789866374071519,0.00789866374071519,0.00789866374071519,0.00789866374071519,0.00789866374071519,0.00789866374071519,0.00789866374071519,0.00789866374071519,0.00789866374071519,0.00789866374071519,0.007512027393157959,0.006176793486735466,0.006176793486735466,0.006176793486735466,0.006176793486735466,0.006176793486735466,0.006176793486735466,0.006176793486735466,0.006176793486735466,0.006176793486735466,0.00594301644322513,0.00594301644322513,0.00594301644322513,0.00594301644322513,0.0055063095122272684,0.0055063095122272684,0.0055063095122272684,0.0055063095122272684,0.0055063095122272684,0.0055063095122272684,0.0055063095122272684,0.0055063095122272684,0.0055063095122272684,0.0055063095122272684,0.0055063095122272684

mean_time: , 9796.50154504776
best_solution: , 0.7483333333333333
worst_solution: , 0.7625
mean_solution: , 0.7551666666666668
std_solution: , 0.0055063095122272684



solutions runs are : 



0.7579166666666667

0.7491666666666666

0.7579166666666667

0.7483333333333333

0.7625

