# Scenario 184
Mean curve: 0.46796119045949114,0.46796119045949114,0.46796119045949114,0.46967915183417397,0.46967915183417397,0.46967915183417397,0.47117748571588125,0.47117748571588125,0.47117748571588125,0.4767967060113573,0.4767967060113573,0.4767967060113573,0.4767967060113573,0.4767967060113573,0.4767967060113573,0.4767967060113573,0.4767967060113573,0.4767967060113573,0.4767967060113573,0.4767967060113573,0.4776049804352895,0.4776049804352895,0.4776049804352895,0.47773269951086544,0.47773269951086544,0.47773269951086544,0.47773269951086544,0.47773269951086544,0.47773269951086544,0.4784730195252605,0.4800182308407062,0.4800182308407062,0.4864368298926765,0.4864368298926765,0.4864368298926765,0.4864368298926765,0.4864368298926765,0.4885903856003632,0.4885903856003632,0.4889235740409938,0.4889235740409938,0.4889235740409938,0.4889235740409938,0.4889235740409938,0.48899622289695144,0.48899622289695144,0.490984719091535,0.490984719091535,0.490984719091535,0.4935304567277064,0.4935304567277064,0.4935304567277064,0.4935304567277064,0.4935304567277064,0.4935304567277064,0.4935304567277064,0.4935304567277064,0.49433751749194393,0.49433751749194393,0.49433751749194393,0.49433751749194393,0.49433751749194393,0.49433751749194393,0.4960417656277423,0.4960417656277423,0.4960417656277423,0.4960417656277423,0.4960417656277423,0.4960417656277423,0.4960417656277423,0.4960417656277423,0.4960417656277423,0.4960417656277423,0.4960417656277423,0.4960417656277423,0.4987245128615932,0.4987245128615932,0.4987245128615932,0.4987245128615932,0.4987245128615932,0.4987245128615932,0.4987245128615932,0.4987245128615932,0.4987245128615932,0.4987245128615932,0.4996136567090181,0.4996136567090181,0.4996136567090181,0.4996136567090181,0.4996136567090181,0.5002953187482115,0.5002953187482115,0.5002953187482115,0.5002953187482115,0.5002953187482115,0.5002953187482115,0.5002953187482115,0.5002953187482115,0.5023953759732553,0.5023953759732553
Std curve: 0.005068191173763564,0.005068191173763564,0.005068191173763564,0.005757194182624261,0.005757194182624261,0.005757194182624261,0.003235319427071815,0.003235319427071815,0.003235319427071815,0.006826411427695154,0.006826411427695154,0.006826411427695154,0.006826411427695154,0.006826411427695154,0.006826411427695154,0.006826411427695154,0.006826411427695154,0.006826411427695154,0.006826411427695154,0.006826411427695154,0.007478587011045734,0.007478587011045734,0.007478587011045734,0.007326413204848489,0.007326413204848489,0.007326413204848489,0.007326413204848489,0.007326413204848489,0.007326413204848489,0.006571740517984254,0.0065489602522604655,0.0065489602522604655,0.008155659721857467,0.008155659721857467,0.008155659721857467,0.008155659721857467,0.008155659721857467,0.005374704133884704,0.005374704133884704,0.0053576226366378755,0.0053576226366378755,0.0053576226366378755,0.0053576226366378755,0.0053576226366378755,0.0053648935236722236,0.0053648935236722236,0.003537947287891821,0.003537947287891821,0.003537947287891821,0.003411103703080367,0.003411103703080367,0.003411103703080367,0.003411103703080367,0.003411103703080367,0.003411103703080367,0.003411103703080367,0.003411103703080367,0.003431243968542245,0.003431243968542245,0.003431243968542245,0.003431243968542245,0.003431243968542245,0.003431243968542245,0.0027403719454929445,0.0027403719454929445,0.0027403719454929445,0.0027403719454929445,0.0027403719454929445,0.0027403719454929445,0.0027403719454929445,0.0027403719454929445,0.0027403719454929445,0.0027403719454929445,0.0027403719454929445,0.0027403719454929445,0.00611912224053339,0.00611912224053339,0.00611912224053339,0.00611912224053339,0.00611912224053339,0.00611912224053339,0.00611912224053339,0.00611912224053339,0.00611912224053339,0.00611912224053339,0.0052097877853319804,0.0052097877853319804,0.0052097877853319804,0.0052097877853319804,0.0052097877853319804,0.004911661543716825,0.004911661543716825,0.004911661543716825,0.004911661543716825,0.004911661543716825,0.004911661543716825,0.004911661543716825,0.004911661543716825,0.005831795230373134,0.005831795230373134

mean_time: , 108627.77232394219
best_solution: , 0.49559886139697834
worst_solution: , 0.5097842667247766
mean_solution: , 0.5023953759732553
std_solution: , 0.005831795230373134



solutions runs are : 



0.49559886139697834

0.49819932998324956

0.5097842667247766

0.4994453248811411

0.5089490968801313

