# Scenario 415
Mean curve: 0.8065,0.8135,0.818,0.8185,0.8190000000000002,0.8190000000000002,0.8190000000000002,0.8205,0.8205,0.8205,0.8205,0.8205,0.8205,0.8205,0.8205,0.8210000000000001,0.8210000000000001,0.8210000000000001,0.8210000000000001,0.8210000000000001,0.8210000000000001,0.8210000000000001,0.8210000000000001,0.8210000000000001,0.8210000000000001,0.8210000000000001,0.8210000000000001,0.8210000000000001,0.8210000000000001,0.8210000000000001,0.8210000000000001,0.8210000000000001,0.8210000000000001,0.8210000000000001,0.8210000000000001,0.8210000000000001,0.8210000000000001,0.8210000000000001,0.8210000000000001,0.8210000000000001,0.8210000000000001,0.8210000000000001,0.8210000000000001,0.8210000000000001,0.8220000000000001,0.8220000000000001,0.8220000000000001,0.8220000000000001,0.8220000000000001,0.8220000000000001,0.8220000000000001,0.8220000000000001,0.8220000000000001,0.8220000000000001,0.8220000000000001,0.8220000000000001,0.8220000000000001,0.8220000000000001,0.8220000000000001,0.8220000000000001,0.8220000000000001,0.8220000000000001,0.8220000000000001,0.8220000000000001,0.8220000000000001,0.8240000000000001,0.8240000000000001,0.8240000000000001,0.8240000000000001,0.8240000000000001,0.8240000000000001,0.8240000000000001,0.8240000000000001,0.8240000000000001,0.8240000000000001,0.8240000000000001,0.8240000000000001,0.8240000000000001,0.8240000000000001,0.8240000000000001,0.8240000000000001,0.8240000000000001,0.8240000000000001,0.8240000000000001,0.8240000000000001,0.8240000000000001,0.8240000000000001,0.8240000000000001,0.8240000000000001,0.8240000000000001,0.8240000000000001,0.8240000000000001,0.8240000000000001,0.8240000000000001,0.8240000000000001,0.8240000000000001,0.8240000000000001,0.8240000000000001,0.8240000000000001,0.8240000000000001
Std curve: 0.01647725705328408,0.009823441352194253,0.011113055385446421,0.010559356040971437,0.010074720839804931,0.010074720839804931,0.010074720839804931,0.009137833441248529,0.009137833441248529,0.009137833441248529,0.009137833441248529,0.009137833441248529,0.009137833441248529,0.009137833441248529,0.009137833441248529,0.009027735042633891,0.009027735042633891,0.009027735042633891,0.009027735042633891,0.009027735042633891,0.009027735042633891,0.009027735042633891,0.009027735042633891,0.009027735042633891,0.009027735042633891,0.009027735042633891,0.009027735042633891,0.009027735042633891,0.009027735042633891,0.009027735042633891,0.009027735042633891,0.009027735042633891,0.009027735042633891,0.009027735042633891,0.009027735042633891,0.009027735042633891,0.009027735042633891,0.009027735042633891,0.009027735042633891,0.009027735042633891,0.009027735042633891,0.009027735042633891,0.009027735042633891,0.009027735042633891,0.007968688725254637,0.007968688725254637,0.007968688725254637,0.007968688725254637,0.007968688725254637,0.007968688725254637,0.007968688725254637,0.007968688725254637,0.007968688725254637,0.007968688725254637,0.007968688725254637,0.007968688725254637,0.007968688725254637,0.007968688725254637,0.007968688725254637,0.007968688725254637,0.007968688725254637,0.007968688725254637,0.007968688725254637,0.007968688725254637,0.007968688725254637,0.00717635004720368,0.00717635004720368,0.00717635004720368,0.00717635004720368,0.00717635004720368,0.00717635004720368,0.00717635004720368,0.00717635004720368,0.00717635004720368,0.00717635004720368,0.00717635004720368,0.00717635004720368,0.00717635004720368,0.00717635004720368,0.00717635004720368,0.00717635004720368,0.00717635004720368,0.00717635004720368,0.00717635004720368,0.00717635004720368,0.00717635004720368,0.00717635004720368,0.00717635004720368,0.00717635004720368,0.00717635004720368,0.00717635004720368,0.00717635004720368,0.00717635004720368,0.00717635004720368,0.00717635004720368,0.00717635004720368,0.00717635004720368,0.00717635004720368,0.00717635004720368,0.00717635004720368

mean_time: , 4606.6802718162535
best_solution: , 0.8175
worst_solution: , 0.8375
mean_solution: , 0.8240000000000001
std_solution: , 0.00717635004720368



solutions runs are : 



0.82

0.8375

0.82

0.825

0.8175

