# Scenario 349
Mean curve: 0.6839999999999999,0.6864999999999999,0.6931666666666667,0.6970555555555557,0.700388888888889,0.7032777777777778,0.7037222222222222,0.7083333333333334,0.7100555555555556,0.7106111111111112,0.7135555555555555,0.7145555555555557,0.7161666666666667,0.7176666666666668,0.7176666666666668,0.7198333333333333,0.7239444444444445,0.7239444444444445,0.7241666666666666,0.7243333333333333,0.7245,0.7288333333333334,0.7289444444444444,0.7308888888888889,0.7318888888888889,0.7318888888888889,0.7318888888888889,0.7339444444444445,0.7339444444444445,0.7366111111111111,0.7366111111111111,0.7386666666666667,0.7386666666666667,0.7405555555555556,0.7412777777777779,0.7412777777777779,0.7426666666666668,0.7436666666666667,0.7466666666666667,0.7476111111111112,0.7496666666666668,0.7515555555555556,0.7515555555555556,0.7531666666666668,0.7543333333333334,0.7543333333333334,0.7548333333333332,0.7548333333333332,0.7555555555555555,0.7558333333333334,0.7558333333333334,0.7558333333333334,0.7568333333333334,0.757,0.757,0.757,0.757,0.7573333333333334,0.7580555555555556,0.7583333333333334,0.7586666666666667,0.759888888888889,0.7641666666666667,0.7641666666666667,0.7643333333333333,0.7647222222222222,0.7647222222222222,0.7649444444444444,0.7649444444444444,0.7661666666666667,0.7671666666666666,0.7693333333333333,0.7693333333333333,0.7693333333333333,0.7703888888888889,0.7703888888888889,0.7703888888888889,0.7704444444444445,0.7715,0.7715,0.7718333333333334,0.7748333333333333,0.7761111111111111,0.7761111111111111,0.7761111111111111,0.7763333333333333,0.7763333333333333,0.7763333333333333,0.7765000000000001,0.7783888888888889,0.7783888888888889,0.7783888888888889,0.7786111111111111,0.7786111111111111,0.7786111111111111,0.7786111111111111,0.7788333333333334,0.7788333333333334,0.7788333333333334,0.779
Std curve: 0.010859086199419348,0.008625615025486644,0.011957486419874425,0.01052568874025781,0.011296508801887047,0.006693003533264894,0.006456406522608781,0.00913715789077695,0.010173494974687898,0.009924716620639613,0.009589410311560187,0.009829723128863956,0.011663227006173303,0.009479672859907346,0.009479672859907346,0.008577173265975693,0.01272622450389182,0.01272622450389182,0.012655209243139925,0.012441964038519087,0.012533165877525919,0.00966634737659152,0.009701406287266642,0.012777053119548083,0.013035327118504548,0.013035327118504548,0.013035327118504548,0.013211713844768547,0.013211713844768547,0.010598450853489249,0.010598450853489249,0.009696632990787293,0.009696632990787293,0.009673688382079514,0.009171884037106184,0.009171884037106184,0.0096698589875709,0.010643493346513795,0.012666179327856991,0.012597275817600062,0.011108888666622197,0.01061620005951769,0.01061620005951769,0.0100317397528612,0.008828964677919536,0.008828964677919536,0.008938403757293314,0.008938403757293314,0.008401572457170534,0.008492916438399105,0.008492916438399105,0.008492916438399105,0.009099247018094211,0.008833857426800425,0.008833857426800425,0.008833857426800425,0.008833857426800425,0.009205473412092442,0.008543642499572075,0.00868694209506218,0.008209073570683177,0.007549425617919155,0.007777777777777782,0.007777777777777782,0.007867733763155764,0.007121086752961935,0.007121086752961935,0.00669761335785799,0.00669761335785799,0.00544727817411344,0.006472639471528971,0.0068009621686753235,0.0068009621686753235,0.0068009621686753235,0.0068009621686753235,0.0068009621686753235,0.0068009621686753235,0.006819090848492922,0.008042326301865594,0.008042326301865594,0.00812251861444315,0.00412609880613937,0.0047499187777331345,0.0047499187777331345,0.0047499187777331345,0.004585942018553117,0.004585942018553117,0.004585942018553117,0.004758358467858635,0.0075121301083935,0.0075121301083935,0.0075121301083935,0.007892018158702139,0.007892018158702139,0.007892018158702139,0.007892018158702139,0.007810249675906672,0.007810249675906672,0.007810249675906672,0.007889280115494751

mean_time: , 13417.601514434815
best_solution: , 0.77
worst_solution: , 0.7922222222222223
mean_solution: , 0.779
std_solution: , 0.007889280115494751



solutions runs are : 



0.7922222222222223

0.77

0.7830555555555555

0.7763888888888889

0.7733333333333333

