# Scenario 51
Mean curve: 0.7475555555555556,0.754,0.7692222222222223,0.7798888888888889,0.7922222222222223,0.802888888888889,0.8139999999999998,0.8196666666666668,0.8274444444444444,0.8338888888888889,0.8392222222222221,0.852,0.8574444444444446,0.8623333333333335,0.868,0.8701111111111111,0.8771111111111111,0.8851111111111111,0.8881111111111111,0.8906666666666666,0.8943333333333333,0.8994444444444445,0.9053333333333333,0.9083333333333334,0.9086666666666666,0.9129999999999999,0.915,0.9162222222222223,0.9185555555555556,0.9199999999999999,0.9224444444444444,0.924,0.9241111111111111,0.9242222222222223,0.9252222222222223,0.9271111111111111,0.9272222222222222,0.9272222222222222,0.9272222222222222,0.9280000000000002,0.9282222222222222,0.9284444444444444,0.9284444444444444,0.9304444444444444,0.9318888888888889,0.9318888888888889,0.9318888888888889,0.9325555555555557,0.9346666666666665,0.9362222222222222,0.9362222222222222,0.9372222222222222,0.9374444444444444,0.9374444444444444,0.9374444444444444,0.9374444444444444,0.9374444444444444,0.9376666666666666,0.9384444444444444,0.9384444444444444,0.9384444444444444,0.9386666666666666,0.9386666666666666,0.9386666666666666,0.9386666666666666,0.9398888888888889,0.9398888888888889,0.9398888888888889,0.9398888888888889,0.9398888888888889,0.9398888888888889,0.9398888888888889,0.9412222222222223,0.9423333333333334,0.9423333333333334,0.9423333333333334,0.9434444444444445,0.9434444444444445,0.9434444444444445,0.9436666666666668,0.9436666666666668,0.9436666666666668,0.9445555555555556,0.9445555555555556,0.9445555555555556,0.9445555555555556,0.9445555555555556,0.9445555555555556,0.9445555555555556,0.9445555555555556,0.9447777777777778,0.9447777777777778,0.9454444444444444,0.9454444444444444,0.9454444444444444,0.9454444444444444,0.9477777777777778,0.9491111111111111,0.9491111111111111,0.9491111111111111
Std curve: 0.010089720964219085,0.011124436454030063,0.006607141665474895,0.004848316495393665,0.00835921905502401,0.0035206621150566365,0.00641564445922316,0.004121608220220325,0.0032317865716108784,0.003928371006591936,0.0018121673811444436,0.005737035841522488,0.006301087501670179,0.004961580791503595,0.006718318425702636,0.006396372428721864,0.010502204354148512,0.009547800470640376,0.007630348761506416,0.007741183754822394,0.008765814632584891,0.009414986739695496,0.0061121211286556,0.009512824352446235,0.009613519287254802,0.007392021057102205,0.006620208493229439,0.005356431463641749,0.004076430295076488,0.004540625942600573,0.008466345867355014,0.00858796171508429,0.008488190779904153,0.00839311887467613,0.007565353124688543,0.007481664830903307,0.007535922203472524,0.007535922203472524,0.007535922203472524,0.008078320324130472,0.007725219242563893,0.007725219242563893,0.007725219242563893,0.008800953932583512,0.0069531057098498,0.0069531057098498,0.0069531057098498,0.006041012097363632,0.00828951442381976,0.009476416471209052,0.009476416471209052,0.009844469525927407,0.009978990275252298,0.009978990275252298,0.009978990275252298,0.009978990275252298,0.009978990275252298,0.0097080849594679,0.008870814958316462,0.008870814958316462,0.008870814958316462,0.009017130473454859,0.009017130473454859,0.009017130473454859,0.009017130473454859,0.008130114724411861,0.008130114724411861,0.008130114724411861,0.008130114724411861,0.008130114724411861,0.008130114724411861,0.008130114724411861,0.005915036290758304,0.005745637099487978,0.005745637099487978,0.005745637099487978,0.006807766080906862,0.006807766080906862,0.006807766080906862,0.006446359868604574,0.006446359868604574,0.006446359868604574,0.006180415104521498,0.006180415104521498,0.006180415104521498,0.006180415104521498,0.006180415104521498,0.006180415104521498,0.006180415104521498,0.006180415104521498,0.006212293665997492,0.006212293665997492,0.006492160514662902,0.006492160514662902,0.006492160514662902,0.006492160514662902,0.0027216552697591,0.004354648431614559,0.004354648431614559,0.004354648431614559

mean_time: , 8332.582391071319
best_solution: , 0.9444444444444444
worst_solution: , 0.9561111111111111
mean_solution: , 0.9491111111111111
std_solution: , 0.004354648431614559



solutions runs are : 



0.9516666666666667

0.945

0.9444444444444444

0.9561111111111111

0.9483333333333334

