# Scenario 297
Mean curve: 0.7323000000000001,0.7331000000000001,0.7406,0.7421,0.7532,0.7532,0.7555000000000001,0.7605,0.7605999999999999,0.7605999999999999,0.7656,0.7678,0.7683,0.7710999999999999,0.7722,0.7731999999999999,0.7731999999999999,0.7767999999999999,0.7798999999999999,0.7798999999999999,0.7798999999999999,0.7802,0.7905,0.7905,0.7922,0.7922,0.7922,0.7922,0.7935,0.7950999999999999,0.7950999999999999,0.7950999999999999,0.7950999999999999,0.7950999999999999,0.7950999999999999,0.7967,0.7967,0.7972,0.7972,0.7972,0.7972,0.7985,0.7985,0.7985,0.7991,0.7991,0.7991,0.7991,0.7998000000000001,0.7999,0.7999,0.8000999999999999,0.8000999999999999,0.8023,0.8023,0.8023,0.8023,0.8023,0.8023,0.8029,0.8029,0.8032,0.8048,0.8048,0.8048,0.8062000000000001,0.8083,0.8090999999999999,0.8090999999999999,0.8090999999999999,0.8093999999999999,0.8093999999999999,0.8096,0.8101,0.8101,0.8101,0.8101,0.8101,0.8105,0.8107,0.8107,0.8119,0.8119,0.8119,0.8122999999999999,0.8122999999999999,0.8122999999999999,0.8136999999999999,0.8136999999999999,0.8136999999999999,0.8138,0.8139999999999998,0.8141,0.8154999999999999,0.8154999999999999,0.8154999999999999,0.8164999999999999,0.8164999999999999,0.8164999999999999,0.8164999999999999
Std curve: 0.005473572873361615,0.005808614292583056,0.00577408001330081,0.005480875842417894,0.0075736384915046015,0.0075736384915046015,0.006723094525588645,0.0071763500472036695,0.007241546796092671,0.007241546796092671,0.006077828559609093,0.004467661580737752,0.005114684741017773,0.004487761134463373,0.005085272854036454,0.003931920650267515,0.003931920650267515,0.006360817557515707,0.009291931984253866,0.009291931984253866,0.009291931984253866,0.009739609848448773,0.0072732386183872785,0.0072732386183872785,0.008930845424706443,0.008930845424706443,0.008930845424706443,0.008930845424706443,0.008467585252006617,0.0076118328935940276,0.0076118328935940276,0.0076118328935940276,0.0076118328935940276,0.0076118328935940276,0.0076118328935940276,0.00527825728815865,0.00527825728815865,0.005015974481593778,0.005015974481593778,0.005015974481593778,0.005015974481593778,0.0038078865529319397,0.0038078865529319397,0.0038078865529319397,0.0035128336140500395,0.0035128336140500395,0.0035128336140500395,0.0035128336140500395,0.003668787265568812,0.0035128336140500594,0.0035128336140500594,0.003652396473549937,0.003652396473549937,0.006592419889539804,0.006592419889539804,0.006592419889539804,0.006592419889539804,0.006592419889539804,0.006592419889539804,0.0059615434243155485,0.0059615434243155485,0.006046486583132384,0.006675327707311447,0.006675327707311447,0.006675327707311447,0.005528109984434102,0.003414674215792763,0.0031208973068654277,0.0031208973068654277,0.0031208973068654277,0.0032155870381626902,0.0032155870381626902,0.002887905815638714,0.00217715410570772,0.00217715410570772,0.00217715410570772,0.00217715410570772,0.00217715410570772,0.0018165902124584845,0.00215870331449228,0.00215870331449228,0.0033376638536557,0.0033376638536557,0.0033376638536557,0.0037229020937972336,0.0037229020937972336,0.0037229020937972336,0.004081666326391688,0.004081666326391688,0.004081666326391688,0.004007492981902745,0.004183300132670347,0.004115823125451313,0.003911521443121581,0.003911521443121581,0.003911521443121581,0.003911521443121587,0.003911521443121587,0.003911521443121587,0.003911521443121587

mean_time: , 13182.735707187652
best_solution: , 0.8095
worst_solution: , 0.82
mean_solution: , 0.8164999999999999
std_solution: , 0.003911521443121587



solutions runs are : 



0.815

0.8185

0.82

0.8095

0.8195

