# Scenario 479
Mean curve: 0.735625,0.7365,0.7365,0.737375,0.7375,0.7375,0.7375,0.73775,0.73775,0.73775,0.73775,0.73775,0.7378750000000001,0.7378750000000001,0.7378750000000001,0.7378750000000001,0.7378750000000001,0.7378750000000001,0.7378750000000001,0.7378750000000001,0.7385,0.7398750000000001,0.7398750000000001,0.7398750000000001,0.740125,0.740125,0.740125,0.740125,0.740125,0.740125,0.740125,0.740125,0.740375,0.740375,0.740625,0.740625,0.74075,0.74075,0.74075,0.741,0.741,0.741,0.741,0.741,0.741,0.741,0.741,0.741,0.741,0.741125,0.741125,0.741125,0.741375,0.7421249999999999,0.7421249999999999,0.7426250000000001,0.7426250000000001,0.7426250000000001,0.7426250000000001,0.7426250000000001,0.7426250000000001,0.7426250000000001,0.7426250000000001,0.7426250000000001,0.7426250000000001,0.7426250000000001,0.7426250000000001,0.7426250000000001,0.7426250000000001,0.7426250000000001,0.7426250000000001,0.7426250000000001,0.7426250000000001,0.7426250000000001,0.7426250000000001,0.7426250000000001,0.7426250000000001,0.7426250000000001,0.7426250000000001,0.7426250000000001,0.7426250000000001,0.7426250000000001,0.7426250000000001,0.7426250000000001,0.7426250000000001,0.7426250000000001,0.7426250000000001,0.7426250000000001,0.7426250000000001,0.7426250000000001,0.7426250000000001,0.7433750000000001,0.7433750000000001,0.7433750000000001,0.7438750000000001,0.7438750000000001,0.7438750000000001,0.7442500000000001,0.7442500000000001,0.7442500000000001
Std curve: 0.004968651728587945,0.004568916720624251,0.004568916720624251,0.00484767985741631,0.004726917600297244,0.004726917600297244,0.004726917600297244,0.00468708331481315,0.00468708331481315,0.00468708331481315,0.00468708331481315,0.00468708331481315,0.00456891672062425,0.00456891672062425,0.00456891672062425,0.00456891672062425,0.00456891672062425,0.00456891672062425,0.00456891672062425,0.00456891672062425,0.00415707228707896,0.004513867521316931,0.004513867521316931,0.004513867521316931,0.004408798022137087,0.004408798022137087,0.004408798022137087,0.004408798022137087,0.004408798022137087,0.004408798022137087,0.004408798022137087,0.004408798022137087,0.004465142774872922,0.004465142774872922,0.0045757513044307726,0.0045757513044307726,0.004667038675648606,0.004667038675648606,0.004667038675648606,0.004818583816849082,0.004818583816849082,0.004818583816849082,0.004818583816849082,0.004818583816849082,0.004818583816849082,0.004818583816849082,0.004818583816849082,0.004818583816849082,0.004818583816849082,0.004911720676097109,0.004911720676097109,0.004911720676097109,0.005129571132170777,0.005749999999999988,0.005749999999999988,0.006204836822995424,0.006204836822995424,0.006204836822995424,0.006204836822995424,0.006204836822995424,0.006204836822995424,0.006204836822995424,0.006204836822995424,0.006204836822995424,0.006204836822995424,0.006204836822995424,0.006204836822995424,0.006204836822995424,0.006204836822995424,0.006204836822995424,0.006204836822995424,0.006204836822995424,0.006204836822995424,0.006204836822995424,0.006204836822995424,0.006204836822995424,0.006204836822995424,0.006204836822995424,0.006204836822995424,0.006204836822995424,0.006204836822995424,0.006204836822995424,0.006204836822995424,0.006204836822995424,0.006204836822995424,0.006204836822995424,0.006204836822995424,0.006204836822995424,0.006204836822995424,0.006204836822995424,0.006204836822995424,0.005055937104039191,0.005055937104039191,0.005055937104039191,0.004408798022137103,0.004408798022137103,0.004408798022137103,0.004766418991234402,0.004766418991234402,0.004766418991234402

mean_time: , 11984.50612397194
best_solution: , 0.73875
worst_solution: , 0.749375
mean_solution: , 0.7442500000000001
std_solution: , 0.004766418991234402



solutions runs are : 



0.73875

0.73875

0.745

0.749375

0.749375

