# Scenario 485
Mean curve: 0.6990666666666667,0.6996,0.6996,0.6996,0.6996,0.6996,0.6996,0.7026666666666667,0.7026666666666667,0.7026666666666667,0.7026666666666667,0.7026666666666667,0.7026666666666667,0.7026666666666667,0.7026666666666667,0.7026666666666667,0.7048333333333333,0.7058,0.7058,0.7062999999999999,0.7062999999999999,0.7062999999999999,0.7062999999999999,0.7062999999999999,0.7068,0.7068,0.7068,0.7068,0.7068,0.7068,0.7068,0.7068,0.7068,0.7068,0.7068,0.7086666666666667,0.7086666666666667,0.7086666666666667,0.7087666666666668,0.7087666666666668,0.7087666666666668,0.7087666666666668,0.7087666666666668,0.7087666666666668,0.7087666666666668,0.7087666666666668,0.7087666666666668,0.7092333333333334,0.7092333333333334,0.7092333333333334,0.7092333333333334,0.7092333333333334,0.7092333333333334,0.7092333333333334,0.7092333333333334,0.7101000000000001,0.7101000000000001,0.7101000000000001,0.7101000000000001,0.7101000000000001,0.7101000000000001,0.7101000000000001,0.7101000000000001,0.7101000000000001,0.7101000000000001,0.7101000000000001,0.7101000000000001,0.7101000000000001,0.7101666666666666,0.7101666666666666,0.7101666666666666,0.7101666666666666,0.7101666666666666,0.7101666666666666,0.7101666666666666,0.7101666666666666,0.7101666666666666,0.7101666666666666,0.7101666666666666,0.7101666666666666,0.7101666666666666,0.7101666666666666,0.7101666666666666,0.7101666666666666,0.7101666666666666,0.7101666666666666,0.7101666666666666,0.7101666666666666,0.7102,0.7102,0.7102,0.7102,0.7102,0.7102,0.7102,0.7107666666666667,0.7107666666666667,0.7107666666666667,0.7107666666666667,0.7107666666666667
Std curve: 0.0013848385385227425,0.0010143416036468896,0.0010143416036468896,0.0010143416036468896,0.0010143416036468896,0.0010143416036468896,0.0010143416036468896,0.0028047578623950175,0.0028047578623950175,0.0028047578623950175,0.0028047578623950175,0.0028047578623950175,0.0028047578623950175,0.0028047578623950175,0.0028047578623950175,0.0028047578623950175,0.0036545253529775227,0.0032135131346653395,0.0032135131346653395,0.003609247382303767,0.003609247382303767,0.003609247382303767,0.003609247382303767,0.003609247382303767,0.004089824772122477,0.004089824772122477,0.004089824772122477,0.004089824772122477,0.004089824772122477,0.004089824772122477,0.004089824772122477,0.004089824772122477,0.004089824772122477,0.004089824772122477,0.004089824772122477,0.002008316044185596,0.002008316044185596,0.002008316044185596,0.00191659420152865,0.00191659420152865,0.00191659420152865,0.00191659420152865,0.00191659420152865,0.00191659420152865,0.00191659420152865,0.00191659420152865,0.00191659420152865,0.0017467430008765053,0.0017467430008765053,0.0017467430008765053,0.0017467430008765053,0.0017467430008765053,0.0017467430008765053,0.0017467430008765053,0.0017467430008765053,0.0023772065772900528,0.0023772065772900528,0.0023772065772900528,0.0023772065772900528,0.0023772065772900528,0.0023772065772900528,0.0023772065772900528,0.0023772065772900528,0.0023772065772900528,0.0023772065772900528,0.0023772065772900528,0.0023772065772900528,0.0023772065772900528,0.0022681367781605412,0.0022681367781605412,0.0022681367781605412,0.0022681367781605412,0.0022681367781605412,0.0022681367781605412,0.0022681367781605412,0.0022681367781605412,0.0022681367781605412,0.0022681367781605412,0.0022681367781605412,0.0022681367781605412,0.0022681367781605412,0.0022681367781605412,0.0022681367781605412,0.0022681367781605412,0.0022681367781605412,0.0022681367781605412,0.0022681367781605412,0.0022681367781605412,0.0022593017603774147,0.0022593017603774147,0.0022593017603774147,0.0022593017603774147,0.0022593017603774147,0.0022593017603774147,0.0022593017603774147,0.0014817407180595374,0.0014817407180595374,0.0014817407180595374,0.0014817407180595374,0.0014817407180595374

mean_time: , 33751.63624062538
best_solution: , 0.7093333333333334
worst_solution: , 0.7133333333333334
mean_solution: , 0.7107666666666667
std_solution: , 0.0014817407180595374



solutions runs are : 



0.7133333333333334

0.7115

0.7093333333333334

0.71

0.7096666666666667

