# Scenario 188
Mean curve: 0.6683666666666667,0.6683666666666667,0.6684666666666667,0.6684666666666667,0.6684666666666667,0.6684666666666667,0.6684666666666667,0.6684666666666667,0.6704333333333333,0.6704333333333333,0.6704333333333333,0.6708333333333333,0.6708333333333333,0.6708333333333333,0.6708333333333333,0.6708333333333333,0.6713,0.6713,0.6713,0.6713,0.6721,0.6740666666666667,0.6740666666666667,0.6742,0.6742,0.6759,0.6759,0.6759,0.6759,0.6763333333333332,0.6775666666666667,0.6776666666666666,0.6776666666666666,0.6776666666666666,0.6776666666666666,0.6776666666666666,0.6776666666666666,0.6776666666666666,0.6785333333333333,0.6799666666666666,0.6836333333333333,0.6836333333333333,0.6836333333333333,0.6836333333333333,0.6836333333333333,0.6836333333333333,0.6836333333333333,0.6836333333333333,0.6836333333333333,0.6836333333333333,0.6836333333333333,0.6839,0.6839,0.6839,0.6839,0.6839666666666667,0.6839666666666667,0.6839666666666667,0.6839666666666667,0.6839666666666667,0.6839666666666667,0.6839666666666667,0.6839666666666667,0.6854666666666667,0.6854666666666667,0.6854666666666667,0.6854666666666667,0.6854666666666667,0.6857,0.6857,0.6857,0.6857,0.6857333333333333,0.6857333333333333,0.6857333333333333,0.6857333333333333,0.6857333333333333,0.6857333333333333,0.6857333333333333,0.6857333333333333,0.6857333333333333,0.6857333333333333,0.6857333333333333,0.6882333333333331,0.6885666666666665,0.6885666666666665,0.6885666666666665,0.6885666666666665,0.6885666666666665,0.6905333333333333,0.6905333333333333,0.6905333333333333,0.6905333333333333,0.6905333333333333,0.6905333333333333,0.6919,0.6924666666666666,0.6924666666666666,0.6924666666666666,0.6924666666666666
Std curve: 0.007487322618933979,0.007487322618933979,0.00731619208787377,0.00731619208787377,0.00731619208787377,0.00731619208787377,0.00731619208787377,0.00731619208787377,0.00446791027463872,0.00446791027463872,0.00446791027463872,0.004113662871726654,0.004113662871726654,0.004113662871726654,0.004113662871726654,0.004113662871726654,0.0036657574630324335,0.0036657574630324335,0.0036657574630324335,0.0036657574630324335,0.004169465726498383,0.004959390643572628,0.004959390643572628,0.005022615520489973,0.005022615520489973,0.004172129751897323,0.004172129751897323,0.004172129751897323,0.004172129751897323,0.0043716256828680205,0.004269530289023472,0.004311483374534665,0.004311483374534665,0.004311483374534665,0.004311483374534665,0.004311483374534665,0.004311483374534665,0.004311483374534665,0.004708620935168925,0.002003885115358559,0.007097260817464118,0.007097260817464118,0.007097260817464118,0.007097260817464118,0.007097260817464118,0.007097260817464118,0.007097260817464118,0.007097260817464118,0.007097260817464118,0.007097260817464118,0.007097260817464118,0.006844787148707512,0.006844787148707512,0.006844787148707512,0.006844787148707512,0.006830812543175257,0.006830812543175257,0.006830812543175257,0.006830812543175257,0.006830812543175257,0.006830812543175257,0.006830812543175257,0.006830812543175257,0.006577233460962169,0.006577233460962169,0.006577233460962169,0.006577233460962169,0.006577233460962169,0.0064939287885771805,0.0064939287885771805,0.0064939287885771805,0.0064939287885771805,0.0064769677404717335,0.0064769677404717335,0.0064769677404717335,0.0064769677404717335,0.0064769677404717335,0.0064769677404717335,0.0064769677404717335,0.0064769677404717335,0.0064769677404717335,0.0064769677404717335,0.0064769677404717335,0.007126320540394231,0.007115398013385421,0.007115398013385421,0.007115398013385421,0.007115398013385421,0.007115398013385421,0.004886944057611302,0.004886944057611302,0.004886944057611302,0.004886944057611302,0.004886944057611302,0.004886944057611302,0.004849513148531305,0.004638486343146409,0.004638486343146409,0.004638486343146409,0.004638486343146409

mean_time: , 32999.10012702942
best_solution: , 0.6838333333333333
worst_solution: , 0.6971666666666667
mean_solution: , 0.6924666666666666
std_solution: , 0.004638486343146409



solutions runs are : 



0.695

0.6838333333333333

0.6971666666666667

0.6945

0.6918333333333333

