# Scenario 206
Mean curve: 0.7903333333333333,0.8091666666666665,0.8096666666666665,0.813,0.8160000000000001,0.8208333333333332,0.8286666666666666,0.8370000000000001,0.8453333333333333,0.8493333333333334,0.8546666666666667,0.8691666666666666,0.8691666666666666,0.8706666666666667,0.8765000000000001,0.8789999999999999,0.8789999999999999,0.8855000000000001,0.8893333333333333,0.8893333333333333,0.8893333333333333,0.8915,0.893,0.8935000000000001,0.8936666666666667,0.8936666666666667,0.8941666666666667,0.8960000000000001,0.8978333333333334,0.8998333333333333,0.9021666666666667,0.9021666666666667,0.9121666666666666,0.914,0.914,0.9191666666666667,0.9219999999999999,0.9219999999999999,0.9219999999999999,0.9226666666666666,0.9258333333333333,0.9258333333333333,0.9259999999999999,0.9259999999999999,0.9268333333333333,0.9268333333333333,0.9273333333333333,0.9273333333333333,0.9273333333333333,0.9299999999999999,0.9301666666666666,0.9301666666666666,0.9319999999999998,0.9326666666666666,0.9334999999999999,0.9341666666666667,0.9341666666666667,0.9341666666666667,0.9341666666666667,0.9380000000000001,0.9380000000000001,0.9398333333333333,0.9411666666666667,0.9411666666666667,0.9435,0.9458333333333334,0.9460000000000001,0.9460000000000001,0.9475,0.9475,0.9520000000000002,0.9520000000000002,0.9520000000000002,0.9553333333333335,0.9553333333333335,0.9553333333333335,0.9553333333333335,0.9553333333333335,0.9553333333333335,0.9553333333333335,0.9553333333333335,0.9576666666666667,0.9576666666666667,0.9576666666666667,0.9576666666666667,0.9576666666666667,0.9576666666666667,0.9578333333333333,0.9578333333333333,0.9578333333333333,0.9578333333333333,0.9588333333333333,0.9596666666666666,0.9605,0.9638333333333333,0.9653333333333333,0.9653333333333333,0.9653333333333333,0.9653333333333333,0.9653333333333333
Std curve: 0.0179009621094634,0.006687467549246281,0.005835713800003835,0.007501851623284585,0.00993590570719257,0.004714045207910328,0.008393118874676128,0.01677961726487097,0.017309278179956297,0.017953644012660294,0.019519221295943117,0.02268136778160531,0.02268136778160531,0.02008592652691043,0.024027761721253458,0.02018250067096081,0.02018250067096081,0.014118545723031587,0.00972396809720989,0.00972396809720989,0.00972396809720989,0.008205689083394124,0.007257180352359073,0.006879922480183434,0.00698410894658566,0.00698410894658566,0.006972166887783968,0.008793937305515278,0.006883958809354458,0.007214953607304459,0.006595452979136463,0.006595452979136463,0.017357355149266764,0.01537855649922969,0.01537855649922969,0.013854401627080262,0.012186057606953937,0.012186057606953937,0.012186057606953937,0.012011568497818162,0.013144496102086888,0.013144496102086888,0.012881942572626377,0.012881942572626377,0.012149531312405069,0.012149531312405069,0.012587471725666153,0.012587471725666153,0.012587471725666153,0.00900617072407088,0.008872554436137457,0.008872554436137457,0.010522462745109743,0.010047111248734373,0.010959521481849078,0.010619688214716002,0.010619688214716002,0.010619688214716002,0.010619688214716002,0.011815714583177428,0.011815714583177428,0.009492687243932098,0.011050389636167173,0.011050389636167173,0.009580071908799946,0.008660254037844397,0.008389808632435483,0.008389808632435483,0.006236095644623252,0.006236095644623252,0.003100179206289718,0.003100179206289718,0.003100179206289718,0.004301162633521327,0.004301162633521327,0.004301162633521327,0.004301162633521327,0.004301162633521327,0.004301162633521327,0.004301162633521327,0.004301162633521327,0.004927248499698177,0.004927248499698177,0.004927248499698177,0.004927248499698177,0.004927248499698177,0.004927248499698177,0.0049609586887124175,0.0049609586887124175,0.0049609586887124175,0.0049609586887124175,0.006293735862833085,0.005390320542932094,0.004731689855526133,0.004960958688712413,0.004236088342379607,0.004236088342379607,0.004236088342379607,0.004236088342379607,0.004236088342379607

mean_time: , 4386.961278533936
best_solution: , 0.9583333333333334
worst_solution: , 0.9708333333333333
mean_solution: , 0.9653333333333333
std_solution: , 0.004236088342379607



solutions runs are : 



0.9583333333333334

0.9708333333333333

0.965

0.9683333333333334

0.9641666666666666

