# Scenario 74
Mean curve: 0.7255,0.7385833333333334,0.74625,0.7624166666666666,0.7664166666666667,0.7799166666666666,0.7876666666666667,0.7978333333333333,0.80325,0.8105833333333333,0.8168333333333333,0.8211666666666668,0.8285833333333332,0.8344166666666666,0.8376666666666667,0.8445833333333332,0.8505833333333334,0.8523333333333334,0.8546666666666667,0.8555833333333333,0.8579999999999999,0.8627500000000001,0.8643333333333333,0.8665833333333332,0.8670000000000002,0.8676666666666666,0.8689166666666667,0.8696666666666667,0.8727500000000001,0.8734999999999999,0.874,0.8747499999999999,0.8768333333333335,0.8774999999999998,0.8795,0.8823333333333334,0.8840833333333334,0.8846666666666667,0.8846666666666667,0.8848333333333335,0.8848333333333335,0.8848333333333335,0.8860000000000001,0.8860833333333333,0.8867499999999999,0.8879166666666667,0.8880833333333333,0.8881666666666665,0.8901666666666668,0.891,0.8915833333333334,0.8923333333333334,0.8929166666666667,0.8929166666666667,0.8929166666666667,0.8929166666666667,0.8940833333333333,0.8940833333333333,0.8960833333333333,0.8960833333333333,0.8960833333333333,0.8961666666666666,0.8961666666666666,0.8961666666666666,0.8965833333333333,0.8969166666666666,0.8969166666666666,0.898,0.898,0.898,0.8983333333333334,0.8989166666666666,0.8989166666666666,0.8989999999999998,0.8990833333333335,0.8995833333333334,0.8996666666666666,0.9004166666666666,0.9004166666666666,0.9004166666666666,0.9004166666666666,0.9033333333333333,0.9033333333333333,0.9033333333333333,0.9034166666666668,0.9034166666666668,0.9046666666666667,0.9046666666666667,0.9046666666666667,0.9046666666666667,0.9046666666666667,0.9046666666666667,0.9046666666666667,0.9046666666666667,0.9046666666666667,0.9046666666666667,0.9046666666666667,0.9048333333333332,0.9048333333333332,0.9048333333333332
Std curve: 0.0027813865447131165,0.009834039522664817,0.009320675941153628,0.008540751983545978,0.006813997032253217,0.010754198146667105,0.011116804097101519,0.008166666666666654,0.00920220384231711,0.0063223589127968955,0.006415043084639249,0.00856916306039019,0.010686829901019912,0.011281129770058008,0.009330356668185616,0.014769055487741913,0.012863060807340261,0.01233389638354399,0.010512558627132062,0.009921917377424797,0.008957461197856864,0.00888037786983814,0.0076448966274531155,0.00863777234656662,0.009392668535736906,0.00940449065311058,0.008545629162196174,0.008552939715546796,0.009437660962571402,0.009054618220063775,0.008484462924140289,0.008176015057607358,0.007258137195972223,0.006373774391990968,0.005906681715556479,0.006058740243097842,0.003617089069035093,0.004060309238359926,0.004060309238359926,0.003949331870357588,0.003949331870357588,0.003949331870357588,0.005113978664188769,0.005059369745553521,0.006131657379715718,0.007183120646503318,0.0070641898175075775,0.007009913614937685,0.007400262758097771,0.006844503066127022,0.006679154969837959,0.007423685817106702,0.007264831572567794,0.007264831572567794,0.007264831572567794,0.007264831572567794,0.007501851623284603,0.007501851623284603,0.004390646624106496,0.004390646624106496,0.004390646624106496,0.004293082290797096,0.004293082290797096,0.004293082290797096,0.003831521310857564,0.0034013886053264287,0.0034013886053264287,0.0027563059014235397,0.0027563059014235397,0.0027563059014235397,0.0031512784001981576,0.0022298480267099225,0.0022298480267099225,0.002118044171189798,0.0022577028640240245,0.0018066236157232391,0.0017756063127218862,0.0032058973436118695,0.0032058973436118695,0.0032058973436118695,0.0032058973436118695,0.007134618264334671,0.007134618264334671,0.007134618264334671,0.007077939122528689,0.007077939122528689,0.006914156170897176,0.006914156170897176,0.006914156170897176,0.006914156170897176,0.006914156170897176,0.006914156170897176,0.006914156170897176,0.006914156170897176,0.006914156170897176,0.006914156170897176,0.006914156170897176,0.006778233135887597,0.006778233135887597,0.006778233135887597

mean_time: , 12507.612420988084
best_solution: , 0.8979166666666667
worst_solution: , 0.9170833333333334
mean_solution: , 0.9048333333333332
std_solution: , 0.006778233135887597



solutions runs are : 



0.9170833333333334

0.8995833333333333

0.90625

0.9033333333333333

0.8979166666666667

