# Scenario 476
Mean curve: 0.7492500000000001,0.752125,0.7535000000000001,0.7535000000000001,0.75425,0.75425,0.757125,0.757125,0.757125,0.757125,0.7582500000000001,0.7582500000000001,0.75975,0.75975,0.761,0.761,0.761,0.761,0.761,0.761125,0.761125,0.761125,0.762,0.762,0.762,0.762,0.762,0.762,0.762,0.762,0.762,0.762,0.762,0.762,0.762,0.762,0.762,0.762,0.762,0.762,0.762,0.762,0.762,0.762,0.762,0.762,0.762,0.762,0.762,0.762,0.762,0.762375,0.762375,0.762375,0.762875,0.76325,0.76325,0.76375,0.76375,0.76375,0.76375,0.76375,0.76375,0.76375,0.76375,0.76375,0.76375,0.76375,0.766125,0.766125,0.766125,0.766125,0.766125,0.766125,0.766125,0.766125,0.766125,0.766125,0.766125,0.766125,0.766125,0.766125,0.766125,0.766125,0.766125,0.766125,0.766125,0.766125,0.766125,0.766125,0.766125,0.766125,0.766125,0.766125,0.766125,0.766125,0.766125,0.766125,0.766125,0.766125
Std curve: 0.008780304664417973,0.005830951894845286,0.00691013748054261,0.00691013748054261,0.006547900426854388,0.006547900426854388,0.005471517157059811,0.005471517157059811,0.005471517157059811,0.005471517157059811,0.0040194837977033816,0.0040194837977033816,0.004978076937934975,0.004978076937934975,0.004883006246156165,0.004883006246156165,0.004883006246156165,0.004883006246156165,0.004883006246156165,0.005052845732851942,0.005052845732851942,0.005052845732851942,0.006390911515582115,0.006390911515582115,0.006390911515582115,0.006390911515582115,0.006390911515582115,0.006390911515582115,0.006390911515582115,0.006390911515582115,0.006390911515582115,0.006390911515582115,0.006390911515582115,0.006390911515582115,0.006390911515582115,0.006390911515582115,0.006390911515582115,0.006390911515582115,0.006390911515582115,0.006390911515582115,0.006390911515582115,0.006390911515582115,0.006390911515582115,0.006390911515582115,0.006390911515582115,0.006390911515582115,0.006390911515582115,0.006390911515582115,0.006390911515582115,0.006390911515582115,0.006390911515582115,0.006354132513569424,0.006354132513569424,0.006354132513569424,0.0063442887702247685,0.006439623436195637,0.006439623436195637,0.006696547617989439,0.006696547617989439,0.006696547617989439,0.006696547617989439,0.006696547617989439,0.006696547617989439,0.006696547617989439,0.006696547617989439,0.006696547617989439,0.006696547617989439,0.006696547617989439,0.01043880979805651,0.01043880979805651,0.01043880979805651,0.01043880979805651,0.01043880979805651,0.01043880979805651,0.01043880979805651,0.01043880979805651,0.01043880979805651,0.01043880979805651,0.01043880979805651,0.01043880979805651,0.01043880979805651,0.01043880979805651,0.01043880979805651,0.01043880979805651,0.01043880979805651,0.01043880979805651,0.01043880979805651,0.01043880979805651,0.01043880979805651,0.01043880979805651,0.01043880979805651,0.01043880979805651,0.01043880979805651,0.01043880979805651,0.01043880979805651,0.01043880979805651,0.01043880979805651,0.01043880979805651,0.01043880979805651,0.01043880979805651

mean_time: , 12078.998996973038
best_solution: , 0.7525
worst_solution: , 0.784375
mean_solution: , 0.766125
std_solution: , 0.01043880979805651



solutions runs are : 



0.7625

0.768125

0.763125

0.784375

0.7525

