# Scenario 22
Mean curve: 0.6434645008376627,0.653324727009304,0.6681925926076889,0.6960729203394995,0.7042627430083025,0.7151038690783598,0.731246886015158,0.7403451065469306,0.7535428140394606,0.7666217148779657,0.7695435632165186,0.7759083828077797,0.781695511299231,0.7886469615543206,0.795793994440767,0.8019032579389229,0.8087025688561121,0.8149972201090501,0.8162460899664998,0.8208900111367905,0.8292440331351815,0.8341979598351139,0.8383260496209608,0.8433359903781781,0.8433359903781781,0.8468472899947314,0.8485938724197197,0.8513127281271163,0.8531078950709585,0.854838143574014,0.8566723949347251,0.8583577628287868,0.8618529971138787,0.862488970526145,0.8639286729501896,0.8670982629839619,0.8677677203047137,0.8683277221429664,0.8707791989006864,0.8707791989006864,0.8707791989006864,0.8709865323987005,0.8741219589066274,0.8759017440427463,0.8759017440427463,0.8759017440427463,0.8771969071377124,0.8771969071377124,0.8775093973380148,0.8781547981005629,0.8781547981005629,0.8781547981005629,0.8785244363910694,0.8785244363910694,0.8799643133730267,0.8850209491518986,0.8850209491518986,0.8850209491518986,0.8850209491518986,0.8859552375355797,0.8859552375355797,0.8859552375355797,0.8859552375355797,0.8859552375355797,0.8869627831843122,0.8871875129663709,0.8884301006914036,0.8884301006914036,0.8884301006914036,0.8890988878947699,0.8890988878947699,0.8890988878947699,0.8890988878947699,0.8890988878947699,0.8892944360082373,0.8892944360082373,0.8892944360082373,0.8892944360082373,0.8892944360082373,0.8892944360082373,0.8892944360082373,0.8892944360082373,0.8903656960482784,0.8920956095905963,0.8920956095905963,0.892649902261567,0.892649902261567,0.8942623109314474,0.8961302985388597,0.8979591643380663,0.898421592083731,0.898421592083731,0.898516998114777,0.898516998114777,0.898516998114777,0.8991738001529066,0.8991738001529066,0.8991738001529066,0.8995185148525179,0.9003007714666795
Std curve: 0.009774513072219163,0.01687994685490534,0.015527983347056566,0.02005675272516251,0.014622389707992327,0.011726661889269512,0.01251099919015104,0.013159491664281653,0.008222945961793088,0.014390522232085168,0.015833665519438496,0.015147477542763655,0.013044981521517932,0.012540352531588788,0.01645973328211798,0.01041792409351523,0.013767956877048125,0.016610842217338183,0.01722217936364223,0.015819758800793844,0.018944396136128226,0.01512355480314133,0.012274675888534672,0.012176202131618298,0.012176202131618298,0.010590242582613704,0.008431524437497171,0.010549384027975844,0.0092939194374273,0.009859141066403497,0.010097370367479114,0.009733020601732383,0.007234032762745014,0.007136129465940338,0.007726117275830543,0.006870825554514619,0.007498312448800133,0.00822933702468568,0.009349919684825462,0.009349919684825462,0.009349919684825462,0.009247610048220181,0.0062005760873886425,0.008427329098804361,0.008427329098804361,0.008427329098804361,0.009679088377740673,0.009679088377740673,0.00958860338052129,0.00881579058310531,0.00881579058310531,0.00881579058310531,0.00872853487299801,0.00872853487299801,0.0074432146407524,0.00719738880353748,0.00719738880353748,0.00719738880353748,0.00719738880353748,0.007874278130207784,0.007874278130207784,0.007874278130207784,0.007874278130207784,0.007874278130207784,0.008671150357081582,0.008384240948351437,0.007242858111824519,0.007242858111824519,0.007242858111824519,0.00640293710026592,0.00640293710026592,0.00640293710026592,0.00640293710026592,0.00640293710026592,0.006137509085718956,0.006137509085718956,0.006137509085718956,0.006137509085718956,0.006137509085718956,0.006137509085718956,0.006137509085718956,0.006137509085718956,0.007456508575161397,0.005980835152501726,0.005980835152501726,0.00683625500155889,0.00683625500155889,0.009623019445530012,0.007915784296955393,0.011533743018429401,0.011396906585338672,0.011396906585338672,0.011326314513868473,0.011326314513868473,0.011326314513868473,0.010918730396830088,0.010918730396830088,0.010918730396830088,0.01076294849704222,0.010518390132998037

mean_time: , 22241.6124024868
best_solution: , 0.8918515358361775
worst_solution: , 0.92085493598561
mean_solution: , 0.9003007714666795
std_solution: , 0.010518390132998037



solutions runs are : 



0.8918515358361775

0.8976319422321334

0.8975418994413408

0.8936235438381361

0.92085493598561

