# Scenario 33
Mean curve: 0.7668333333333333,0.7815,0.79,0.8125,0.8225,0.8373333333333333,0.8455,0.853,0.8626666666666667,0.8743333333333334,0.8828333333333334,0.8935000000000001,0.8981666666666666,0.9011666666666667,0.9155000000000001,0.9179999999999999,0.9251666666666667,0.9275,0.9278333333333333,0.933,0.9355,0.9380000000000001,0.9386666666666666,0.9393333333333332,0.9406666666666667,0.9469999999999998,0.9511666666666667,0.953,0.9550000000000001,0.9566666666666667,0.9568333333333333,0.9573333333333334,0.9604999999999999,0.9604999999999999,0.9621666666666666,0.9628333333333334,0.9648333333333333,0.9651666666666665,0.9651666666666665,0.9671666666666665,0.9671666666666665,0.9676666666666666,0.9676666666666666,0.968,0.9708333333333334,0.9709999999999999,0.9736666666666667,0.974,0.975,0.975,0.975,0.975,0.975,0.975,0.9766666666666666,0.9766666666666666,0.9766666666666666,0.978,0.9781666666666666,0.9791666666666666,0.9791666666666666,0.9811666666666665,0.9814999999999999,0.9816666666666667,0.9816666666666667,0.9823333333333334,0.9823333333333334,0.9823333333333334,0.9823333333333334,0.9823333333333334,0.9823333333333334,0.9823333333333334,0.9823333333333334,0.9841666666666666,0.9841666666666666,0.9845,0.9845,0.9845,0.9845,0.9845,0.9845,0.9845,0.9851666666666666,0.9851666666666666,0.9851666666666666,0.9851666666666666,0.9851666666666666,0.9855,0.9855,0.9855,0.9858333333333335,0.9858333333333335,0.9858333333333335,0.9858333333333335,0.9858333333333335,0.9858333333333335,0.9858333333333335,0.9858333333333335,0.9858333333333335,0.9858333333333335
Std curve: 0.016926310879810762,0.011172883841396246,0.010041580220928051,0.018127633908238294,0.014181364924121757,0.022219860985663743,0.018193405398660253,0.015353247937235387,0.011172883841396239,0.008618455649231933,0.008072587358874898,0.012195172086617804,0.009225568335398683,0.010146154170149602,0.008003471469028644,0.006114645442614729,0.0021984843263788234,0.005627314338711379,0.005517648452415615,0.007238016916869493,0.00786341740805697,0.007916228058025283,0.007557189365836429,0.008069145624606784,0.00717635004720365,0.010255080041943436,0.0076303487615063895,0.004960958688712409,0.006972166887783962,0.005892556509887904,0.005878397362849473,0.0060184900284226085,0.00686375342732467,0.00686375342732467,0.0071802197428460154,0.006359594676112991,0.005759050847723687,0.006267198558987721,0.006267198558987721,0.006337717780610513,0.006337717780610513,0.006244997998398395,0.006244997998398395,0.006616477747093074,0.00474341649025255,0.004484541349024579,0.008141116494546526,0.007806692285753554,0.007090682462060856,0.007090682462060856,0.007090682462060856,0.007090682462060856,0.007090682462060856,0.007090682462060856,0.0064978628965392995,0.0064978628965392995,0.0064978628965392995,0.006699917080747235,0.006548960901462805,0.005962847939999415,0.005962847939999415,0.005044248650140502,0.004666666666666642,0.004503085362035405,0.004503085362035405,0.004927248499698145,0.004927248499698145,0.004927248499698145,0.004927248499698145,0.004927248499698145,0.004927248499698145,0.004927248499698145,0.004927248499698145,0.006433419688539596,0.006433419688539596,0.006114645442614729,0.006114645442614729,0.006114645442614729,0.006114645442614729,0.006114645442614729,0.006114645442614729,0.006114645442614729,0.005254627590144842,0.005254627590144842,0.005254627590144842,0.005254627590144842,0.005254627590144842,0.004904646323187406,0.004904646323187406,0.004904646323187406,0.004503085362035441,0.004503085362035441,0.004503085362035441,0.004503085362035441,0.004503085362035441,0.004503085362035441,0.004503085362035441,0.004503085362035441,0.004503085362035441,0.004503085362035441

mean_time: , 5399.737642288208
best_solution: , 0.9808333333333333
worst_solution: , 0.9925
mean_solution: , 0.9858333333333335
std_solution: , 0.004503085362035441



solutions runs are : 



0.9925

0.9808333333333333

0.9883333333333333

0.9866666666666667

0.9808333333333333

