# Scenario 298
Mean curve: 0.7224,0.7259,0.7283999999999999,0.7313000000000001,0.7376,0.7407,0.7447,0.7464999999999999,0.7532,0.7532,0.7532,0.7548,0.7605999999999999,0.7609,0.7609,0.7619,0.762,0.762,0.7623,0.7623,0.7633000000000001,0.7642000000000001,0.7689999999999999,0.7699,0.7708,0.7711,0.7716000000000001,0.7745,0.7755,0.7762999999999999,0.7762999999999999,0.7777999999999999,0.7794,0.7826,0.7826,0.7857,0.7860999999999999,0.7860999999999999,0.7876,0.7883,0.7908,0.7908,0.7908,0.7908,0.791,0.791,0.791,0.791,0.791,0.791,0.7937,0.7937,0.7943,0.7943,0.7943,0.7969999999999999,0.7969999999999999,0.7976,0.798,0.798,0.7984,0.7984,0.7984,0.7984,0.7984,0.7984,0.7984,0.7984,0.8019000000000001,0.8036,0.8036,0.8036,0.8036,0.8036,0.8036,0.8036,0.8042,0.8045,0.8045,0.8049,0.8049,0.8049,0.8049,0.8074999999999999,0.8078,0.8103999999999999,0.8103999999999999,0.8103999999999999,0.8103999999999999,0.8103999999999999,0.8114000000000001,0.8114000000000001,0.8114000000000001,0.8114000000000001,0.8114000000000001,0.8116,0.8117000000000001,0.8125,0.8125,0.8125
Std curve: 0.008058535847162323,0.0042118879377305305,0.005730619512757755,0.004226109321823101,0.005817215828899613,0.004296510211788174,0.009636389365317277,0.008734987120768981,0.007229107828771118,0.007229107828771118,0.007229107828771118,0.006281719509815746,0.0034409301068170535,0.003611094017053553,0.003611094017053553,0.0017999999999999917,0.0016431676725155067,0.0016431676725155067,0.0020639767440550224,0.0020639767440550224,0.002249444375840383,0.002942787793912429,0.005700877125495718,0.005083306010855554,0.004388621651498359,0.004235563716909501,0.0042825226210727995,0.004277849927241494,0.0035071355833500364,0.003355592347112511,0.003355592347112511,0.002420743687382041,0.0023537204591879417,0.005616048432839577,0.005616048432839577,0.005464430436925684,0.004851803788283265,0.004851803788283265,0.0067631353675643695,0.006407807737440338,0.004696807426326967,0.004696807426326967,0.004696807426326967,0.004696807426326967,0.004785394445602173,0.004785394445602173,0.004785394445602173,0.004785394445602173,0.004785394445602173,0.004785394445602173,0.008096912991998885,0.008096912991998885,0.008334266614405875,0.008334266614405875,0.008334266614405875,0.006348228099241552,0.006348228099241552,0.006256196927846836,0.006488451279003347,0.006488451279003347,0.006159545437773812,0.006159545437773812,0.006159545437773812,0.006159545437773812,0.006159545437773812,0.006159545437773812,0.006159545437773812,0.006159545437773812,0.007116178749862884,0.005944745579080749,0.005944745579080749,0.005944745579080749,0.005944745579080749,0.005944745579080749,0.005944745579080749,0.005944745579080749,0.005025932749251638,0.0046151923036857586,0.0046151923036857586,0.004892851929090058,0.004892851929090058,0.004892851929090058,0.004892851929090058,0.00850294066779252,0.00868101376568427,0.010641428475538412,0.010641428475538412,0.010641428475538412,0.010641428475538412,0.010641428475538412,0.010071742649611325,0.010071742649611325,0.010071742649611325,0.010071742649611325,0.010071742649611325,0.009901515035589238,0.009821405194777354,0.009268225288586784,0.009268225288586784,0.009268225288586784

mean_time: , 13174.117795562745
best_solution: , 0.804
worst_solution: , 0.83
mean_solution: , 0.8125
std_solution: , 0.009268225288586784



solutions runs are : 



0.83

0.8075

0.804

0.8075

0.8135

