# Scenario 325
Mean curve: 0.7376666666666667,0.7469166666666667,0.7540833333333333,0.7584166666666666,0.7594166666666667,0.7636666666666667,0.7649166666666667,0.7665833333333333,0.7702500000000001,0.7710000000000001,0.7734166666666666,0.7748333333333334,0.7755833333333333,0.7755833333333333,0.7780833333333333,0.7780833333333333,0.7780833333333333,0.78025,0.7811666666666668,0.7811666666666668,0.7811666666666668,0.7820833333333332,0.7820833333333332,0.78325,0.78325,0.78325,0.78325,0.78325,0.7833333333333334,0.7836666666666666,0.7842499999999999,0.7874166666666667,0.7899166666666667,0.7899166666666667,0.7903333333333333,0.79125,0.7914166666666667,0.7915,0.7917500000000001,0.7951666666666667,0.7964166666666668,0.7964166666666668,0.7964166666666668,0.7973333333333333,0.7973333333333333,0.7973333333333333,0.7991666666666667,0.8005000000000001,0.8034166666666668,0.8034166666666668,0.8034166666666668,0.8034166666666668,0.8036666666666668,0.8073333333333335,0.8073333333333335,0.8076666666666668,0.8100000000000002,0.8108333333333334,0.8108333333333334,0.8108333333333334,0.8108333333333334,0.8116666666666668,0.8116666666666668,0.8116666666666668,0.8119166666666666,0.8119166666666666,0.8119166666666666,0.8129166666666666,0.8138333333333334,0.8145833333333332,0.8145833333333332,0.8145833333333332,0.8151666666666667,0.8151666666666667,0.8175833333333333,0.8195833333333334,0.8213333333333335,0.8223333333333335,0.8223333333333335,0.8223333333333335,0.8226666666666667,0.8226666666666667,0.8229166666666666,0.8242499999999999,0.8252499999999999,0.8252499999999999,0.8259166666666667,0.8265833333333333,0.8265833333333333,0.8268333333333334,0.82775,0.82775,0.82775,0.8280833333333334,0.8284166666666666,0.8314166666666667,0.8322499999999999,0.8333333333333334,0.8338333333333333,0.8338333333333333
Std curve: 0.01709572721146689,0.014020322551369672,0.011539184450288429,0.015611160537683709,0.01530840364708945,0.013895442898063125,0.011617156852402962,0.012381101189581904,0.00925937962884723,0.008884287003218404,0.011475819990068,0.012678174596964307,0.012175225300219744,0.012175225300219744,0.015038376833214994,0.015038376833214994,0.015038376833214994,0.01742962038217317,0.01624551220081001,0.01624551220081001,0.01624551220081001,0.015190914682430706,0.015190914682430706,0.016527334261089325,0.016527334261089325,0.016527334261089325,0.016527334261089325,0.016527334261089325,0.016440127060876913,0.0162924658797999,0.01579249118340035,0.015155215457246256,0.014980079364869153,0.014980079364869153,0.014784094305856052,0.01399900790135582,0.01421462470681362,0.014168137178581801,0.01404704397531542,0.01405989173342228,0.013282716422311974,0.013282716422311974,0.013282716422311974,0.012991984708529608,0.012991984708529608,0.012991984708529608,0.013178791885281295,0.013932874793092784,0.015407429665226093,0.015407429665226093,0.015407429665226093,0.015407429665226093,0.015535353945830221,0.019760018555996683,0.019760018555996683,0.01981616904337353,0.020811655388267413,0.020728067391288022,0.020728067391288022,0.020728067391288022,0.020728067391288022,0.020778260541034498,0.020778260541034498,0.020778260541034498,0.02106306667552896,0.02106306667552896,0.02106306667552896,0.021165682391813215,0.021675318785301507,0.021371385334393082,0.021371385334393082,0.021371385334393082,0.02177951381969355,0.02177951381969355,0.02309010129422948,0.019463284523544438,0.019327944651318835,0.01863315444159803,0.01863315444159803,0.01863315444159803,0.018965612155805674,0.018965612155805674,0.01870643086095139,0.019729771638031905,0.020710638704674336,0.020710638704674336,0.021274332474186378,0.02196809555291996,0.02196809555291996,0.02193677784503052,0.022333644276442362,0.022333644276442362,0.022333644276442362,0.02232120317346516,0.02172332335941669,0.016580192332351834,0.017449530398011052,0.01718768939289593,0.01647683559155434,0.01647683559155434

mean_time: , 7686.700738716126
best_solution: , 0.8066666666666666
worst_solution: , 0.8516666666666667
mean_solution: , 0.8338333333333333
std_solution: , 0.01647683559155434



solutions runs are : 



0.8516666666666667

0.8304166666666667

0.83

0.8066666666666666

0.8504166666666667

