# Scenario 285
Mean curve: 0.6997666666666668,0.7026,0.7040333333333333,0.7059333333333333,0.7095666666666667,0.7160333333333333,0.7160333333333333,0.7181666666666666,0.7206333333333333,0.7230666666666666,0.7238,0.7240666666666666,0.7250333333333334,0.7288,0.7288,0.7310333333333333,0.7325666666666667,0.7325666666666667,0.7342333333333333,0.7346333333333334,0.7354,0.7357,0.7383666666666667,0.7410333333333333,0.7438333333333333,0.7443333333333333,0.7477,0.7490666666666665,0.7490666666666665,0.7491,0.7491,0.7526666666666667,0.7528,0.7531333333333334,0.7531333333333334,0.7531333333333334,0.7531333333333334,0.7531333333333334,0.7569333333333335,0.7569333333333335,0.7569333333333335,0.7569333333333335,0.7584000000000001,0.7585999999999999,0.7585999999999999,0.7588333333333334,0.7607999999999999,0.7607999999999999,0.7627666666666666,0.7627666666666666,0.7627666666666666,0.7627666666666666,0.7632666666666666,0.7636000000000001,0.7636000000000001,0.7636000000000001,0.7657,0.7657,0.7657,0.7670333333333333,0.7683,0.7683333333333333,0.7683666666666668,0.7698666666666667,0.7702666666666668,0.7702666666666668,0.7704666666666667,0.7710333333333333,0.7712666666666667,0.7712666666666667,0.7736666666666666,0.7736666666666666,0.7736666666666666,0.7740666666666667,0.7740666666666667,0.7747333333333334,0.7747333333333334,0.7747333333333334,0.7747333333333334,0.7747333333333334,0.7747333333333334,0.7747333333333334,0.7747333333333334,0.7747333333333334,0.7749333333333333,0.7761666666666667,0.7761666666666667,0.7766333333333334,0.7766333333333334,0.7767666666666667,0.7770666666666667,0.7781666666666667,0.7788333333333334,0.7788333333333334,0.7788333333333334,0.7791,0.7791,0.7791,0.7791,0.7796333333333333
Std curve: 0.005171073389539161,0.0055142240312365505,0.004947951315668151,0.005001777461840709,0.005766377642082685,0.006129527804905606,0.006129527804905606,0.004236088342379613,0.0063747766845417934,0.004903060268852505,0.004331281565541536,0.004199999999999984,0.004145144415122589,0.005753646186936092,0.005753646186936092,0.006319634307282155,0.004623130252689549,0.004623130252689549,0.005221323799786999,0.00548776416726844,0.00466738089772459,0.004929953797394505,0.0036657574630323897,0.004059830319388006,0.005930148958219052,0.005291502622129183,0.006910057082896567,0.005787534497137416,0.005787534497137416,0.005742241142039707,0.005742241142039707,0.005265189666310463,0.005297169055259634,0.004710980082035312,0.004710980082035312,0.004710980082035312,0.004710980082035312,0.004710980082035312,0.00377506438502858,0.00377506438502858,0.00377506438502858,0.00377506438502858,0.0044852845815820715,0.004522290471775471,0.004522290471775471,0.004609169604651638,0.0048113292226669505,0.0048113292226669505,0.005588281389558768,0.005588281389558768,0.005588281389558768,0.005588281389558768,0.005996851025515169,0.0053960891187764615,0.0053960891187764615,0.0053960891187764615,0.0056089214649520346,0.0056089214649520346,0.0056089214649520346,0.006167477424180608,0.006043729532885006,0.006070877659412621,0.006105007052502952,0.00715339857068727,0.0064846828072860066,0.0064846828072860066,0.006162070359149654,0.0065957899029944955,0.006438253731495119,0.006438253731495119,0.009633852350493596,0.009633852350493596,0.009633852350493596,0.00966701148810277,0.00966701148810277,0.008795579697906345,0.008795579697906345,0.008795579697906345,0.008795579697906345,0.008795579697906345,0.008795579697906345,0.008795579697906345,0.008795579697906345,0.008795579697906345,0.009126639883087073,0.00790007032317506,0.00790007032317506,0.008032849224693996,0.008032849224693996,0.007881483221943564,0.007564243371136207,0.00767969906817826,0.007014271166700074,0.007014271166700074,0.007014271166700074,0.006697926710723426,0.006697926710723426,0.006697926710723426,0.006697926710723426,0.007602923414348205

mean_time: , 33100.37308254242
best_solution: , 0.7715
worst_solution: , 0.7928333333333333
mean_solution: , 0.7796333333333333
std_solution: , 0.007602923414348205



solutions runs are : 



0.7928333333333333

0.7811666666666667

0.7728333333333334

0.7715

0.7798333333333334

