# Scenario 70
Mean curve: 0.7320833333333334,0.7521666666666668,0.7665,0.7789166666666667,0.7854166666666667,0.7971666666666667,0.8026666666666668,0.8109999999999999,0.8235833333333333,0.8285,0.8343333333333331,0.8399166666666666,0.8465833333333332,0.8516666666666668,0.8539999999999999,0.8610000000000001,0.866,0.8692499999999999,0.8719166666666667,0.8779999999999999,0.8785000000000001,0.881,0.8863333333333333,0.8869166666666667,0.89125,0.8932500000000001,0.8955,0.8981666666666668,0.9015833333333333,0.9028333333333333,0.9028333333333333,0.9029166666666667,0.9048333333333334,0.9065833333333334,0.9070833333333332,0.9074166666666666,0.9074166666666666,0.9086666666666667,0.9086666666666667,0.9086666666666667,0.9095000000000001,0.9096666666666667,0.9100833333333332,0.9109166666666667,0.913,0.9164999999999999,0.9164999999999999,0.9178333333333333,0.9201666666666666,0.9214166666666666,0.92225,0.9228333333333332,0.9245833333333333,0.9245833333333333,0.9245833333333333,0.9245833333333333,0.9251666666666667,0.9256666666666666,0.9256666666666666,0.9256666666666666,0.9270833333333333,0.9270833333333333,0.9271666666666667,0.9271666666666667,0.9271666666666667,0.9273333333333333,0.9273333333333333,0.9281666666666666,0.9286666666666668,0.9286666666666668,0.9286666666666668,0.9286666666666668,0.9286666666666668,0.9286666666666668,0.9286666666666668,0.9289999999999999,0.93025,0.93025,0.93025,0.93075,0.93075,0.93075,0.93075,0.93075,0.93075,0.93075,0.93075,0.93075,0.93075,0.93075,0.93075,0.93075,0.93075,0.93075,0.9309166666666666,0.9309166666666666,0.9309166666666666,0.9309166666666666,0.9309166666666666,0.9309166666666666
Std curve: 0.0028867513459481186,0.006348665651580296,0.010255757190746872,0.006628012941716058,0.0071831206465033355,0.008364109835083091,0.009841098628822988,0.009977753031397175,0.007277247648206932,0.009149984820873858,0.00841047627136007,0.0060403734248066976,0.008999999999999992,0.007397447007057367,0.006700953497658198,0.005704530363374943,0.00808204457080287,0.00540961078903914,0.0060987248211773135,0.005841660722773969,0.006490377492873577,0.006001157295796283,0.0060918889608323765,0.005073077085074825,0.004736090746127608,0.005009712788396385,0.007534181368197133,0.005680131062650647,0.004284986710727482,0.004060309238359938,0.004060309238359938,0.004107919181288735,0.004318886173283306,0.002855306949835296,0.0037730771408906036,0.003758324094593242,0.003758324094593242,0.002879525423861826,0.002879525423861826,0.002879525423861826,0.003795099178911875,0.0037024766485871503,0.0034399612400917113,0.002986078811194808,0.004227883631321942,0.0035217577681859245,0.0035217577681859245,0.003368563821901313,0.005391608706540595,0.004019051850595814,0.004849112175325372,0.004861984048604937,0.005527707983925657,0.005527707983925657,0.005527707983925657,0.005527707983925657,0.004813176359397876,0.004358898943540679,0.004358898943540679,0.004358898943540679,0.0027259045389660228,0.0027259045389660228,0.002692582403567249,0.002692582403567249,0.002692582403567249,0.0027588242262078047,0.0027588242262078047,0.0035707142142714127,0.0037859388972001765,0.0037859388972001765,0.0037859388972001765,0.0037859388972001765,0.0037859388972001765,0.0037859388972001765,0.0037859388972001765,0.0032659863237108847,0.0021984843263788034,0.0021984843263788034,0.0021984843263788034,0.0026140645235596654,0.0026140645235596654,0.0026140645235596654,0.0026140645235596654,0.0026140645235596654,0.0026140645235596654,0.0026140645235596654,0.0026140645235596654,0.0026140645235596654,0.0026140645235596654,0.0026140645235596654,0.0026140645235596654,0.0026140645235596654,0.0026140645235596654,0.0026140645235596654,0.0023333333333333045,0.0023333333333333045,0.0023333333333333045,0.0023333333333333045,0.0023333333333333045,0.0023333333333333045

mean_time: , 12533.876109361649
best_solution: , 0.9270833333333334
worst_solution: , 0.93375
mean_solution: , 0.9309166666666666
std_solution: , 0.0023333333333333045



solutions runs are : 



0.9270833333333334

0.9329166666666666

0.9304166666666667

0.93375

0.9304166666666667

