# Scenario 160
Mean curve: 0.5852852365959771,0.5852852365959771,0.58684661031317,0.58684661031317,0.5879901242182186,0.5879901242182186,0.5898440857647433,0.5898440857647433,0.5898440857647433,0.5898440857647433,0.5899248913554511,0.5914447072672091,0.5914447072672091,0.5914447072672091,0.5914447072672091,0.5914447072672091,0.5914447072672091,0.5914447072672091,0.5914447072672091,0.5914447072672091,0.5914447072672091,0.5919146606441087,0.5920623235725957,0.5970920346266493,0.5970920346266493,0.5989856750188145,0.5994490822143469,0.5994490822143469,0.6008354158733247,0.6008354158733247,0.6008354158733247,0.6028136970077345,0.6030273377947217,0.6030273377947217,0.6030273377947217,0.6030273377947217,0.6030273377947217,0.6030273377947217,0.6030273377947217,0.6062532133460958,0.6062532133460958,0.6062532133460958,0.6062532133460958,0.6073324803483637,0.6073324803483637,0.6080687162341402,0.6080687162341402,0.6082787920517865,0.6099007823528213,0.6102314990276498,0.6102314990276498,0.6102314990276498,0.6136902458676515,0.6136902458676515,0.6136902458676515,0.6136902458676515,0.6136902458676515,0.6136902458676515,0.6136902458676515,0.6136902458676515,0.614388988882809,0.614388988882809,0.614388988882809,0.614388988882809,0.614388988882809,0.614388988882809,0.614388988882809,0.614388988882809,0.614388988882809,0.6169456440955613,0.6169456440955613,0.6181306243718384,0.6181306243718384,0.6181306243718384,0.6181306243718384,0.6181306243718384,0.6181306243718384,0.6181306243718384,0.6181306243718384,0.620999173471839,0.620999173471839,0.620999173471839,0.620999173471839,0.620999173471839,0.6215984889780668,0.6215984889780668,0.6215984889780668,0.6215984889780668,0.6215984889780668,0.6215984889780668,0.6215984889780668,0.6215984889780668,0.6215984889780668,0.6215984889780668,0.6215984889780668,0.6215984889780668,0.6215984889780668,0.6215984889780668,0.6215984889780668,0.6215984889780668
Std curve: 0.009505614844530988,0.009505614844530988,0.007200162581823508,0.007200162581823508,0.006000634499065703,0.006000634499065703,0.005548729894399639,0.005548729894399639,0.005548729894399639,0.005548729894399639,0.005457248916180694,0.004364187007417367,0.004364187007417367,0.004364187007417367,0.004364187007417367,0.004364187007417367,0.004364187007417367,0.004364187007417367,0.004364187007417367,0.004364187007417367,0.004364187007417367,0.0044121355820972395,0.004455948736111236,0.006204968314285423,0.006204968314285423,0.005984888865489603,0.005564131958618768,0.005564131958618768,0.005725902544507603,0.005725902544507603,0.005725902544507603,0.0073102789007594635,0.007051043466343262,0.007051043466343262,0.007051043466343262,0.007051043466343262,0.007051043466343262,0.007051043466343262,0.007051043466343262,0.006356810620440028,0.006356810620440028,0.006356810620440028,0.006356810620440028,0.004496648057513886,0.004496648057513886,0.004227751807094788,0.004227751807094788,0.0038364347873591155,0.005909302180944694,0.0054400873442796574,0.0054400873442796574,0.0054400873442796574,0.007851752612771521,0.007851752612771521,0.007851752612771521,0.007851752612771521,0.007851752612771521,0.007851752612771521,0.007851752612771521,0.007851752612771521,0.006960057767014433,0.006960057767014433,0.006960057767014433,0.006960057767014433,0.006960057767014433,0.006960057767014433,0.006960057767014433,0.006960057767014433,0.006960057767014433,0.006859929680495298,0.006859929680495298,0.007643699551181896,0.007643699551181896,0.007643699551181896,0.007643699551181896,0.007643699551181896,0.007643699551181896,0.007643699551181896,0.007643699551181896,0.004865245373474803,0.004865245373474803,0.004865245373474803,0.004865245373474803,0.004865245373474803,0.0037827577938388253,0.0037827577938388253,0.0037827577938388253,0.0037827577938388253,0.0037827577938388253,0.0037827577938388253,0.0037827577938388253,0.0037827577938388253,0.0037827577938388253,0.0037827577938388253,0.0037827577938388253,0.0037827577938388253,0.0037827577938388253,0.0037827577938388253,0.0037827577938388253,0.0037827577938388253

mean_time: , 81979.48582930565
best_solution: , 0.6149870801033591
worst_solution: , 0.6252970814716228
mean_solution: , 0.6215984889780668
std_solution: , 0.0037827577938388253



solutions runs are : 



0.6252970814716228

0.6252417110786209

0.6217883335761815

0.6206782386605496

0.6149870801033591

