# Scenario 358
Mean curve: 0.7223333333333333,0.7245,0.7326666666666666,0.7351666666666666,0.7355,0.7384999999999999,0.7406666666666666,0.7441666666666666,0.7443333333333333,0.7443333333333333,0.747,0.7471666666666666,0.7516666666666667,0.7545,0.7548333333333334,0.756,0.7571666666666668,0.7608333333333334,0.7608333333333334,0.7608333333333334,0.7608333333333334,0.7611666666666668,0.7611666666666668,0.7620000000000001,0.7621666666666667,0.7621666666666667,0.7621666666666667,0.7621666666666667,0.7628333333333334,0.7631666666666667,0.7646666666666667,0.7675000000000001,0.7676666666666667,0.7678333333333334,0.7678333333333334,0.7678333333333334,0.7693333333333333,0.7695000000000001,0.7701666666666667,0.7715,0.7715,0.7715,0.7721666666666667,0.7728333333333334,0.7728333333333334,0.7728333333333334,0.7728333333333334,0.7728333333333334,0.7751666666666667,0.7751666666666667,0.7765000000000001,0.777,0.777,0.7781666666666667,0.7788333333333334,0.7796666666666667,0.7815,0.7815,0.7818333333333334,0.7838333333333334,0.7843333333333333,0.7843333333333333,0.7843333333333333,0.7845000000000001,0.7845000000000001,0.7845000000000001,0.7845000000000001,0.7856666666666667,0.7856666666666667,0.7856666666666667,0.7865,0.7865,0.7873333333333333,0.7883333333333333,0.7883333333333333,0.7883333333333333,0.7883333333333333,0.7883333333333333,0.7883333333333333,0.7883333333333333,0.7889999999999999,0.7889999999999999,0.7889999999999999,0.7889999999999999,0.7901666666666666,0.7914999999999999,0.7918333333333333,0.7936666666666667,0.7936666666666667,0.7943333333333333,0.7946666666666666,0.7946666666666666,0.7946666666666666,0.7946666666666666,0.7953333333333334,0.7971666666666667,0.7971666666666667,0.7971666666666667,0.7971666666666667,0.7973333333333333
Std curve: 0.01255432639017766,0.010860223038429925,0.007367345368433438,0.006485025486114603,0.006510674994874901,0.008086339647138811,0.010959521481849052,0.007958224257542185,0.00785988408170103,0.00785988408170103,0.008192137151629673,0.00847545475672742,0.010762589527308622,0.008225975119502045,0.008537498983243788,0.009225568335398697,0.008969082698049143,0.010723805294763621,0.010723805294763621,0.010723805294763621,0.010723805294763621,0.01007747763855398,0.01007747763855398,0.01038963158367246,0.010063686092967003,0.010063686092967003,0.010063686092967003,0.010063686092967003,0.010705657901834462,0.01007472083980495,0.007314369419163881,0.009354143466934842,0.009073771725877486,0.009030811456096063,0.009030811456096063,0.009030811456096063,0.008666666666666665,0.008637772346566623,0.009448691855372233,0.00987983355685262,0.00987983355685262,0.00987983355685262,0.009698224350650765,0.010146154170149623,0.010146154170149623,0.010146154170149623,0.010146154170149623,0.010146154170149623,0.010741922029548014,0.010741922029548014,0.011730776236511843,0.012025436005031632,0.012025436005031632,0.01189537725337032,0.012344589458094133,0.012980754985747162,0.014195069566578384,0.014195069566578384,0.014504788481356367,0.01578149408502107,0.016188130082117433,0.016188130082117433,0.016188130082117433,0.01633503392507445,0.01633503392507445,0.01633503392507445,0.01633503392507445,0.0175071414000116,0.0175071414000116,0.0175071414000116,0.017275544693133256,0.017275544693133256,0.017696515664578333,0.01758313585987057,0.01758313585987057,0.01758313585987057,0.01758313585987057,0.01758313585987057,0.01758313585987057,0.01758313585987057,0.017883884738314912,0.017883884738314912,0.017883884738314912,0.017883884738314912,0.017992282296090786,0.019303137338554866,0.01943221837853597,0.021606326234076288,0.021606326234076288,0.02042193809498883,0.020430097623087593,0.020430097623087593,0.020430097623087593,0.020430097623087593,0.01989276808848437,0.018345450541089346,0.018345450541089346,0.018345450541089346,0.018345450541089346,0.018053931550896164

mean_time: , 6662.709310150147
best_solution: , 0.7658333333333334
worst_solution: , 0.8216666666666667
mean_solution: , 0.7973333333333333
std_solution: , 0.018053931550896164



solutions runs are : 



0.7658333333333334

0.8033333333333333

0.8

0.8216666666666667

0.7958333333333333

