# Scenario 39
Mean curve: 0.7467499999999999,0.7765000000000001,0.788,0.806,0.8157500000000001,0.8324999999999999,0.8459999999999999,0.8600000000000001,0.8695,0.8752500000000001,0.8827499999999999,0.8939999999999999,0.9,0.9092499999999999,0.91325,0.9200000000000002,0.9235,0.93,0.9327500000000001,0.9385,0.944,0.9442499999999999,0.94825,0.95075,0.95075,0.95275,0.953,0.9540000000000001,0.9582500000000002,0.9582500000000002,0.96,0.961,0.9620000000000001,0.9625,0.96275,0.9677499999999999,0.96925,0.9712499999999998,0.9727499999999999,0.974,0.974,0.9765,0.97675,0.9782499999999998,0.9792500000000001,0.9792500000000001,0.9792500000000001,0.9800000000000001,0.9804999999999999,0.9804999999999999,0.9810000000000001,0.9810000000000001,0.9810000000000001,0.9810000000000001,0.9810000000000001,0.9810000000000001,0.9810000000000001,0.9810000000000001,0.9810000000000001,0.9810000000000001,0.9810000000000001,0.9810000000000001,0.9810000000000001,0.9810000000000001,0.9810000000000001,0.9810000000000001,0.9825000000000002,0.9835,0.9835,0.9835,0.9835,0.9835,0.9835,0.9842500000000001,0.9842500000000001,0.9842500000000001,0.9842500000000001,0.9842500000000001,0.9842500000000001,0.98475,0.98475,0.98475,0.986,0.9869999999999999,0.9869999999999999,0.9869999999999999,0.9869999999999999,0.9869999999999999,0.9869999999999999,0.9872499999999998,0.9872499999999998,0.9875,0.9875,0.9875,0.9875,0.9875,0.9875,0.9875,0.9875,0.9875
Std curve: 0.003020761493398621,0.00811634154037395,0.0037583240945932256,0.01016734970383139,0.008824681297361388,0.003162277660168356,0.005326818938165642,0.007664854858377966,0.002449489742783194,0.005667892024377303,0.007044501401802684,0.006955213871621778,0.00762397534098844,0.004077376607575023,0.0016955824957813202,0.006274950199005561,0.006955213871621778,0.0072024301454439756,0.0067268120235368396,0.010559356040971427,0.005326818938165628,0.004974937185533107,0.005947688626685161,0.008681877677092664,0.008681877677092664,0.006194755846681922,0.005947688626685154,0.005086747487343963,0.007810249675906665,0.007810249675906665,0.009253377761660875,0.008344159634139318,0.008314144574157948,0.00762397534098844,0.007390872749547212,0.008492643875731499,0.00957209485953834,0.010547511554864527,0.010074720839804973,0.0101980390271856,0.0101980390271856,0.009695359714832666,0.009205976319761004,0.006304760106459241,0.0064999999999999945,0.0064999999999999945,0.0064999999999999945,0.005000000000000026,0.0053385391260156725,0.0053385391260156725,0.004358898943540667,0.004358898943540667,0.004358898943540667,0.004358898943540667,0.004358898943540667,0.004358898943540667,0.004358898943540667,0.004358898943540667,0.004358898943540667,0.004358898943540667,0.004358898943540667,0.004358898943540667,0.004358898943540667,0.004358898943540667,0.004358898943540667,0.004358898943540667,0.0057008771254956755,0.004062019202317962,0.004062019202317962,0.004062019202317962,0.004062019202317962,0.004062019202317962,0.004062019202317962,0.003122498999199195,0.003122498999199195,0.003122498999199195,0.003122498999199195,0.003122498999199195,0.003122498999199195,0.003000000000000001,0.003000000000000001,0.003000000000000001,0.0039843443626273,0.0032210246816812625,0.0032210246816812625,0.0032210246816812625,0.0032210246816812625,0.0032210246816812625,0.0032210246816812625,0.0032015621187164046,0.0032015621187164046,0.0028504385627478326,0.0028504385627478326,0.0028504385627478326,0.0028504385627478326,0.0028504385627478326,0.0028504385627478326,0.0028504385627478326,0.0028504385627478326,0.0028504385627478326

mean_time: , 4646.218536376953
best_solution: , 0.98375
worst_solution: , 0.99125
mean_solution: , 0.9875
std_solution: , 0.0028504385627478326



solutions runs are : 



0.98375

0.99125

0.985

0.99

0.9875

