# Scenario 243
Mean curve: 0.5544563369130792,0.5627347302446061,0.5643171975823498,0.5651743880055126,0.5736850383937144,0.5758298193988545,0.5775445641983039,0.5804833892128458,0.5814546954603551,0.5826501183679429,0.5848776872451795,0.592199398548758,0.5943123832885195,0.6015920708276928,0.6015920708276928,0.6015920708276928,0.6026176111301089,0.6026176111301089,0.6034234806391391,0.605657100933648,0.6091328821893696,0.6091328821893696,0.6170725922293696,0.6187673999396657,0.6222649029873424,0.6222649029873424,0.6222649029873424,0.6245153288106995,0.6259105878830377,0.6259105878830377,0.6259105878830377,0.626349744114468,0.6279093357505621,0.6279093357505621,0.6279779144157078,0.6279779144157078,0.6283801862312548,0.6300710758569931,0.63137833071097,0.6317671921002159,0.6318454715996065,0.6318454715996065,0.6321044175815282,0.6328724760206261,0.6348376105526911,0.634887735301544,0.634887735301544,0.6380245770306499,0.6380245770306499,0.6380245770306499,0.6396335249620443,0.6416928353927541,0.6416928353927541,0.6416928353927541,0.6459667279884662,0.6470872809653185,0.6489471105423918,0.6491058986491052,0.6494321681765048,0.6517223367683893,0.6517223367683893,0.6526914022318312,0.6531793860276025,0.6543552241492738,0.6556774057472952,0.6556774057472952,0.655949555003976,0.6559959959926125,0.6559959959926125,0.6559959959926125,0.6563832666142024,0.6567293517911555,0.6577982337829963,0.6577982337829963,0.660334280627205,0.6620786518709253,0.6620786518709253,0.6620786518709253,0.6620786518709253,0.6630144025378616,0.6630355476855596,0.6630355476855596,0.6639226116815073,0.6688396794338316,0.6705489677564638,0.6712116323315953,0.6721080683848775,0.6721080683848775,0.6729916271455585,0.6729916271455585,0.6730891250518347,0.6730891250518347,0.6730891250518347,0.6740557832437246,0.6743681407301966,0.6752887569274449,0.6754560196048134,0.6758997256184012,0.6785582150185616,0.678568698943802
Std curve: 0.012859451843274462,0.007719724607698568,0.006711630202204007,0.006514588023816595,0.0035778587346912707,0.004082581870990785,0.0029211681131648035,0.0073568912800128766,0.006962426465312375,0.006568580805458281,0.007760089524957353,0.0070080247808818105,0.005538658001817041,0.0028265725427043995,0.0028265725427043995,0.0028265725427043995,0.0017061756402874516,0.0017061756402874516,0.0008801097535169494,0.004735959569279063,0.003709286812972986,0.003709286812972986,0.01688228215391894,0.016049511337474412,0.014421716022264996,0.014421716022264996,0.014421716022264996,0.013351196708803548,0.012815790899008283,0.012815790899008283,0.012815790899008283,0.012490666514081598,0.011801109021873162,0.011801109021873162,0.011788818667242414,0.011788818667242414,0.011773116245771188,0.011456865766008196,0.01141294299101202,0.010940337710707257,0.010849452702885934,0.010849452702885934,0.010903759207478315,0.01008283212660975,0.008891994964335457,0.008888192579351408,0.008888192579351408,0.009783152553452827,0.009783152553452827,0.009783152553452827,0.009968911850174986,0.007858012931775422,0.007858012931775422,0.007858012931775422,0.013185210137023326,0.013479120898192478,0.012494775445851161,0.012731918169189003,0.012236026651224695,0.009315608066165411,0.009315608066165411,0.008968750240377252,0.008643757536823936,0.008611236633760556,0.007648855264808844,0.007648855264808844,0.007733204258080979,0.007730967248406883,0.007730967248406883,0.007730967248406883,0.007755722727859655,0.007842771067736858,0.008470679894642119,0.008470679894642119,0.008485639652700536,0.009975201158102822,0.009975201158102822,0.009975201158102822,0.009975201158102822,0.010830700654951796,0.010841021272437794,0.010841021272437794,0.012023543874329313,0.016881324995174356,0.01708008177257925,0.016646621774847343,0.015470384897106513,0.015470384897106513,0.015028239750418238,0.015028239750418238,0.015080957993917062,0.015080957993917062,0.015080957993917062,0.0135154271828118,0.013368956979535301,0.013968221305655766,0.013980045161828618,0.014050005069548708,0.010150190283450752,0.010150665050097327

mean_time: , 47065.11410212517
best_solution: , 0.6661252115059222
worst_solution: , 0.6929519918283963
mean_solution: , 0.678568698943802
std_solution: , 0.010150665050097327



solutions runs are : 



0.6790493309366886

0.6686895631877292

0.6929519918283963

0.6661252115059222

0.686027397260274

