# Scenario 361
Mean curve: 0.5787608223079828,0.5828918258261326,0.5895747348510014,0.5895747348510014,0.5996152443839945,0.6017096050584159,0.6040755203814936,0.6044440447349428,0.6076401456261082,0.6122461010870481,0.6139885817837125,0.6161321096969659,0.6174913414171459,0.6174913414171459,0.6177092858231261,0.6201024593409705,0.6232179057793339,0.6235076586319799,0.6235076586319799,0.6239988561830746,0.6243968411628285,0.6254588797943132,0.6254588797943132,0.6255857749852203,0.6256324625056461,0.6275300541669973,0.6279786236092506,0.6292069641809493,0.6302032330092342,0.631296940403321,0.6314434785977124,0.6326605738601402,0.6334124126663061,0.6336739636887188,0.6336739636887188,0.6353666093119827,0.6356723434658603,0.6362596182836392,0.6362596182836392,0.6372095204034187,0.6381035044965334,0.6393472743890467,0.6410698016088092,0.6434543791008343,0.6440046367956087,0.6440046367956087,0.6440046367956087,0.6442317910722172,0.6444668681373031,0.6444668681373031,0.6447122998438658,0.6447732480652449,0.645033172765704,0.6450512537041124,0.6450512537041124,0.6456887353297058,0.6464602334807107,0.646834000350291,0.6468448249001336,0.6468448249001336,0.64727649230317,0.64727649230317,0.6474578655187535,0.6485542841926168,0.6488874515197618,0.6497149455972827,0.6497149455972827,0.6502055436572356,0.6519419573715786,0.6519963747762774,0.6519963747762774,0.6525841096214741,0.6527285139536041,0.6527285139536041,0.6529585508330541,0.6529585508330541,0.6529585508330541,0.6532660875212815,0.6532660875212815,0.6534576178109331,0.653925390940965,0.653925390940965,0.653925390940965,0.6548533571599157,0.6554783223927636,0.6559365910579302,0.6559365910579302,0.6564115951904266,0.6564115951904266,0.6564767635191247,0.6564873324868408,0.6564873324868408,0.6564873324868408,0.6590436735127176,0.6590436735127176,0.6592232784654566,0.6592232784654566,0.6592232784654566,0.6594974749577093,0.6594974749577093
Std curve: 0.007847080889455665,0.006715073243120943,0.004486640108119436,0.004486640108119436,0.010841613152786988,0.00955096342787412,0.008658080578422673,0.00866883765319271,0.008913188715474914,0.010800406294141252,0.009872328937021273,0.010721765681660163,0.008642230681251322,0.008642230681251322,0.008911767969492146,0.011623370950962292,0.011079322820596493,0.01090212138061187,0.01090212138061187,0.010962233297867979,0.010720555899336327,0.011114183541552816,0.011114183541552816,0.010939105971065306,0.010875472227967623,0.012704053232808484,0.012899865970316409,0.013724967482899674,0.012481464650021734,0.012351399059345004,0.012448236860561873,0.011784341018180046,0.012121464277216849,0.01239183622800268,0.01239183622800268,0.010444886851966997,0.010016842253346205,0.009765106329250152,0.009765106329250152,0.008849122690742662,0.009739974292111016,0.008460873989463326,0.007370852201094882,0.007162980760907312,0.007082243816903154,0.007082243816903154,0.007082243816903154,0.007445400860057271,0.0074548178455689194,0.0074548178455689194,0.007549399365986781,0.00756856389543496,0.007606063759784168,0.007613879214854934,0.007613879214854934,0.007852099454264488,0.008941743979064125,0.009054794164880047,0.00905896629718864,0.00905896629718864,0.008771739358124052,0.008771739358124052,0.00849804392588931,0.009131442965595631,0.008921786093177541,0.007681588969534836,0.007681588969534836,0.007027469260867945,0.007717343539340545,0.0077751361542196355,0.0077751361542196355,0.007230923655489837,0.007009570147548851,0.007009570147548851,0.00716840937472524,0.00716840937472524,0.00716840937472524,0.00744689538800913,0.00744689538800913,0.007655759680444495,0.00804563229690966,0.00804563229690966,0.00804563229690966,0.008889929488661422,0.008398942219731642,0.007708224623831287,0.007708224623831287,0.0070802472023179215,0.0070802472023179215,0.007021610121282401,0.007007379952387974,0.007007379952387974,0.007007379952387974,0.005094846176766638,0.005094846176766638,0.005337232362078044,0.005337232362078044,0.005337232362078044,0.005262597192280683,0.005262597192280683

mean_time: , 87149.43849992752
best_solution: , 0.6505609844372059
worst_solution: , 0.6666218034993271
mean_solution: , 0.6594974749577093
std_solution: , 0.005262597192280683



solutions runs are : 



0.6586032526991936

0.6595476254843652

0.662153708668454

0.6505609844372059

0.6666218034993271

