# Scenario 342
Mean curve: 0.5700832138820721,0.5805714058300877,0.5814390267365181,0.586646073012601,0.5892288991592851,0.5892288991592851,0.5949627008443,0.5994832377630555,0.6068427527545994,0.6071562001657022,0.6110998895402772,0.6121444615236082,0.6121444615236082,0.6122372479648995,0.6145943260136326,0.6150747273267371,0.6150747273267371,0.6151223862574774,0.6153173022805668,0.6168805661284494,0.618908758648085,0.6221676689729041,0.6235077512467676,0.6235077512467676,0.6257882406843986,0.6275951160059583,0.6275951160059583,0.62882411023721,0.62882411023721,0.6288512781198097,0.629107959402123,0.6304510007690933,0.6329735757972204,0.6336059753270099,0.6336059753270099,0.6341436900851425,0.6349976573426745,0.6351784135547917,0.6381735431436084,0.6389689362182216,0.6412429868218189,0.6412429868218189,0.6412429868218189,0.6414593541518496,0.6427721835534669,0.6432516377069579,0.6435622507535715,0.643578110908999,0.6438336798576642,0.6438336798576642,0.6447563425447902,0.6450170422938575,0.6461635046517651,0.6461635046517651,0.6461995396026701,0.646918473646522,0.646918473646522,0.6473808348441308,0.6484085722882686,0.6484085722882686,0.6495885925741512,0.6495885925741512,0.6495885925741512,0.6495885925741512,0.6498383623148897,0.6498383623148897,0.6503676721472809,0.6506509350970855,0.6527921807977038,0.6527921807977038,0.6527921807977038,0.6527921807977038,0.6527997182047212,0.6529064514880618,0.6533887937182131,0.6541072226844907,0.6542287470136057,0.6545218128801928,0.6545504522834206,0.6545504522834206,0.6545504522834206,0.6545504522834206,0.6545504522834206,0.6545504522834206,0.6555497409179178,0.6557965202748243,0.6564407197571704,0.6568074641537007,0.6574455440702935,0.6588402060039499,0.6600146879708408,0.6604726286974948,0.6604726286974948,0.6604726286974948,0.6604726286974948,0.6604888592181702,0.6619720307049568,0.6619720307049568,0.6626078986216519,0.6626078986216519
Std curve: 0.004131456251924596,0.006750935632420542,0.006522687052289285,0.006366808707373758,0.0043702210430936325,0.0043702210430936325,0.004543270669302923,0.00588749823749287,0.01185718248997135,0.011591148035564304,0.012485200376366927,0.011501938605377578,0.011501938605377578,0.011448640073343156,0.011982299066359477,0.011562505405499567,0.011562505405499567,0.011540256631397076,0.01178077048664864,0.010682600419889105,0.010547447664928464,0.008226498336077036,0.008625536611630581,0.008625536611630581,0.010239532744425135,0.010341307959250094,0.010341307959250094,0.011028726037034451,0.011028726037034451,0.011041282018474326,0.011246752826380714,0.008627981266593077,0.01058177033980988,0.010718155592202053,0.010718155592202053,0.009955193206598172,0.009107329507444572,0.009261650814395221,0.006371274762206107,0.006992674942218941,0.005710173979790144,0.005710173979790144,0.005710173979790144,0.00575029968399612,0.007088788452963752,0.006907141170150011,0.006401040183885515,0.0064234614827509365,0.006794980164145048,0.006794980164145048,0.007488962421734408,0.007273947357410298,0.008868842024616673,0.008868842024616673,0.008858918114346786,0.00896691025924898,0.00896691025924898,0.0096470718792557,0.009237148351983608,0.009237148351983608,0.007534629915451817,0.007534629915451817,0.007534629915451817,0.007534629915451817,0.007221853309227421,0.007221853309227421,0.006635026209330572,0.006371231847858325,0.006458757066840083,0.006458757066840083,0.006458757066840083,0.006458757066840083,0.006460090473986306,0.006645100268016529,0.00750006316817472,0.007689776152199772,0.00789294095714353,0.00803670022483928,0.008083010482364488,0.008083010482364488,0.008083010482364488,0.008083010482364488,0.008083010482364488,0.008083010482364488,0.009771953151038173,0.009871421593378117,0.010239205983537438,0.010469817365312654,0.009924858061842175,0.010853983399489935,0.01175657809467098,0.011512584228169469,0.011512584228169469,0.011512584228169469,0.011512584228169469,0.011535517171136869,0.01379363571725471,0.01379363571725471,0.014262846159096648,0.014262846159096648

mean_time: , 50337.06759853363
best_solution: , 0.6460481099656358
worst_solution: , 0.6842201055633077
mean_solution: , 0.6626078986216519
std_solution: , 0.014262846159096648



solutions runs are : 



0.6533505988993201

0.6460481099656358

0.6551895278863453

0.6742311507936508

0.6842201055633077

