# Scenario 322
Mean curve: 0.6273244199844241,0.6303570739814044,0.634915369908961,0.6498076235173801,0.6580750940245921,0.6624690012253396,0.6625409136702842,0.6626058432760312,0.6639477780792146,0.6679352143985291,0.6687002227248817,0.6687002227248817,0.6687002227248817,0.6728561356459067,0.6728561356459067,0.6744758689429033,0.6749033025193791,0.6759533046248998,0.6759533046248998,0.6804159508724614,0.6805498411752711,0.6805498411752711,0.6810601280847219,0.6852851329381483,0.6860746076165567,0.6860746076165567,0.6864853760139104,0.6877558491137625,0.688427905463791,0.688621516305998,0.6896660967653043,0.6905773406866352,0.6905773406866352,0.693028806298916,0.6939436147608943,0.6967418277302123,0.6990683498245962,0.7009797964105445,0.7012264141641396,0.7016572082896607,0.701885553649109,0.701885553649109,0.7019685820358407,0.7025657034310739,0.703832241990863,0.703832241990863,0.703832241990863,0.7054917005602785,0.7054917005602785,0.7060006077976075,0.7065360905456256,0.708418349020035,0.7089586438164788,0.7095990878739467,0.7111467889551066,0.7128851892561018,0.7128851892561018,0.7128851892561018,0.713329746538553,0.7134881268899109,0.7137873730929328,0.7138563122488198,0.7157821176261681,0.7158421089329586,0.7158421089329586,0.7169727132214575,0.7170684510687286,0.7178424255722021,0.7203492702571792,0.7221113322426477,0.7221113322426477,0.7221113322426477,0.7227344809470833,0.7227922570589984,0.7227922570589984,0.7227922570589984,0.7229435551599689,0.7240834687205067,0.7240834687205067,0.7241976741279753,0.7244788827074516,0.7244788827074516,0.7244788827074516,0.7249134879924475,0.7260210634705702,0.7260210634705702,0.7260210634705702,0.7260210634705702,0.7260210634705702,0.7260210634705702,0.7264009987480589,0.7279762102343328,0.7279762102343328,0.7288535431551315,0.7288535431551315,0.7288535431551315,0.7290291478338758,0.7310456515215336,0.731096532061812,0.7313819780190738
Std curve: 0.010349949251903058,0.009657597483788654,0.012289832404479386,0.01653993565191129,0.019338349041376844,0.016755171744518915,0.01667380772870812,0.016601072186196556,0.015217738501116431,0.0121768546632859,0.012423936251946276,0.012423936251946276,0.012423936251946276,0.015207093770183653,0.015207093770183653,0.017149479656001155,0.016618242051430324,0.015801851325132128,0.015801851325132128,0.021751078646322985,0.021753000674756464,0.021753000674756464,0.021472005762854452,0.023087639125698223,0.022258476557932883,0.022258476557932883,0.022841354216503837,0.022960333183480685,0.022725103119820792,0.022438375145554208,0.023495469794694274,0.024814636898051124,0.024814636898051124,0.021636734315008732,0.02311543588431319,0.021478851147018023,0.021214824686429993,0.02243784182436688,0.022141421972966615,0.022179483343136217,0.02221318724528003,0.02221318724528003,0.02217283438737185,0.023092704850644647,0.02261140390621548,0.02261140390621548,0.02261140390621548,0.022983016052465468,0.022983016052465468,0.023047320616130247,0.022193635689081677,0.02481651923597808,0.0249661120540499,0.025202362307006353,0.024147216580088608,0.023779529083855104,0.023779529083855104,0.023779529083855104,0.02376731939875425,0.023755858469936483,0.023745725834140034,0.023845203941768714,0.02525774436946875,0.025343378157838697,0.025343378157838697,0.025905270833390868,0.02574545258783956,0.025687099610910893,0.025758942887978965,0.025313518692917165,0.025313518692917165,0.025313518692917165,0.02421758894545818,0.024225833435486614,0.024225833435486614,0.024225833435486614,0.023948653007952448,0.024480841804254867,0.024480841804254867,0.024271241773206966,0.02459856344613443,0.02459856344613443,0.02459856344613443,0.02512082019714888,0.025772398210602676,0.025772398210602676,0.025772398210602676,0.025772398210602676,0.025772398210602676,0.025772398210602676,0.025091582812275807,0.02521184538788087,0.02521184538788087,0.023607654408747663,0.023607654408747663,0.023607654408747663,0.02328917049623626,0.024183289923434503,0.024175582747164266,0.02366440920874895

mean_time: , 23337.47729525566
best_solution: , 0.689117199391172
worst_solution: , 0.755656108597285
mean_solution: , 0.7313819780190738
std_solution: , 0.02366440920874895



solutions runs are : 



0.689117199391172

0.7275356909582905

0.755656108597285

0.7515540015540015

0.7330468895946198

