# Scenario 146
Mean curve: 0.7262222222222221,0.7325555555555556,0.7367222222222223,0.7377222222222223,0.7377222222222223,0.7379999999999999,0.7379999999999999,0.7379999999999999,0.7379999999999999,0.7379999999999999,0.7395555555555555,0.741611111111111,0.741611111111111,0.741611111111111,0.7416666666666666,0.7436111111111112,0.7436111111111112,0.7442777777777778,0.7470555555555556,0.7470555555555556,0.7470555555555556,0.7499444444444444,0.7499444444444444,0.7499444444444444,0.7501666666666666,0.7501666666666666,0.7501666666666666,0.7505555555555555,0.7505555555555555,0.7505555555555555,0.7505555555555555,0.7505555555555555,0.7508888888888889,0.7525000000000001,0.7525000000000001,0.7532222222222222,0.7532222222222222,0.7532222222222222,0.7533333333333334,0.7533333333333334,0.7533333333333334,0.7533333333333334,0.7533333333333334,0.7533333333333334,0.7533333333333334,0.7539444444444445,0.7539444444444445,0.7539444444444445,0.7539444444444445,0.7539444444444445,0.7539444444444445,0.7539444444444445,0.7539444444444445,0.7539444444444445,0.7541666666666667,0.7541666666666667,0.7541666666666667,0.7541666666666667,0.7541666666666667,0.7541666666666667,0.7541666666666667,0.7541666666666667,0.7543333333333333,0.7543333333333333,0.7543333333333333,0.7546666666666667,0.7546666666666667,0.7546666666666667,0.7570555555555556,0.7570555555555556,0.7570555555555556,0.7570555555555556,0.7570555555555556,0.7570555555555556,0.7570555555555556,0.7570555555555556,0.7570555555555556,0.7570555555555556,0.7570555555555556,0.7570555555555556,0.7570555555555556,0.7570555555555556,0.7570555555555556,0.7570555555555556,0.7574444444444445,0.7592222222222222,0.7592222222222222,0.7592222222222222,0.7592222222222222,0.7592222222222222,0.7592222222222222,0.7609444444444444,0.7609444444444444,0.7609444444444444,0.7609444444444444,0.7626666666666667,0.7626666666666667,0.7626666666666667,0.7626666666666667,0.7626666666666667
Std curve: 0.015377552984869522,0.008011180458938566,0.008125937742656615,0.007953180899473708,0.007953180899473708,0.007993824777157774,0.007993824777157774,0.007993824777157774,0.007993824777157774,0.007993824777157774,0.006120195268409093,0.003902357628630224,0.003902357628630224,0.003902357628630224,0.0038449903273329793,0.00411636301174285,0.00411636301174285,0.004964690136166437,0.007814595398008018,0.007814595398008018,0.007814595398008018,0.007216664528269295,0.007216664528269295,0.007216664528269295,0.00684619386012185,0.00684619386012185,0.00684619386012185,0.006221230079630843,0.006221230079630843,0.006221230079630843,0.006221230079630843,0.006221230079630843,0.005715476066494062,0.006055300708194958,0.006055300708194958,0.005385164807134479,0.005385164807134479,0.005385164807134479,0.005193775952231202,0.005193775952231202,0.005193775952231202,0.005193775952231202,0.005193775952231202,0.005193775952231202,0.005193775952231202,0.004195823908555352,0.004195823908555352,0.004195823908555352,0.004195823908555352,0.004195823908555352,0.004195823908555352,0.004195823908555352,0.004195823908555352,0.004195823908555352,0.004082482904638606,0.004082482904638606,0.004082482904638606,0.004082482904638606,0.004082482904638606,0.004082482904638606,0.004082482904638606,0.004082482904638606,0.004027681991198164,0.004027681991198164,0.004027681991198164,0.003999999999999972,0.003999999999999972,0.003999999999999972,0.006357653111519965,0.006357653111519965,0.006357653111519965,0.006357653111519965,0.006357653111519965,0.006357653111519965,0.006357653111519965,0.006357653111519965,0.006357653111519965,0.006357653111519965,0.006357653111519965,0.006357653111519965,0.006357653111519965,0.006357653111519965,0.006357653111519965,0.006357653111519965,0.006227180564089781,0.006832204062063631,0.006832204062063631,0.006832204062063631,0.006832204062063631,0.006832204062063631,0.006832204062063631,0.00426223728418149,0.00426223728418149,0.00426223728418149,0.00426223728418149,0.004262237284181482,0.004262237284181482,0.004262237284181482,0.004262237284181482,0.004262237284181482

mean_time: , 13351.710927867889
best_solution: , 0.7561111111111111
worst_solution: , 0.7669444444444444
mean_solution: , 0.7626666666666667
std_solution: , 0.004262237284181482



solutions runs are : 



0.7661111111111111

0.7669444444444444

0.765

0.7561111111111111

0.7591666666666667

