# Scenario 216
Mean curve: 0.7849999999999999,0.813,0.819,0.8230000000000001,0.827,0.8320000000000001,0.8424999999999999,0.8535,0.8574999999999999,0.8595,0.8644999999999999,0.877,0.884,0.885,0.8905,0.8949999999999999,0.8949999999999999,0.899,0.899,0.9015000000000001,0.905,0.9109999999999999,0.915,0.9165000000000001,0.9190000000000002,0.9289999999999999,0.9289999999999999,0.9309999999999998,0.9335000000000001,0.9375,0.9385000000000001,0.9385000000000001,0.9385000000000001,0.9385000000000001,0.9390000000000001,0.9405000000000001,0.9435,0.946,0.946,0.9484999999999999,0.9484999999999999,0.951,0.9540000000000001,0.9540000000000001,0.9540000000000001,0.9559999999999998,0.9559999999999998,0.9569999999999999,0.9584999999999999,0.959,0.9604999999999999,0.9629999999999999,0.9629999999999999,0.9649999999999999,0.9649999999999999,0.9649999999999999,0.9684999999999999,0.97,0.97,0.9724999999999999,0.9724999999999999,0.9724999999999999,0.9729999999999999,0.9729999999999999,0.9739999999999999,0.975,0.976,0.9764999999999999,0.9764999999999999,0.9764999999999999,0.9775,0.9789999999999999,0.9789999999999999,0.9789999999999999,0.9795,0.9799999999999999,0.9799999999999999,0.9814999999999999,0.9835,0.9835,0.9835,0.9835,0.9845,0.9865,0.9875,0.9875,0.9875,0.9875,0.9875,0.9880000000000001,0.9894999999999999,0.9894999999999999,0.9904999999999999,0.9904999999999999,0.992,0.993,0.993,0.993,0.9935,0.9935
Std curve: 0.018506755523321747,0.020334699407662752,0.011467344941179694,0.014265342617687082,0.012786711852544408,0.012589678312014161,0.008944271909999186,0.01146734494117975,0.011726039399558609,0.009137833441248565,0.006964194138592073,0.014525839046333927,0.011467344941179708,0.011291589790636205,0.009539392014169444,0.007071067811865481,0.007071067811865481,0.0037416573867739447,0.0037416573867739447,0.005385164807134518,0.007071067811865481,0.009695359714832666,0.004743416490252597,0.005830951894845323,0.0037416573867739447,0.008455767262643868,0.008455767262643868,0.009565563234854468,0.012206555615733668,0.009746794344808933,0.007999999999999967,0.007999999999999967,0.007999999999999967,0.007999999999999967,0.008154753215150017,0.009273618495495671,0.005385164807134497,0.005612486080160903,0.005612486080160903,0.008746427842267961,0.008746427842267961,0.010440306508910544,0.00860232526704262,0.00860232526704262,0.00860232526704262,0.010319883720275133,0.010319883720275133,0.010416333327999813,0.00860232526704262,0.00874642784226795,0.009797958971132706,0.007483314773547889,0.007483314773547889,0.00758287544405155,0.00758287544405155,0.00758287544405155,0.004358898943540688,0.001581138830084191,0.001581138830084191,0.005244044240850773,0.005244044240850773,0.005244044240850773,0.005338539126015669,0.005338539126015669,0.0051478150704935095,0.004183300132670395,0.004636809247747863,0.004358898943540693,0.004358898943540693,0.004358898943540693,0.0031622776601683998,0.00339116499156266,0.00339116499156266,0.00339116499156266,0.004000000000000012,0.004743416490252597,0.004743416490252597,0.005612486080160943,0.004636809247747873,0.004636809247747873,0.004636809247747873,0.004636809247747873,0.005787918451395135,0.004062019202318006,0.004183300132670395,0.004183300132670395,0.004183300132670395,0.004183300132670395,0.004183300132670395,0.004301162633521328,0.005099019513592796,0.005099019513592796,0.005567764362830031,0.005567764362830031,0.0036742346141747737,0.0018708286933869665,0.0018708286933869665,0.0018708286933869665,0.001224744871391563,0.001224744871391563

mean_time: , 3605.3151995658873
best_solution: , 0.9925
worst_solution: , 0.995
mean_solution: , 0.9935
std_solution: , 0.001224744871391563



solutions runs are : 



0.9925

0.9925

0.9925

0.995

0.995

