# Scenario 196
Mean curve: 0.7658,0.7757999999999999,0.7821,0.7827000000000001,0.7838,0.7838,0.7838,0.7859999999999999,0.7868999999999999,0.7868999999999999,0.7906000000000001,0.7916000000000001,0.7916000000000001,0.7918999999999999,0.7918999999999999,0.7918999999999999,0.7942,0.7942,0.795,0.7961,0.7961,0.7961,0.7978000000000001,0.7982,0.7982,0.7983,0.8004000000000001,0.8004000000000001,0.8004000000000001,0.8004000000000001,0.8004000000000001,0.8004000000000001,0.8004000000000001,0.8004000000000001,0.8034000000000001,0.8065,0.8065,0.8088,0.8088,0.8088999999999998,0.8091999999999999,0.8091999999999999,0.8091999999999999,0.8091999999999999,0.8091999999999999,0.8091999999999999,0.8091999999999999,0.8091999999999999,0.8091999999999999,0.8091999999999999,0.8091999999999999,0.8091999999999999,0.8093999999999999,0.8093999999999999,0.8093999999999999,0.8093999999999999,0.8093999999999999,0.8093999999999999,0.8093999999999999,0.8096,0.8096,0.8096,0.8096,0.8103999999999999,0.8103999999999999,0.8103999999999999,0.8106000000000002,0.8107000000000001,0.8107000000000001,0.8107000000000001,0.8107000000000001,0.8107000000000001,0.8114000000000001,0.8123000000000001,0.8123000000000001,0.8126000000000001,0.8126000000000001,0.8127000000000001,0.8127000000000001,0.8157,0.8157,0.8157,0.8157,0.8157,0.8157,0.8157,0.8157,0.8157,0.8157,0.8157,0.8157,0.8157,0.8157,0.8168,0.8168,0.8168,0.8168,0.8168,0.8168,0.8174999999999999
Std curve: 0.01034698023579828,0.009426558226627592,0.006053098380168618,0.005325410782277734,0.006004997918400959,0.006004997918400959,0.006004997918400959,0.005486346689738086,0.006296030495478891,0.006296030495478891,0.0069526973183074705,0.007425631286294786,0.007425631286294786,0.006836665854054902,0.006836665854054902,0.006836665854054902,0.005793099343184106,0.005793099343184106,0.006371812928829612,0.004487761134463374,0.004487761134463374,0.004487761134463374,0.002874021572640007,0.0033852621759621754,0.0033852621759621754,0.0033406586176980323,0.003979949748426483,0.003979949748426483,0.003979949748426483,0.003979949748426483,0.003979949748426483,0.003979949748426483,0.003979949748426483,0.003979949748426483,0.00924337600663304,0.010440306508910518,0.010440306508910518,0.008789766777338262,0.008789766777338262,0.00872582374334937,0.008559205570612235,0.008559205570612235,0.008559205570612235,0.008559205570612235,0.008559205570612235,0.008559205570612235,0.008559205570612235,0.008559205570612235,0.008559205570612235,0.008559205570612235,0.008559205570612235,0.008559205570612235,0.00846994687114385,0.00846994687114385,0.00846994687114385,0.00846994687114385,0.00846994687114385,0.00846994687114385,0.00846994687114385,0.008181686867633075,0.008181686867633075,0.008181686867633075,0.008181686867633075,0.007983733462484804,0.007983733462484804,0.007983733462484804,0.007677239087067669,0.007672027111526629,0.007672027111526629,0.007672027111526629,0.007672027111526629,0.007672027111526629,0.006666333324999574,0.005626721958654057,0.005626721958654057,0.005342284155677199,0.005342284155677199,0.005500909015790011,0.005500909015790011,0.0056621550667568035,0.0056621550667568035,0.0056621550667568035,0.0056621550667568035,0.0056621550667568035,0.0056621550667568035,0.0056621550667568035,0.0056621550667568035,0.0056621550667568035,0.0056621550667568035,0.0056621550667568035,0.0056621550667568035,0.0056621550667568035,0.0056621550667568035,0.0044676615807377265,0.0044676615807377265,0.0044676615807377265,0.0044676615807377265,0.0044676615807377265,0.0044676615807377265,0.0036193922141707718

mean_time: , 13174.5490357399
best_solution: , 0.8135
worst_solution: , 0.822
mean_solution: , 0.8174999999999999
std_solution: , 0.0036193922141707718



solutions runs are : 



0.8135

0.8165

0.822

0.8215

0.814

