# Scenario 265
Mean curve: 0.7201250000000001,0.7203333333333334,0.7218333333333333,0.7220416666666667,0.7254583333333334,0.7310000000000001,0.732625,0.7399166666666667,0.741375,0.7422500000000001,0.7433333333333334,0.7510416666666666,0.7510416666666666,0.7532916666666667,0.7532916666666667,0.7532916666666667,0.755625,0.755625,0.755625,0.7562916666666666,0.7572083333333334,0.7578750000000001,0.7585,0.7587083333333333,0.7587083333333333,0.759375,0.759375,0.759375,0.7609166666666666,0.7609166666666666,0.7637916666666665,0.7662916666666667,0.7667916666666665,0.7672083333333333,0.7672083333333333,0.7696249999999999,0.7707916666666665,0.7707916666666665,0.7723333333333333,0.7777083333333333,0.7777499999999999,0.7777499999999999,0.7777499999999999,0.7777499999999999,0.7777499999999999,0.7777499999999999,0.7777499999999999,0.7805833333333334,0.7805833333333334,0.7805833333333334,0.7805833333333334,0.7805833333333334,0.7811250000000001,0.7844583333333335,0.7844583333333335,0.7848750000000001,0.7849583333333333,0.7849583333333333,0.7849583333333333,0.78575,0.78575,0.7873333333333333,0.7873333333333333,0.787875,0.7895,0.7897916666666667,0.789875,0.789875,0.789875,0.7900416666666666,0.7900416666666666,0.7900416666666666,0.7900416666666666,0.7905,0.7908333333333333,0.7911666666666666,0.7923333333333333,0.7937916666666667,0.793875,0.7939166666666667,0.7961666666666667,0.7961666666666667,0.7961666666666667,0.7964583333333334,0.7964583333333334,0.8004999999999999,0.8004999999999999,0.8004999999999999,0.8008333333333333,0.8010416666666667,0.8012499999999999,0.8012499999999999,0.8012499999999999,0.8012499999999999,0.8033333333333333,0.8033333333333333,0.8033333333333333,0.8033333333333333,0.8033333333333333,0.804625
Std curve: 0.008041342825949193,0.007912937718277172,0.007540860914599442,0.007369701486491865,0.005562773089426223,0.007277247648206935,0.0066752548848547965,0.008358919055582347,0.006588868980670701,0.005912263619893072,0.00490004251682236,0.0027354412603616284,0.0027354412603616284,0.006187745505791622,0.006187745505791622,0.006187745505791622,0.0064643788908482405,0.0064643788908482405,0.0064643788908482405,0.007126583644667655,0.006423427174543729,0.005993920531115955,0.006730682233869993,0.006582014635859328,0.006582014635859328,0.006358775650844867,0.006358775650844867,0.006358775650844867,0.0048584119490494545,0.0048584119490494545,0.005203164101454665,0.003920653998732555,0.003517318265067529,0.0029362438212412966,0.0029362438212412966,0.005164650144115385,0.004402492980624096,0.004402492980624096,0.004946589734352354,0.00626664450350692,0.006271352414839346,0.006271352414839346,0.006271352414839346,0.006271352414839346,0.006271352414839346,0.006271352414839346,0.006271352414839346,0.003357723269650954,0.003357723269650954,0.003357723269650954,0.003357723269650954,0.003357723269650954,0.0029421505739849474,0.00664919585781286,0.00664919585781286,0.006322633505466263,0.0062685834834425806,0.0062685834834425806,0.0062685834834425806,0.0059666317503634,0.0059666317503634,0.004775152702619415,0.004775152702619415,0.004328924038757609,0.005503471126883853,0.005303300858899083,0.00523012109483772,0.00523012109483772,0.00523012109483772,0.0051376875472661,0.0051376875472661,0.0051376875472661,0.0051376875472661,0.0047954695054579985,0.004596571790173862,0.004335336075656507,0.004368844876572693,0.004775152702619384,0.0046670386756485875,0.004716622496848521,0.00479546950545799,0.00479546950545799,0.00479546950545799,0.004669641908707272,0.004669641908707272,0.009072049566296102,0.009072049566296102,0.009072049566296102,0.0090934576604404,0.008802422330750166,0.008521826551730434,0.008521826551730434,0.008521826551730434,0.008521826551730434,0.0065656407828093245,0.0065656407828093245,0.0065656407828093245,0.0065656407828093245,0.0065656407828093245,0.006289320754704402

mean_time: , 21796.448170375825
best_solution: , 0.7985416666666667
worst_solution: , 0.81625
mean_solution: , 0.804625
std_solution: , 0.006289320754704402



solutions runs are : 



0.8020833333333334

0.81625

0.7985416666666667

0.8058333333333333

0.8004166666666667

