# Scenario 112
Mean curve: 0.8263333333333331,0.8446666666666666,0.8513333333333334,0.8603333333333334,0.8619999999999999,0.8756666666666666,0.8846666666666667,0.892,0.8926666666666666,0.8939999999999999,0.9003333333333334,0.9003333333333334,0.9019999999999999,0.9113333333333333,0.9113333333333333,0.9113333333333333,0.9126666666666667,0.9179999999999999,0.9179999999999999,0.9179999999999999,0.9189999999999999,0.9189999999999999,0.9189999999999999,0.9189999999999999,0.9189999999999999,0.9223333333333332,0.9233333333333335,0.9233333333333335,0.9233333333333335,0.9263333333333332,0.9286666666666668,0.9286666666666668,0.9286666666666668,0.9286666666666668,0.9286666666666668,0.9286666666666668,0.931,0.9323333333333335,0.9336666666666666,0.9336666666666666,0.9336666666666666,0.9336666666666666,0.9346666666666668,0.9366666666666668,0.9369999999999999,0.938,0.938,0.938,0.938,0.9410000000000001,0.9410000000000001,0.9410000000000001,0.9426666666666665,0.9426666666666665,0.9426666666666665,0.9426666666666665,0.9426666666666665,0.9426666666666665,0.9436666666666665,0.9436666666666665,0.9436666666666665,0.9456666666666667,0.9466666666666667,0.9466666666666667,0.9466666666666667,0.9480000000000001,0.9480000000000001,0.9480000000000001,0.9480000000000001,0.95,0.95,0.95,0.9543333333333333,0.9543333333333333,0.9543333333333333,0.9543333333333333,0.9543333333333333,0.9543333333333333,0.9543333333333333,0.9576666666666668,0.9576666666666668,0.9576666666666668,0.9576666666666668,0.9576666666666668,0.9576666666666668,0.9603333333333334,0.9603333333333334,0.9603333333333334,0.961,0.961,0.9626666666666667,0.9626666666666667,0.9626666666666667,0.9633333333333333,0.9640000000000001,0.9640000000000001,0.9640000000000001,0.9640000000000001,0.9640000000000001,0.966
Std curve: 0.007102425250887524,0.01624123695343978,0.009854496999396297,0.004876246279442574,0.0033993463423951857,0.015972198067614615,0.011756794725698952,0.012970050972229127,0.013106402167558312,0.012319812408384192,0.01180395413975051,0.01180395413975051,0.01050925518028963,0.00839311887467612,0.00839311887467612,0.00839311887467612,0.008856886837057622,0.0028674417556808773,0.0028674417556808773,0.0028674417556808773,0.0016996731711975994,0.0016996731711975994,0.0016996731711975994,0.0016996731711975994,0.0016996731711975994,0.007348469228349533,0.007071067811865476,0.007071067811865476,0.007071067811865476,0.008717797887081345,0.007702813338860897,0.007702813338860897,0.007702813338860897,0.007702813338860897,0.007702813338860897,0.007702813338860897,0.005734883511361753,0.007423685817106706,0.007483314773547893,0.007483314773547893,0.007483314773547893,0.007483314773547893,0.006782329983125276,0.008755950357709144,0.00825967446224258,0.006944222218666559,0.006944222218666559,0.006944222218666559,0.006944222218666559,0.010780641085864164,0.010780641085864164,0.010780641085864164,0.009521904571390488,0.009521904571390488,0.009521904571390488,0.009521904571390488,0.009521904571390488,0.009521904571390488,0.008524474568362968,0.008524474568362968,0.008524474568362968,0.01036018017861339,0.00966091783079298,0.00966091783079298,0.00966091783079298,0.008844332774281094,0.008844332774281094,0.008844332774281094,0.008844332774281094,0.00829993306532585,0.00829993306532585,0.00829993306532585,0.007644896627453171,0.007644896627453171,0.007644896627453171,0.007644896627453171,0.007644896627453171,0.007644896627453171,0.007644896627453171,0.002708012801545314,0.002708012801545314,0.002708012801545314,0.002708012801545314,0.002708012801545314,0.002708012801545314,0.0024494897427831835,0.0024494897427831835,0.0024494897427831835,0.003091206165165227,0.003091206165165227,0.005830951894845314,0.005830951894845314,0.005830951894845314,0.006055300708194995,0.005637178175095938,0.005637178175095938,0.005637178175095938,0.005637178175095938,0.005637178175095938,0.00922556833539868

mean_time: , 3770.6672197818757
best_solution: , 0.9566666666666667
worst_solution: , 0.9833333333333333
mean_solution: , 0.966
std_solution: , 0.00922556833539868



solutions runs are : 



0.9833333333333333

0.9616666666666667

0.9566666666666667

0.9666666666666667

0.9616666666666667

