# Scenario 115
Mean curve: 0.8474999999999999,0.866,0.8859999999999999,0.9035,0.9095000000000001,0.9155000000000001,0.922,0.923,0.933,0.9414999999999999,0.9465,0.9465,0.9465,0.9504999999999999,0.9549999999999998,0.96,0.9629999999999999,0.9629999999999999,0.9629999999999999,0.9629999999999999,0.9639999999999999,0.9639999999999999,0.9639999999999999,0.9664999999999999,0.9664999999999999,0.9664999999999999,0.9664999999999999,0.9664999999999999,0.9664999999999999,0.9675,0.9695,0.97,0.9715,0.9715,0.9719999999999999,0.9719999999999999,0.9730000000000001,0.974,0.9790000000000001,0.9804999999999999,0.9804999999999999,0.9804999999999999,0.9804999999999999,0.9804999999999999,0.9804999999999999,0.9804999999999999,0.9814999999999999,0.9814999999999999,0.9824999999999999,0.9834999999999999,0.9834999999999999,0.985,0.986,0.986,0.986,0.986,0.986,0.986,0.986,0.986,0.986,0.986,0.986,0.9870000000000001,0.9875,0.9875,0.9890000000000001,0.9890000000000001,0.9890000000000001,0.9890000000000001,0.9890000000000001,0.9890000000000001,0.9890000000000001,0.9894999999999999,0.9894999999999999,0.9894999999999999,0.9894999999999999,0.9894999999999999,0.9894999999999999,0.9894999999999999,0.9894999999999999,0.9894999999999999,0.9894999999999999,0.9894999999999999,0.9894999999999999,0.9894999999999999,0.9894999999999999,0.9894999999999999,0.9894999999999999,0.9894999999999999,0.9894999999999999,0.9894999999999999,0.9894999999999999,0.9894999999999999,0.991,0.991,0.991,0.991,0.991,0.991
Std curve: 0.025641762809916153,0.013838352503098044,0.009565563234854524,0.011575836902790236,0.00913783344124853,0.01077032961426901,0.006964194138592073,0.0065954529791364845,0.011768602295939828,0.008154753215150032,0.009823441352194245,0.009823441352194245,0.009823441352194245,0.00696419413859206,0.009746794344808962,0.005244044240850752,0.00796868872525462,0.00796868872525462,0.00796868872525462,0.00796868872525462,0.008000000000000007,0.008000000000000007,0.008000000000000007,0.008602325267042623,0.008602325267042623,0.008602325267042623,0.008602325267042623,0.008602325267042623,0.008602325267042623,0.007416198487095655,0.008999999999999994,0.008366600265340762,0.007,0.007,0.007314369419163905,0.007314369419163905,0.006204836822995424,0.004636809247747849,0.009027735042633886,0.008717797887081338,0.008717797887081338,0.008717797887081338,0.008717797887081338,0.008717797887081338,0.008717797887081338,0.008717797887081338,0.0073484692283495275,0.0073484692283495275,0.007416198487095655,0.007999999999999991,0.007999999999999991,0.007905694150420941,0.006819090848492931,0.006819090848492931,0.006819090848492931,0.006819090848492931,0.006819090848492931,0.006819090848492931,0.006819090848492931,0.006819090848492931,0.006819090848492931,0.006819090848492931,0.006819090848492931,0.005338539126015652,0.0050000000000000044,0.0050000000000000044,0.0051478150704935095,0.0051478150704935095,0.0051478150704935095,0.0051478150704935095,0.0051478150704935095,0.0051478150704935095,0.0051478150704935095,0.005099019513592796,0.005099019513592796,0.005099019513592796,0.005099019513592796,0.005099019513592796,0.005099019513592796,0.005099019513592796,0.005099019513592796,0.005099019513592796,0.005099019513592796,0.005099019513592796,0.005099019513592796,0.005099019513592796,0.005099019513592796,0.005099019513592796,0.005099019513592796,0.005099019513592796,0.005099019513592796,0.005099019513592796,0.005099019513592796,0.005099019513592796,0.006041522986797306,0.006041522986797306,0.006041522986797306,0.006041522986797306,0.006041522986797306,0.006041522986797306

mean_time: , 3587.5903462409974
best_solution: , 0.98
worst_solution: , 0.9975
mean_solution: , 0.991
std_solution: , 0.006041522986797306



solutions runs are : 



0.9975

0.995

0.9925

0.99

0.98

