# Scenario 209
Mean curve: 0.7636666666666667,0.7855,0.7975,0.8026666666666668,0.8088333333333335,0.8106666666666668,0.8153333333333332,0.818,0.8246666666666668,0.8255000000000001,0.8275,0.8281666666666666,0.8353333333333334,0.8363333333333334,0.8385,0.843,0.843,0.85,0.8523333333333334,0.8568333333333333,0.8584999999999999,0.8616666666666666,0.8621666666666666,0.8640000000000001,0.8683333333333334,0.8716666666666667,0.8743333333333334,0.875,0.876,0.8836666666666666,0.8870000000000001,0.8913333333333334,0.8913333333333334,0.8916666666666666,0.897,0.8973333333333333,0.8978333333333334,0.8978333333333334,0.8978333333333334,0.8978333333333334,0.8981666666666666,0.8981666666666666,0.8981666666666666,0.8985,0.8986666666666666,0.901,0.9019999999999999,0.9045,0.9045,0.9075,0.9075,0.9075,0.9076666666666666,0.9088333333333333,0.9088333333333333,0.9088333333333333,0.9088333333333333,0.9116666666666667,0.9121666666666666,0.9128333333333334,0.9128333333333334,0.9128333333333334,0.9146666666666666,0.9146666666666666,0.9163333333333332,0.9179999999999999,0.9179999999999999,0.9179999999999999,0.9251666666666667,0.9251666666666667,0.9274999999999999,0.9274999999999999,0.9274999999999999,0.9279999999999999,0.9279999999999999,0.9279999999999999,0.9279999999999999,0.9281666666666666,0.932,0.932,0.9323333333333335,0.9339999999999999,0.9349999999999998,0.9349999999999998,0.9375,0.9375,0.9388333333333332,0.9388333333333332,0.9399999999999998,0.9399999999999998,0.9410000000000001,0.9428333333333333,0.9431666666666667,0.9433333333333334,0.9433333333333334,0.9435,0.9435,0.9435,0.9441666666666666,0.9441666666666666
Std curve: 0.012254250963101194,0.016571394362307337,0.0074349026743985025,0.01137003860054037,0.01062753237795325,0.009977753031397191,0.00915302014516402,0.01262273081917435,0.010036046144883059,0.010679679562400507,0.008045012257431424,0.009180292902613574,0.009183318209303907,0.00918331820930391,0.011222497246354945,0.013318742016004682,0.013318742016004682,0.006236095644623231,0.0034318767136623093,0.007423685817106671,0.0059721576223896134,0.006561673228343152,0.0061146454426146786,0.007176350047203635,0.009052317076000174,0.010314498964510508,0.012730104302618858,0.011654755824698054,0.011172883841396242,0.019152893602099208,0.01952633549281015,0.01818576977260578,0.01818576977260578,0.017614703454153783,0.010200762498732892,0.009935905707192568,0.009611913903530797,0.009611913903530797,0.009611913903530797,0.009611913903530797,0.009565563234854484,0.009565563234854484,0.009565563234854484,0.009389710680668833,0.009377869931090115,0.009210501253098718,0.008669871202426618,0.008376554582086047,0.008376554582086047,0.007340905181848407,0.007340905181848407,0.007340905181848407,0.007039570693980945,0.008717797887081337,0.008717797887081337,0.008717797887081337,0.008717797887081337,0.01170232645436129,0.011602202855971393,0.010821788720498613,0.010821788720498613,0.010821788720498613,0.009243616415908021,0.009243616415908021,0.007483314773547851,0.0067412494720521954,0.0067412494720521954,0.0067412494720521954,0.007253351715662974,0.007253351715662974,0.0055527770829859055,0.0055527770829859055,0.0055527770829859055,0.004760952285695264,0.004760952285695264,0.004760952285695264,0.004760952285695264,0.005011098792790973,0.0052599112793531595,0.0052599112793531595,0.00489897948556634,0.004358898943540661,0.005163977794943213,0.005163977794943213,0.003908679799852868,0.003908679799852868,0.0021473497877875203,0.0021473497877875203,0.002981423969999739,0.002981423969999739,0.0038151743807532086,0.0030092450142112904,0.0032231799343022723,0.003374742788552755,0.003374742788552755,0.0030912061651652187,0.0030912061651652187,0.0030912061651652187,0.003800584750330465,0.003800584750330465

mean_time: , 4356.877749967575
best_solution: , 0.9383333333333334
worst_solution: , 0.9491666666666667
mean_solution: , 0.9441666666666666
std_solution: , 0.003800584750330465



solutions runs are : 



0.9491666666666667

0.9466666666666667

0.9383333333333334

0.945

0.9416666666666667

