# Scenario 227
Mean curve: 0.7299166666666667,0.7404166666666667,0.7410833333333333,0.7535833333333333,0.7605000000000001,0.7621666666666667,0.7641666666666667,0.76875,0.7734166666666666,0.7748333333333334,0.7753333333333334,0.777,0.7805833333333333,0.7844166666666667,0.7869166666666667,0.7873333333333334,0.789,0.7906666666666667,0.7914166666666667,0.7926666666666666,0.7939166666666667,0.7989166666666667,0.7995833333333333,0.8,0.8031666666666666,0.8045833333333332,0.8068333333333333,0.8095833333333333,0.8103333333333333,0.8104166666666666,0.8104166666666666,0.8104166666666666,0.8119166666666666,0.8119166666666666,0.8153333333333332,0.8156666666666667,0.8156666666666667,0.8175833333333333,0.8198333333333334,0.8198333333333334,0.8198333333333334,0.82025,0.82025,0.8245000000000001,0.82575,0.82675,0.8270833333333334,0.8270833333333334,0.8296666666666667,0.8328333333333333,0.8345,0.835,0.8364166666666666,0.8379166666666666,0.8380833333333333,0.8400000000000001,0.8407500000000001,0.8407500000000001,0.8407500000000001,0.8407500000000001,0.8407500000000001,0.8411666666666667,0.8411666666666667,0.8430833333333334,0.8430833333333334,0.8430833333333334,0.8430833333333334,0.8430833333333334,0.84475,0.8461666666666666,0.8461666666666666,0.8500833333333334,0.8510833333333334,0.8514166666666668,0.8514166666666668,0.8514166666666668,0.8514166666666668,0.8514166666666668,0.8514166666666668,0.8542500000000001,0.8558333333333333,0.8558333333333333,0.8580833333333334,0.8580833333333334,0.8580833333333334,0.8580833333333334,0.8580833333333334,0.8580833333333334,0.8580833333333334,0.8580833333333334,0.8580833333333334,0.86,0.8600833333333334,0.8600833333333334,0.8600833333333334,0.8600833333333334,0.8600833333333334,0.8608333333333332,0.8616666666666666,0.8616666666666666
Std curve: 0.011721300648344842,0.00452615853800009,0.004350925827402203,0.00940818201826947,0.0057457713919794205,0.005173382731722932,0.00311804782231161,0.009877724659274736,0.007589283380018302,0.0073248056477819064,0.006787447564765728,0.00590080032236683,0.0061214558907356645,0.009115767780183014,0.008868640131259008,0.008678677574633415,0.005848789048455532,0.006458198923332528,0.005287564026405136,0.005120763831912406,0.005728825747432403,0.006543656809800187,0.007336173692357933,0.007476816018719328,0.00816751696253725,0.009040802570077016,0.01052642178309209,0.013552879972742179,0.012361454427192449,0.012318121249245405,0.012318121249245405,0.012318121249245405,0.013256549743847792,0.013256549743847792,0.015141462574298709,0.01475400134050268,0.01475400134050268,0.01335779007005109,0.010673825722558664,0.010673825722558664,0.010673825722558664,0.010316518577289288,0.010316518577289288,0.008007808689023475,0.007689278249614832,0.005982613698599168,0.005991892670749161,0.005991892670749161,0.0033061390708128808,0.009491955658462713,0.009042338684703687,0.008751983902077416,0.008533430989024541,0.008830974527825964,0.008931063144379218,0.008358295945413218,0.007175382297209775,0.007175382297209775,0.007175382297209775,0.007175382297209775,0.007175382297209775,0.007828012377211604,0.007828012377211604,0.009266876496425349,0.009266876496425349,0.009266876496425349,0.009266876496425349,0.009266876496425349,0.009532837982468843,0.011153599319402612,0.011153599319402612,0.0076892782496148695,0.008030324471097758,0.008167516962537256,0.008167516962537256,0.008167516962537256,0.008167516962537256,0.008167516962537256,0.008167516962537256,0.00815390158826506,0.010000000000000023,0.010000000000000023,0.010440306508910577,0.010440306508910577,0.010440306508910577,0.010440306508910577,0.010440306508910577,0.010440306508910577,0.010440306508910577,0.010440306508910577,0.010440306508910577,0.012190615698606506,0.012068669262921146,0.012068669262921146,0.012068669262921146,0.012068669262921146,0.012068669262921146,0.01175561331638822,0.011055415967851317,0.011055415967851317

mean_time: , 7678.84484257698
best_solution: , 0.8445833333333334
worst_solution: , 0.8741666666666666
mean_solution: , 0.8616666666666666
std_solution: , 0.011055415967851317



solutions runs are : 



0.8645833333333334

0.85375

0.87125

0.8741666666666666

0.8445833333333334

