# Scenario 435
Mean curve: 0.76875,0.77425,0.776,0.776,0.7795,0.78025,0.7805,0.7835000000000001,0.7852500000000001,0.7852500000000001,0.7852500000000001,0.7852500000000001,0.7852500000000001,0.7860000000000001,0.7860000000000001,0.7860000000000001,0.7860000000000001,0.7862500000000001,0.7862500000000001,0.7862500000000001,0.7870000000000001,0.7995000000000001,0.8067500000000001,0.8067500000000001,0.8067500000000001,0.8067500000000001,0.8067500000000001,0.8067500000000001,0.8067500000000001,0.8067500000000001,0.8067500000000001,0.8067500000000001,0.8067500000000001,0.8067500000000001,0.8067500000000001,0.8067500000000001,0.8067500000000001,0.8067500000000001,0.8067500000000001,0.8067500000000001,0.8067500000000001,0.8067500000000001,0.8067500000000001,0.8067500000000001,0.8067500000000001,0.8067500000000001,0.8067500000000001,0.8067500000000001,0.8067500000000001,0.8067500000000001,0.8067500000000001,0.8067500000000001,0.8067500000000001,0.8067500000000001,0.8067500000000001,0.8067500000000001,0.8067500000000001,0.8067500000000001,0.8067500000000001,0.8067500000000001,0.8067500000000001,0.8067500000000001,0.8067500000000001,0.8067500000000001,0.8067500000000001,0.8067500000000001,0.8067500000000001,0.8067500000000001,0.8067500000000001,0.8067500000000001,0.8067500000000001,0.8067500000000001,0.8067500000000001,0.8067500000000001,0.8067500000000001,0.8067500000000001,0.8067500000000001,0.8067500000000001,0.8067500000000001,0.8092500000000001,0.8092500000000001,0.8092500000000001,0.8092500000000001,0.8092500000000001,0.8092500000000001,0.8092500000000001,0.8092500000000001,0.8092500000000001,0.8092500000000001,0.8092500000000001,0.8092500000000001,0.8092500000000001,0.8092500000000001,0.8092500000000001,0.8092500000000001,0.8092500000000001,0.8092500000000001,0.8092500000000001,0.8092500000000001,0.8092500000000001
Std curve: 0.009354143466934882,0.006828250141873836,0.0055565276927232185,0.0055565276927232185,0.011197097838279364,0.012584712948653208,0.013052777482206632,0.011869077470469233,0.010500000000000008,0.010500000000000008,0.010500000000000008,0.010500000000000008,0.010500000000000008,0.011921619017566344,0.011921619017566344,0.011921619017566344,0.011921619017566344,0.011805718953117576,0.011805718953117576,0.011805718953117576,0.011581234821900448,0.026629401044709962,0.023751315753027247,0.023751315753027247,0.023751315753027247,0.023751315753027247,0.023751315753027247,0.023751315753027247,0.023751315753027247,0.023751315753027247,0.023751315753027247,0.023751315753027247,0.023751315753027247,0.023751315753027247,0.023751315753027247,0.023751315753027247,0.023751315753027247,0.023751315753027247,0.023751315753027247,0.023751315753027247,0.023751315753027247,0.023751315753027247,0.023751315753027247,0.023751315753027247,0.023751315753027247,0.023751315753027247,0.023751315753027247,0.023751315753027247,0.023751315753027247,0.023751315753027247,0.023751315753027247,0.023751315753027247,0.023751315753027247,0.023751315753027247,0.023751315753027247,0.023751315753027247,0.023751315753027247,0.023751315753027247,0.023751315753027247,0.023751315753027247,0.023751315753027247,0.023751315753027247,0.023751315753027247,0.023751315753027247,0.023751315753027247,0.023751315753027247,0.023751315753027247,0.023751315753027247,0.023751315753027247,0.023751315753027247,0.023751315753027247,0.023751315753027247,0.023751315753027247,0.023751315753027247,0.023751315753027247,0.023751315753027247,0.023751315753027247,0.023751315753027247,0.023751315753027247,0.024477030048598632,0.024477030048598632,0.024477030048598632,0.024477030048598632,0.024477030048598632,0.024477030048598632,0.024477030048598632,0.024477030048598632,0.024477030048598632,0.024477030048598632,0.024477030048598632,0.024477030048598632,0.024477030048598632,0.024477030048598632,0.024477030048598632,0.024477030048598632,0.024477030048598632,0.024477030048598632,0.024477030048598632,0.024477030048598632,0.024477030048598632

mean_time: , 5992.368213558197
best_solution: , 0.78
worst_solution: , 0.8475
mean_solution: , 0.8092500000000001
std_solution: , 0.024477030048598632



solutions runs are : 



0.82125

0.78625

0.81125

0.8475

0.78

