# Scenario 12
Mean curve: 0.8100000000000002,0.8316666666666667,0.8536666666666667,0.8743333333333334,0.8936666666666666,0.9066666666666666,0.9179999999999999,0.9336666666666666,0.9453333333333334,0.9563333333333333,0.9636666666666669,0.9696666666666667,0.9763333333333334,0.9816666666666667,0.9836666666666666,0.9850000000000001,0.9876666666666667,0.9923333333333334,0.9963333333333333,0.998,0.998,0.9986666666666666,0.9993333333333332,0.9993333333333332,0.9993333333333332,0.9993333333333332,0.9993333333333332,1.0,1.0,1.0,1.0,1.0,1.0,1.0,1.0,1.0,1.0,1.0,1.0,1.0,1.0,1.0,1.0,1.0,1.0,1.0,1.0,1.0,1.0,1.0,1.0,1.0,1.0,1.0,1.0,1.0,1.0,1.0,1.0,1.0,1.0,1.0,1.0,1.0,1.0,1.0,1.0,1.0,1.0,1.0,1.0,1.0,1.0,1.0,1.0,1.0,1.0,1.0,1.0,1.0,1.0,1.0,1.0,1.0,1.0,1.0,1.0,1.0,1.0,1.0,1.0,1.0,1.0,1.0,1.0,1.0,1.0,1.0,1.0,1.0
Std curve: 0.01501850710142511,0.013333333333333345,0.01495920378154459,0.015151090903151336,0.012128936932440139,0.011972189997378629,0.012220201853215578,0.007774602526460367,0.010295630140987005,0.007483314773547888,0.006699917080747268,0.007180219742845993,0.00339934634239517,0.007149203529842395,0.005811865258054237,0.004944132324730429,0.0032659863237108912,0.0044221663871405244,0.00339934634239519,0.0012472191289246285,0.0012472191289246285,0.0012472191289246404,0.0013333333333333196,0.0013333333333333196,0.0013333333333333196,0.0013333333333333196,0.0013333333333333196,0.0,0.0,0.0,0.0,0.0,0.0,0.0,0.0,0.0,0.0,0.0,0.0,0.0,0.0,0.0,0.0,0.0,0.0,0.0,0.0,0.0,0.0,0.0,0.0,0.0,0.0,0.0,0.0,0.0,0.0,0.0,0.0,0.0,0.0,0.0,0.0,0.0,0.0,0.0,0.0,0.0,0.0,0.0,0.0,0.0,0.0,0.0,0.0,0.0,0.0,0.0,0.0,0.0,0.0,0.0,0.0,0.0,0.0,0.0,0.0,0.0,0.0,0.0,0.0,0.0,0.0,0.0,0.0,0.0,0.0,0.0,0.0,0.0

mean_time: , 3725.957429361343
best_solution: , 1.0
worst_solution: , 1.0
mean_solution: , 1.0
std_solution: , 0.0



solutions runs are : 



1.0

1.0

1.0

1.0

1.0

