# Scenario 107
Mean curve: 0.798,0.8121666666666666,0.8263333333333334,0.8395000000000001,0.8448333333333334,0.8481666666666667,0.8498333333333334,0.8528333333333334,0.8615,0.8643333333333333,0.8643333333333333,0.868,0.8726666666666667,0.8779999999999999,0.8779999999999999,0.8779999999999999,0.8815,0.8815,0.8815,0.8815,0.8815,0.8815,0.8815,0.8815,0.8836666666666666,0.884,0.8881666666666665,0.8886666666666667,0.8886666666666667,0.8886666666666667,0.8886666666666667,0.8915,0.8918333333333333,0.8918333333333333,0.8956666666666667,0.8956666666666667,0.8956666666666667,0.8956666666666667,0.8956666666666667,0.8956666666666667,0.8956666666666667,0.8961666666666666,0.8985,0.8985,0.9013333333333333,0.9013333333333333,0.9013333333333333,0.9013333333333333,0.9026666666666667,0.9038333333333334,0.9038333333333334,0.9038333333333334,0.9038333333333334,0.9039999999999999,0.9039999999999999,0.9046666666666667,0.9046666666666667,0.9046666666666667,0.9105000000000001,0.9105000000000001,0.9108333333333334,0.9108333333333334,0.9108333333333334,0.9108333333333334,0.9108333333333334,0.9108333333333334,0.9116666666666667,0.9116666666666667,0.9129999999999999,0.9148333333333334,0.9148333333333334,0.9148333333333334,0.9148333333333334,0.9148333333333334,0.9148333333333334,0.9148333333333334,0.9173333333333333,0.9173333333333333,0.9173333333333333,0.9173333333333333,0.9173333333333333,0.9173333333333333,0.9179999999999999,0.9196666666666665,0.9196666666666665,0.9196666666666665,0.9196666666666665,0.9196666666666665,0.9196666666666665,0.9196666666666665,0.9196666666666665,0.9201666666666666,0.9201666666666666,0.9201666666666666,0.9201666666666666,0.9201666666666666,0.9201666666666666,0.9209999999999999,0.9209999999999999,0.9209999999999999
Std curve: 0.010402991022884793,0.007898663740715184,0.009198429817697775,0.009168181692983375,0.011047875612784338,0.008051914886120755,0.008422852512328832,0.0075755454515756705,0.00568624070307735,0.007479601890772304,0.007479601890772304,0.007756717518813411,0.008553751613570899,0.01025508004194345,0.01025508004194345,0.01025508004194345,0.011110555541666014,0.011110555541666014,0.011110555541666014,0.011110555541666014,0.011110555541666014,0.011110555541666014,0.011110555541666014,0.011110555541666014,0.009854496999396346,0.010143416036468636,0.015814901552368622,0.015097829130191013,0.015097829130191013,0.015097829130191013,0.015097829130191013,0.014224392195567917,0.013727506854649327,0.013727506854649327,0.010400320507881804,0.010400320507881804,0.010400320507881804,0.010400320507881804,0.010400320507881804,0.010400320507881804,0.010400320507881804,0.010535653752852748,0.010572501018102481,0.010572501018102481,0.00876546252820316,0.00876546252820316,0.00876546252820316,0.00876546252820316,0.006859705209085568,0.006802777210652862,0.006802777210652862,0.006802777210652862,0.006802777210652862,0.006570134448142347,0.006570134448142347,0.006381396573025558,0.006381396573025558,0.006381396573025558,0.01724496705966379,0.01724496705966379,0.01711886548681179,0.01711886548681179,0.01711886548681179,0.01711886548681179,0.01711886548681179,0.01711886548681179,0.01695582495781318,0.01695582495781318,0.01703427916486832,0.015414639506362498,0.015414639506362498,0.015414639506362498,0.015414639506362498,0.015414639506362498,0.015414639506362498,0.015414639506362498,0.014609738000540764,0.014609738000540764,0.014609738000540764,0.014609738000540764,0.014609738000540764,0.014609738000540764,0.014059397805975447,0.012754084313139354,0.012754084313139354,0.012754084313139354,0.012754084313139354,0.012754084313139354,0.012754084313139354,0.012754084313139354,0.012754084313139354,0.012675435561221055,0.012675435561221055,0.012675435561221055,0.012675435561221055,0.012675435561221055,0.012675435561221055,0.01193035344544888,0.01193035344544888,0.01193035344544888

mean_time: , 4348.147385454178
best_solution: , 0.9116666666666666
worst_solution: , 0.9441666666666667
mean_solution: , 0.9209999999999999
std_solution: , 0.01193035344544888



solutions runs are : 



0.9175

0.9116666666666666

0.9441666666666667

0.9191666666666667

0.9125

