# Scenario 143
Mean curve: 0.549983112693645,0.5528809910561647,0.5528809910561647,0.5528809910561647,0.5549216619371902,0.5551587735371659,0.5551587735371659,0.5553589420283483,0.5556647271111007,0.5563321340239313,0.5563321340239313,0.5563321340239313,0.5578271144575475,0.5578271144575475,0.5578271144575475,0.5578271144575475,0.5609704506749382,0.5609704506749382,0.5609704506749382,0.5636562881785551,0.5645714655381483,0.5645714655381483,0.5645714655381483,0.5645714655381483,0.5645714655381483,0.5645714655381483,0.5662277854436915,0.5662277854436915,0.5662277854436915,0.5676917058823625,0.5676917058823625,0.5677550476182631,0.5732567601317535,0.5744560134903255,0.5744560134903255,0.5744560134903255,0.5744560134903255,0.5744560134903255,0.5744560134903255,0.5744560134903255,0.5744560134903255,0.5744560134903255,0.5744560134903255,0.5744560134903255,0.5747461712297681,0.5747461712297681,0.5747461712297681,0.5747461712297681,0.5747461712297681,0.5755646994085251,0.5755646994085251,0.5755646994085251,0.5755646994085251,0.5755646994085251,0.5755646994085251,0.5755646994085251,0.5755646994085251,0.5755646994085251,0.5755646994085251,0.5755646994085251,0.5776825655357907,0.5776825655357907,0.5776825655357907,0.5776825655357907,0.5802010938186918,0.5802010938186918,0.5802010938186918,0.583194213764403,0.583194213764403,0.583194213764403,0.583194213764403,0.5838849295950699,0.5838849295950699,0.5838849295950699,0.5838849295950699,0.5838849295950699,0.5838849295950699,0.5848399672606369,0.5848399672606369,0.5848399672606369,0.5848399672606369,0.5848399672606369,0.5890801774633763,0.5890801774633763,0.5902058401150015,0.5902058401150015,0.5902058401150015,0.5902058401150015,0.5902058401150015,0.5902058401150015,0.5902058401150015,0.5902058401150015,0.5902058401150015,0.5902058401150015,0.5902058401150015,0.5902058401150015,0.5902058401150015,0.5902058401150015,0.591726343735839,0.591726343735839
Std curve: 0.008037515912532586,0.006226356398504982,0.006226356398504982,0.006226356398504982,0.007633741968928357,0.007347072814081999,0.007347072814081999,0.0071264848644061836,0.006766835648090356,0.006087104809460548,0.006087104809460548,0.006087104809460548,0.004625671254288275,0.004625671254288275,0.004625671254288275,0.004625671254288275,0.009296103136961378,0.009296103136961378,0.009296103136961378,0.008499773161574756,0.0072838025814455434,0.0072838025814455434,0.0072838025814455434,0.0072838025814455434,0.0072838025814455434,0.0072838025814455434,0.00701592982487802,0.00701592982487802,0.00701592982487802,0.005600604172848519,0.005600604172848519,0.00560986006435288,0.0060131732281607075,0.004749166552178925,0.004749166552178925,0.004749166552178925,0.004749166552178925,0.004749166552178925,0.004749166552178925,0.004749166552178925,0.004749166552178925,0.004749166552178925,0.004749166552178925,0.004749166552178925,0.00429096376138932,0.00429096376138932,0.00429096376138932,0.00429096376138932,0.00429096376138932,0.0032182677169676492,0.0032182677169676492,0.0032182677169676492,0.0032182677169676492,0.0032182677169676492,0.0032182677169676492,0.0032182677169676492,0.0032182677169676492,0.0032182677169676492,0.0032182677169676492,0.0032182677169676492,0.003191619855068431,0.003191619855068431,0.003191619855068431,0.003191619855068431,0.006623141511107084,0.006623141511107084,0.006623141511107084,0.00791282028776865,0.00791282028776865,0.00791282028776865,0.00791282028776865,0.007031755366370638,0.007031755366370638,0.007031755366370638,0.007031755366370638,0.007031755366370638,0.007031755366370638,0.007038615070810083,0.007038615070810083,0.007038615070810083,0.007038615070810083,0.007038615070810083,0.006651642587506883,0.006651642587506883,0.0066468553107896676,0.0066468553107896676,0.0066468553107896676,0.0066468553107896676,0.0066468553107896676,0.0066468553107896676,0.0066468553107896676,0.0066468553107896676,0.0066468553107896676,0.0066468553107896676,0.0066468553107896676,0.0066468553107896676,0.0066468553107896676,0.0066468553107896676,0.007658648370121755,0.007658648370121755

mean_time: , 39565.517088079454
best_solution: , 0.5774278215223098
worst_solution: , 0.599527027027027
mean_solution: , 0.591726343735839
std_solution: , 0.007658648370121755



solutions runs are : 



0.599527027027027

0.592428887146218

0.5923120891683338

0.5774278215223098

0.5969358938153064

