# Scenario 64
Mean curve: 0.5150849305136982,0.5238467731909481,0.5352176872975004,0.5526172821269222,0.5625265267227378,0.5744621592718406,0.5803395122115088,0.5872234496344302,0.5977314541643273,0.6011618434285871,0.6092423757958443,0.6153199030660925,0.622504618303747,0.6249584627156359,0.6264574574301076,0.629177795291753,0.6316817403880062,0.6333192956340788,0.6409785031488284,0.6437458292467592,0.645452597434139,0.6487175050061922,0.651109742519942,0.6553128752131137,0.6591910579903424,0.6613856215123206,0.6627267136778052,0.6635691694159178,0.6666014850574854,0.6668375546959606,0.6672899145600687,0.6689980451941315,0.6745186880473514,0.6765277628343743,0.6768653116473508,0.6802723944549569,0.6811748436459375,0.682625853540498,0.682625853540498,0.6837160181152022,0.6848882984094338,0.6855843433946773,0.6862730829709678,0.6873600503555249,0.6878717701784626,0.6878717701784626,0.6892563906652593,0.689481322809976,0.6908963333346594,0.698633299001785,0.7010302748825207,0.7013952906027889,0.7013952906027889,0.7022158013313523,0.7025819833453534,0.7025819833453534,0.7025819833453534,0.7025819833453534,0.7025819833453534,0.7029194551571079,0.7029194551571079,0.7050256231295104,0.7062848676361441,0.7062848676361441,0.7062848676361441,0.7073505046276098,0.7073505046276098,0.7073505046276098,0.7073707776448186,0.7073707776448186,0.7077138940808781,0.7077138940808781,0.7077138940808781,0.7084392493280379,0.7084392493280379,0.7084392493280379,0.7084392493280379,0.7084392493280379,0.7087690318140465,0.7087690318140465,0.7087690318140465,0.7087690318140465,0.7087690318140465,0.7093508147521286,0.7093508147521286,0.7094933586117776,0.710854901945589,0.710854901945589,0.710854901945589,0.710854901945589,0.710854901945589,0.710854901945589,0.710854901945589,0.710854901945589,0.710854901945589,0.710854901945589,0.710854901945589,0.710854901945589,0.710854901945589,0.710854901945589
Std curve: 0.007146430070234389,0.006324537228127288,0.004984778780149756,0.004442940942597962,0.005546484460854803,0.009613882217957904,0.006501101761733761,0.004483933928990094,0.005018585651260973,0.0033033414780573723,0.004926754464978001,0.005426939250265434,0.006512650957193815,0.004025668138990664,0.00473387780172229,0.0029642150927878604,0.004190902157022961,0.004500582457460553,0.009149957128927699,0.007413232498173134,0.006025384071861504,0.004799281198912661,0.00786226872086197,0.0066085790649394035,0.007510973916579782,0.005739023351191712,0.00619979350424372,0.005598791018277497,0.004347439414466012,0.0041591330484877734,0.004912159317091369,0.004631565469484716,0.0060195340139246704,0.005683310955971677,0.0055151076204739665,0.006045348425177195,0.005794864471784394,0.0067998426076811575,0.0067998426076811575,0.006904005740430044,0.007824571682396883,0.006791667765844843,0.005916338195991803,0.005883700599742547,0.005494654810739207,0.005494654810739207,0.006501680253706665,0.006143762258581749,0.00491033926589281,0.009148384404857924,0.0068552593739897175,0.006455754150298592,0.006455754150298592,0.007679380130892845,0.007519678876268777,0.007519678876268777,0.007519678876268777,0.007519678876268777,0.007519678876268777,0.00723550240035296,0.00723550240035296,0.006005572267160119,0.006578868166450336,0.006578868166450336,0.006578868166450336,0.005371145748370493,0.005371145748370493,0.005371145748370493,0.005353755754381302,0.005353755754381302,0.005436003254647302,0.005436003254647302,0.005436003254647302,0.004954057831606954,0.004954057831606954,0.004954057831606954,0.004954057831606954,0.004954057831606954,0.005206466655987327,0.005206466655987327,0.005206466655987327,0.005206466655987327,0.005206466655987327,0.005916866556337709,0.005916866556337709,0.005694276284299647,0.003991182976692388,0.003991182976692388,0.003991182976692388,0.003991182976692388,0.003991182976692388,0.003991182976692388,0.003991182976692388,0.003991182976692388,0.003991182976692388,0.003991182976692388,0.003991182976692388,0.003991182976692388,0.003991182976692388,0.003991182976692388

mean_time: , 79054.26423845292
best_solution: , 0.7064382426084553
worst_solution: , 0.7173055859802848
mean_solution: , 0.710854901945589
std_solution: , 0.003991182976692388



solutions runs are : 



0.7133169264424392

0.7064382426084553

0.7173055859802848

0.7096933187294633

0.7075204359673024

