# Scenario 34
Mean curve: 0.7600000000000001,0.7754999999999999,0.8013333333333333,0.8186666666666668,0.8271666666666666,0.8451666666666666,0.8574999999999999,0.8654999999999999,0.8736666666666666,0.8791666666666667,0.8863333333333333,0.8895,0.8993333333333334,0.9023333333333333,0.9125,0.9189999999999999,0.9216666666666666,0.9271666666666667,0.9293333333333333,0.9335000000000001,0.9366666666666668,0.9395,0.9444999999999999,0.9448333333333332,0.9451666666666666,0.95,0.9516666666666665,0.9538333333333332,0.9555,0.9578333333333333,0.9584999999999999,0.9593333333333331,0.9593333333333331,0.9594999999999999,0.9608333333333332,0.962,0.9626666666666667,0.9626666666666667,0.9644999999999999,0.9655000000000001,0.967,0.9675,0.9683333333333334,0.9715,0.9726666666666667,0.9738333333333333,0.9738333333333333,0.9738333333333333,0.9738333333333333,0.9738333333333333,0.9738333333333333,0.9738333333333333,0.9738333333333333,0.9764999999999999,0.9764999999999999,0.9768333333333332,0.9771666666666666,0.9771666666666666,0.9771666666666666,0.9771666666666666,0.9771666666666666,0.9771666666666666,0.9786666666666667,0.9786666666666667,0.9790000000000001,0.9790000000000001,0.9791666666666666,0.9791666666666666,0.9791666666666666,0.9810000000000001,0.982,0.982,0.9823333333333334,0.9823333333333334,0.9823333333333334,0.9823333333333334,0.9823333333333334,0.9828333333333333,0.9828333333333333,0.9828333333333333,0.9828333333333333,0.9828333333333333,0.9828333333333333,0.9828333333333333,0.9828333333333333,0.9828333333333333,0.9828333333333333,0.983,0.9834999999999999,0.9834999999999999,0.9834999999999999,0.9834999999999999,0.9834999999999999,0.9834999999999999,0.9845,0.9853333333333334,0.9853333333333334,0.9853333333333334,0.9853333333333334,0.9853333333333334
Std curve: 0.009368979548370121,0.015604486534327234,0.018882678717691403,0.014089002803605364,0.011909380056633242,0.01961716935068188,0.017021228575582355,0.0177685740064368,0.010847426730181981,0.008850612031567852,0.009896688559535705,0.010949378470437901,0.0052014955114424045,0.006110100926607765,0.010606601717798205,0.007681145747868591,0.005749396103553431,0.004552166761249222,0.004129837231121305,0.002438123139721287,0.004281744192888363,0.00250554939639546,0.004904646323187394,0.0045765100725820166,0.004326918328582407,0.006280481227138925,0.006411794687223791,0.007199537022151731,0.006293735862833039,0.0071608503529802525,0.005901977069875245,0.004390646624106492,0.004390646624106492,0.004102844541697046,0.0022973414586817164,0.002818589087547989,0.0024381231397213187,0.0024381231397213187,0.001452966314513543,0.0014529663145135582,0.003399346342395203,0.0030731814857643245,0.0026352313834736678,0.005587684871413404,0.005228129047119374,0.004760952285695235,0.004760952285695235,0.004760952285695235,0.004760952285695235,0.004760952285695235,0.004760952285695235,0.004760952285695235,0.004760952285695235,0.0055377492419453915,0.0055377492419453915,0.005487359211051448,0.005517648452415623,0.005517648452415623,0.005517648452415623,0.005517648452415623,0.005517648452415623,0.005517648452415623,0.00727629331764768,0.00727629331764768,0.00744237118725535,0.00744237118725535,0.0074349026743984695,0.0074349026743984695,0.0074349026743984695,0.005948856099191558,0.0045521667612491955,0.0045521667612491955,0.004696334267868434,0.004696334267868434,0.004696334267868434,0.004696334267868434,0.004696334267868434,0.004268749491621886,0.004268749491621886,0.004268749491621886,0.004268749491621886,0.004268749491621886,0.004268749491621886,0.004268749491621886,0.004268749491621886,0.004268749491621886,0.004268749491621886,0.004034572812303384,0.0037785946829181887,0.0037785946829181887,0.0037785946829181887,0.0037785946829181887,0.0037785946829181887,0.0037785946829181887,0.004034572812303391,0.0049046463231873835,0.0049046463231873835,0.0049046463231873835,0.0049046463231873835,0.0049046463231873835

mean_time: , 5400.975331830979
best_solution: , 0.9775
worst_solution: , 0.9916666666666667
mean_solution: , 0.9853333333333334
std_solution: , 0.0049046463231873835



solutions runs are : 



0.985

0.9775

0.9916666666666667

0.9833333333333333

0.9891666666666666

