# Scenario 399
Mean curve: 0.7104,0.7107,0.7118,0.7139999999999999,0.7142999999999999,0.7156999999999999,0.7248000000000001,0.7253000000000001,0.7268000000000001,0.7268000000000001,0.7304,0.7307,0.7331,0.7333000000000001,0.7356999999999999,0.7356999999999999,0.7367000000000001,0.7373,0.7417999999999999,0.7417999999999999,0.7425,0.7434,0.7434,0.7434,0.7434,0.7435,0.7445,0.7445,0.7447000000000001,0.7447000000000001,0.7447000000000001,0.7449,0.7449,0.7449,0.7472999999999999,0.7482999999999999,0.7482999999999999,0.7482999999999999,0.7482999999999999,0.7491,0.7491,0.7491,0.7491,0.7491,0.7491,0.7491,0.7491,0.7494999999999999,0.7495999999999999,0.7495999999999999,0.7509,0.7509,0.7509,0.7526999999999999,0.7526999999999999,0.7531,0.7541,0.7541,0.7541,0.7541,0.7541,0.755,0.756,0.7563,0.7563,0.7563,0.7571999999999999,0.7573,0.7573,0.7581,0.7585,0.7592000000000001,0.7601,0.7601,0.7602,0.7602,0.7609,0.7609,0.7609,0.7618,0.7618,0.7618,0.7618,0.7634000000000001,0.7634000000000001,0.7637,0.7637,0.764,0.7641,0.7641,0.7642,0.7651,0.7651,0.7651,0.7651,0.7651,0.7668000000000001,0.7669,0.7669,0.7669
Std curve: 0.005266877632905491,0.005005996404313549,0.004945705207551294,0.003049590136395377,0.00317175030543076,0.003385262175962156,0.012851459061133899,0.012722421153223968,0.012694880858046704,0.012694880858046704,0.012455520864259379,0.01247236946213512,0.01233855745214974,0.012327205684987977,0.013174217244299562,0.013174217244299562,0.013908989898623133,0.013887404365107265,0.011745637488020813,0.011745637488020813,0.010526157893552587,0.009035485598461202,0.009035485598461202,0.009035485598461202,0.009035485598461202,0.008876936408468828,0.007402702209328667,0.007402702209328667,0.007599999999999967,0.007599999999999967,0.007599999999999967,0.007391887445030499,0.007391887445030499,0.007391887445030499,0.006968500556073698,0.008059776671843917,0.008059776671843917,0.008059776671843917,0.008059776671843917,0.008236504112789561,0.008236504112789561,0.008236504112789561,0.008236504112789561,0.008236504112789561,0.008236504112789561,0.008236504112789561,0.008236504112789561,0.008148619514985307,0.00819999999999997,0.00819999999999997,0.009002221947941483,0.009002221947941483,0.009002221947941483,0.009431860898041242,0.009431860898041242,0.009707728879609244,0.010632027088001579,0.010632027088001579,0.010632027088001579,0.010632027088001579,0.010632027088001579,0.011144505372604004,0.011713240371477033,0.011944036168732897,0.011944036168732897,0.011944036168732897,0.010327632836231162,0.010283968105745953,0.010283968105745953,0.010384603988597738,0.010564090116995419,0.010529007550571897,0.01128007092176287,0.01128007092176287,0.011378049041905208,0.011378049041905208,0.012063996021219499,0.012063996021219499,0.012063996021219499,0.012603967629282458,0.012603967629282458,0.012603967629282458,0.012603967629282458,0.009805100713404223,0.009805100713404223,0.009672641831474994,0.009672641831474994,0.009914635646356338,0.009876234100101102,0.009876234100101102,0.009841747812253663,0.010725670142233537,0.010725670142233537,0.010725670142233537,0.010725670142233537,0.010725670142233537,0.01000299955013493,0.010016985574512902,0.010016985574512902,0.010016985574512902

mean_time: , 13204.535969305038
best_solution: , 0.7485
worst_solution: , 0.777
mean_solution: , 0.7669
std_solution: , 0.010016985574512902



solutions runs are : 



0.7485

0.7685

0.777

0.7745

0.766

