# Scenario 38
Mean curve: 0.76825,0.7875,0.8017499999999999,0.8160000000000001,0.8315000000000001,0.8474999999999999,0.8584999999999999,0.866,0.8825,0.88825,0.89625,0.906,0.909,0.9145,0.9179999999999999,0.924,0.93225,0.9355,0.9382499999999998,0.93875,0.94525,0.94825,0.9505000000000001,0.95275,0.95325,0.9577500000000001,0.9592500000000002,0.9640000000000001,0.9644999999999999,0.9665000000000001,0.9670000000000002,0.9692500000000001,0.9705,0.9722500000000001,0.9724999999999999,0.97325,0.97325,0.97325,0.97675,0.97675,0.97675,0.97675,0.97775,0.97775,0.97775,0.97775,0.97775,0.9785,0.9797500000000001,0.9807500000000001,0.9807500000000001,0.9810000000000001,0.982,0.982,0.98325,0.98325,0.98325,0.98325,0.98325,0.98425,0.9855,0.9855,0.9855,0.986,0.986,0.986,0.986,0.986,0.986,0.986,0.986,0.986,0.986,0.986,0.986,0.986,0.986,0.9862500000000001,0.9862500000000001,0.9862500000000001,0.9862500000000001,0.9862500000000001,0.9862500000000001,0.9862500000000001,0.9862500000000001,0.9865,0.9865,0.9865,0.9865,0.9865,0.9865,0.98675,0.98675,0.9872500000000001,0.9872500000000001,0.9872500000000001,0.9872500000000001,0.9872500000000001,0.9872500000000001,0.9872500000000001
Std curve: 0.017331330012437,0.01159202311936963,0.013820274961085233,0.011947803145348532,0.013308831654206191,0.004401704215414746,0.00878208403512515,0.0076403533949680495,0.009968701018688422,0.008895223437328624,0.010810874155219823,0.008154753215150055,0.007881941385217233,0.008536685539481947,0.008162413858657283,0.010259142264341603,0.011842719282326974,0.009506576670915774,0.008753570700005774,0.009048480535426898,0.006819090848492911,0.005396758286230708,0.006782329983125256,0.0059895742753554495,0.005037360419902472,0.006633249580710801,0.005454356057317845,0.004430011286667324,0.004227883631321932,0.0052678268764263445,0.005099019513592756,0.00605185921845507,0.004782781617427225,0.004962358310319782,0.004609772228646399,0.0037583240945932,0.0037583240945932,0.0037583240945932,0.003921096785339529,0.003921096785339529,0.003921096785339529,0.003921096785339529,0.0024238399287081656,0.0024238399287081656,0.0024238399287081656,0.0024238399287081656,0.0024238399287081656,0.0033911649915626487,0.003482097069296051,0.004582575694955874,0.004582575694955874,0.004962358310319827,0.004911720676097129,0.004911720676097129,0.007097534783289187,0.007097534783289187,0.007097534783289187,0.007097534783289187,0.007097534783289187,0.006547900426854394,0.005396758286230699,0.005396758286230699,0.005396758286230699,0.005208166663999892,0.005208166663999892,0.005208166663999892,0.005208166663999892,0.005208166663999892,0.005208166663999892,0.005208166663999892,0.005208166663999892,0.005208166663999892,0.005208166663999892,0.005208166663999892,0.005208166663999892,0.005208166663999892,0.005208166663999892,0.005062114182829126,0.005062114182829126,0.005062114182829126,0.005062114182829126,0.005062114182829126,0.005062114182829126,0.005062114182829126,0.005062114182829126,0.00489897948556634,0.00489897948556634,0.00489897948556634,0.00489897948556634,0.00489897948556634,0.00489897948556634,0.004782781617427234,0.004782781617427234,0.0047037219305566804,0.0047037219305566804,0.0047037219305566804,0.0047037219305566804,0.0047037219305566804,0.0047037219305566804,0.0047037219305566804

mean_time: , 4645.766699409485
best_solution: , 0.98375
worst_solution: , 0.99625
mean_solution: , 0.9872500000000001
std_solution: , 0.0047037219305566804



solutions runs are : 



0.9875

0.98375

0.98375

0.99625

0.985

