# Scenario 13
Mean curve: 0.7966666666666666,0.8196666666666668,0.8436666666666668,0.8630000000000001,0.8866666666666667,0.9173333333333333,0.9293333333333333,0.9359999999999999,0.945,0.9526666666666668,0.9586666666666666,0.9676666666666666,0.9716666666666667,0.978,0.983,0.985,0.9883333333333333,0.991,0.9963333333333333,0.9963333333333333,0.9983333333333333,0.9996666666666666,0.9996666666666666,1.0,1.0,1.0,1.0,1.0,1.0,1.0,1.0,1.0,1.0,1.0,1.0,1.0,1.0,1.0,1.0,1.0,1.0,1.0,1.0,1.0,1.0,1.0,1.0,1.0,1.0,1.0,1.0,1.0,1.0,1.0,1.0,1.0,1.0,1.0,1.0,1.0,1.0,1.0,1.0,1.0,1.0,1.0,1.0,1.0,1.0,1.0,1.0,1.0,1.0,1.0,1.0,1.0,1.0,1.0,1.0,1.0,1.0,1.0,1.0,1.0,1.0,1.0,1.0,1.0,1.0,1.0,1.0,1.0,1.0,1.0,1.0,1.0,1.0,1.0,1.0,1.0
Std curve: 0.0058689389538863265,0.015289793254906293,0.014621141466307535,0.007986099033807285,0.007226494462892937,0.012762793146051093,0.01181336343111289,0.011623730516108466,0.014981470036162833,0.01583245611605057,0.013266499161421596,0.011527744310527065,0.00954521404218422,0.013638181696985855,0.01318247995552347,0.009888264649460892,0.00829993306532581,0.009043106644167017,0.004000000000000005,0.004000000000000005,0.0025819888974716277,0.000666666666666682,0.000666666666666682,0.0,0.0,0.0,0.0,0.0,0.0,0.0,0.0,0.0,0.0,0.0,0.0,0.0,0.0,0.0,0.0,0.0,0.0,0.0,0.0,0.0,0.0,0.0,0.0,0.0,0.0,0.0,0.0,0.0,0.0,0.0,0.0,0.0,0.0,0.0,0.0,0.0,0.0,0.0,0.0,0.0,0.0,0.0,0.0,0.0,0.0,0.0,0.0,0.0,0.0,0.0,0.0,0.0,0.0,0.0,0.0,0.0,0.0,0.0,0.0,0.0,0.0,0.0,0.0,0.0,0.0,0.0,0.0,0.0,0.0,0.0,0.0,0.0,0.0,0.0,0.0,0.0

mean_time: , 3726.3282371520995
best_solution: , 1.0
worst_solution: , 1.0
mean_solution: , 1.0
std_solution: , 0.0



solutions runs are : 



1.0

1.0

1.0

1.0

1.0

