# Scenario 54
Mean curve: 0.7227777777777777,0.7345555555555555,0.75,0.7635555555555555,0.7765555555555556,0.7866666666666666,0.7983333333333335,0.8078888888888889,0.8223333333333332,0.829,0.8342222222222222,0.8374444444444444,0.8466666666666667,0.8512222222222222,0.8554444444444445,0.8595555555555556,0.8622222222222222,0.8675555555555556,0.8748888888888888,0.8771111111111111,0.8815555555555555,0.8826666666666668,0.8863333333333333,0.8885555555555555,0.8902222222222222,0.8950000000000001,0.8975555555555556,0.9043333333333333,0.9055555555555556,0.9056666666666666,0.9062222222222222,0.9076666666666666,0.9112222222222222,0.9118888888888887,0.9123333333333333,0.916,0.916,0.9162222222222223,0.9162222222222223,0.9197777777777778,0.9215555555555556,0.9215555555555556,0.9218888888888888,0.9222222222222222,0.9225555555555556,0.9242222222222221,0.9242222222222221,0.9243333333333332,0.9255555555555555,0.9264444444444443,0.9264444444444443,0.9264444444444443,0.9266666666666665,0.9269999999999999,0.9269999999999999,0.9269999999999999,0.9289999999999999,0.9289999999999999,0.9289999999999999,0.9289999999999999,0.9289999999999999,0.9292222222222222,0.9293333333333333,0.9293333333333333,0.9294444444444444,0.9295555555555556,0.9296666666666666,0.9302222222222222,0.9302222222222222,0.9302222222222222,0.9305555555555556,0.9312222222222222,0.9312222222222222,0.9314444444444444,0.9314444444444444,0.9314444444444444,0.9314444444444444,0.9314444444444444,0.9314444444444444,0.9314444444444444,0.9315555555555555,0.9315555555555555,0.9315555555555555,0.9315555555555555,0.9338888888888889,0.9346666666666668,0.9346666666666668,0.9366666666666668,0.9366666666666668,0.9366666666666668,0.9366666666666668,0.9366666666666668,0.9378888888888888,0.9378888888888888,0.9382222222222222,0.9382222222222222,0.9382222222222222,0.9382222222222222,0.9382222222222222,0.9382222222222222
Std curve: 0.0056437444885334654,0.006670369342134956,0.0019876159799998073,0.006616477747093057,0.00550420714511147,0.005328701692569684,0.003685138655950438,0.009437252163371577,0.011676715249261909,0.009921917377424804,0.006484549538406594,0.0043969686527576745,0.007872439815074827,0.008688007912144276,0.00784416115321013,0.006089862047130979,0.004230985058813282,0.004642796092394718,0.005251689910265117,0.005459163776239238,0.009859506911768475,0.009158413793331068,0.007782538225705547,0.007223076872508894,0.007197393218089643,0.00604509800388241,0.008982836858403431,0.008870814958316472,0.0074948542017955816,0.007390350732584847,0.007348469228349523,0.007514594852849293,0.004532461789860271,0.005300826863056257,0.005023402024647705,0.00534489487591366,0.00534489487591366,0.004961580791503576,0.004961580791503576,0.004695677024247863,0.004436103283928234,0.004436103283928234,0.004283185614976952,0.004230985058813261,0.003969015799887028,0.004283185614976951,0.004283185614976951,0.00429469957557502,0.003460535889421641,0.0030347778408328094,0.0030347778408328094,0.0030347778408328094,0.002605786533235253,0.0028240588949197468,0.0028240588949197468,0.0028240588949197468,0.0016254154264808635,0.0016254154264808635,0.0016254154264808635,0.0016254154264808635,0.0016254154264808635,0.0017427096823731296,0.0018392161508052072,0.0018392161508052072,0.001956312984628776,0.00209054308024741,0.002238826853290001,0.0031150768375280556,0.0031150768375280556,0.0031150768375280556,0.0037018513886572513,0.0036413265795941963,0.0036413265795941963,0.0033811386788228483,0.0033811386788228483,0.0033811386788228483,0.0033811386788228483,0.0033811386788228483,0.0033811386788228483,0.0033811386788228483,0.0032659863237108826,0.0032659863237108826,0.0032659863237108826,0.0032659863237108826,0.0041722185234485554,0.0040460314346740115,0.0040460314346740115,0.004753166585823852,0.004753166585823852,0.004753166585823852,0.004753166585823852,0.004753166585823852,0.005084471639398895,0.005084471639398895,0.004463846539244563,0.004463846539244563,0.004463846539244563,0.004463846539244563,0.004463846539244563,0.004463846539244563

mean_time: , 8333.42300748825
best_solution: , 0.93
worst_solution: , 0.9422222222222222
mean_solution: , 0.9382222222222222
std_solution: , 0.004463846539244563



solutions runs are : 



0.9422222222222222

0.9372222222222222

0.9416666666666667

0.94

0.93

