# Scenario 86
Mean curve: 0.6965666666666667,0.7142333333333333,0.7219666666666666,0.7258333333333333,0.7302,0.7381,0.7488333333333334,0.7528333333333334,0.7601,0.7653333333333333,0.7738333333333334,0.7802,0.7839666666666666,0.7873,0.7901,0.7956666666666666,0.7996666666666667,0.8013999999999999,0.8023666666666667,0.8077,0.8125,0.8144,0.8205333333333333,0.8214666666666666,0.8234999999999999,0.8265,0.8272333333333334,0.8296666666666667,0.8306333333333333,0.8321,0.8332333333333333,0.8352,0.8379999999999999,0.8404333333333334,0.8404333333333334,0.8404333333333334,0.8407333333333333,0.8420333333333334,0.8433333333333332,0.8451666666666666,0.8451666666666666,0.8451666666666666,0.8453666666666667,0.8453666666666667,0.8462666666666667,0.8464,0.8464,0.8483333333333334,0.8484666666666666,0.8484666666666666,0.8523666666666667,0.853,0.8534,0.8537333333333332,0.8538666666666666,0.8557666666666666,0.8562666666666667,0.857,0.857,0.8575333333333333,0.8582000000000001,0.8582000000000001,0.8582000000000001,0.8582000000000001,0.8582000000000001,0.8588666666666667,0.8588666666666667,0.8588666666666667,0.8588666666666667,0.8588666666666667,0.8593666666666667,0.8593666666666667,0.8593666666666667,0.8614,0.8626333333333334,0.8632666666666667,0.8651333333333333,0.8651333333333333,0.8651333333333333,0.8651333333333333,0.8651333333333333,0.8654999999999999,0.8654999999999999,0.8654999999999999,0.8654999999999999,0.8654999999999999,0.8654999999999999,0.8654999999999999,0.8658999999999999,0.8658999999999999,0.8667333333333334,0.8673666666666666,0.8673666666666666,0.8673666666666666,0.8673666666666666,0.8688333333333335,0.8688333333333335,0.8695999999999999,0.8695999999999999,0.8695999999999999
Std curve: 0.004182768886223073,0.006797548577734956,0.005636586831683772,0.004301162633521301,0.005553177268715426,0.003135105881607326,0.004753945729601875,0.0030641293851416764,0.003377375707064122,0.005014423640304478,0.004128491788104274,0.004837814015073804,0.005231740734316931,0.0029503295484478516,0.003173851498311388,0.00226813677816052,0.002923088169119178,0.002659573900709171,0.0028759539480164064,0.004384822307308097,0.00466428510658983,0.0034666666666666617,0.0056885850613311705,0.005422586508710086,0.0068109389139008785,0.0064178570324438435,0.00544528338207584,0.004689231161809881,0.004481319250201008,0.0019624248039380025,0.0019165942015286898,0.004683778152066719,0.005107728349167424,0.00811076102745263,0.00811076102745263,0.00811076102745263,0.00864779997712968,0.007852388171760219,0.007251053563295304,0.0076252504512602255,0.0076252504512602255,0.0076252504512602255,0.007387226212260658,0.007387226212260658,0.006515451719651585,0.006419241907473692,0.006419241907473692,0.006748662418912669,0.006724251300743844,0.006724251300743844,0.006134057928212488,0.005620399353149987,0.0050161959912090855,0.00514306436972268,0.004950196404633272,0.004766317003492078,0.0048883080463035,0.004610374773872023,0.004610374773872023,0.004694441157132304,0.0036200061387302216,0.0036200061387302216,0.0036200061387302216,0.0036200061387302216,0.0036200061387302216,0.004048868154599931,0.004048868154599931,0.004048868154599931,0.004048868154599931,0.004048868154599931,0.004146484454731915,0.004146484454731915,0.004146484454731915,0.0030195658260382115,0.00422084772949175,0.0034441576941572185,0.0036030850978324568,0.0036030850978324568,0.0036030850978324568,0.0036030850978324568,0.0036030850978324568,0.004059282914232255,0.004059282914232255,0.004059282914232255,0.004059282914232255,0.004059282914232255,0.004059282914232255,0.004059282914232255,0.0044178929115335,0.0044178929115335,0.0044379675027602,0.005188020388891659,0.005188020388891659,0.005188020388891659,0.005188020388891659,0.003750555514409391,0.003750555514409391,0.0030850895899110827,0.0030850895899110827,0.0030850895899110827

mean_time: , 33385.984488916394
best_solution: , 0.865
worst_solution: , 0.8743333333333333
mean_solution: , 0.8695999999999999
std_solution: , 0.0030850895899110827



solutions runs are : 



0.8695

0.865

0.8743333333333333

0.871

0.8681666666666666

