# Scenario 11
Mean curve: 0.8090000000000002,0.8316666666666667,0.8563333333333334,0.8879999999999999,0.8973333333333333,0.916,0.9323333333333335,0.9469999999999998,0.9583333333333334,0.962,0.9629999999999999,0.9693333333333334,0.9726666666666667,0.985,0.9876666666666667,0.992,0.994,0.9960000000000001,0.9960000000000001,0.9966666666666667,0.9986666666666666,0.9993333333333332,1.0,1.0,1.0,1.0,1.0,1.0,1.0,1.0,1.0,1.0,1.0,1.0,1.0,1.0,1.0,1.0,1.0,1.0,1.0,1.0,1.0,1.0,1.0,1.0,1.0,1.0,1.0,1.0,1.0,1.0,1.0,1.0,1.0,1.0,1.0,1.0,1.0,1.0,1.0,1.0,1.0,1.0,1.0,1.0,1.0,1.0,1.0,1.0,1.0,1.0,1.0,1.0,1.0,1.0,1.0,1.0,1.0,1.0,1.0,1.0,1.0,1.0,1.0,1.0,1.0,1.0,1.0,1.0,1.0,1.0,1.0,1.0,1.0,1.0,1.0,1.0,1.0,1.0
Std curve: 0.013564659966250545,0.013333333333333352,0.012666666666666672,0.0184812217008388,0.01400793425963378,0.012543258481484524,0.0054365021434333635,0.011075498483890766,0.009309493362512652,0.007483314773547917,0.007483314773547911,0.011999999999999995,0.012183777921664713,0.009309493362512652,0.009637888196533958,0.006863753427324677,0.00388730126323021,0.00388730126323021,0.00388730126323021,0.0036514837167011104,0.0016329931618554352,0.0013333333333333196,0.0,0.0,0.0,0.0,0.0,0.0,0.0,0.0,0.0,0.0,0.0,0.0,0.0,0.0,0.0,0.0,0.0,0.0,0.0,0.0,0.0,0.0,0.0,0.0,0.0,0.0,0.0,0.0,0.0,0.0,0.0,0.0,0.0,0.0,0.0,0.0,0.0,0.0,0.0,0.0,0.0,0.0,0.0,0.0,0.0,0.0,0.0,0.0,0.0,0.0,0.0,0.0,0.0,0.0,0.0,0.0,0.0,0.0,0.0,0.0,0.0,0.0,0.0,0.0,0.0,0.0,0.0,0.0,0.0,0.0,0.0,0.0,0.0,0.0,0.0,0.0,0.0,0.0

mean_time: , 3726.8156896591186
best_solution: , 1.0
worst_solution: , 1.0
mean_solution: , 1.0
std_solution: , 0.0



solutions runs are : 



1.0

1.0

1.0

1.0

1.0

