# Scenario 263
Mean curve: 0.5323715662608334,0.5394892383715257,0.5458852272492286,0.5467112097216258,0.5484313086553543,0.5487407193648595,0.5529507963931686,0.5553233983421375,0.5617254636912575,0.5623880349226732,0.5624153437022815,0.5660538140932637,0.5664211884157198,0.5688332939442805,0.5688927315476584,0.5709609473910143,0.5712092174339272,0.5712092174339272,0.5738217669855743,0.5738217669855743,0.5739666761024479,0.5750919076768077,0.5776394038231562,0.5788405089070133,0.5788405089070133,0.5793145907170214,0.5793145907170214,0.5821057549879468,0.5826440761958105,0.5826440761958105,0.5834322854212564,0.5848073237865334,0.5854657676791258,0.5882990489759135,0.5882990489759135,0.5889116166342497,0.5916329488607776,0.592311637627687,0.5927861484827639,0.5962015428884955,0.5972532027904923,0.5973802667131538,0.5990744456795785,0.5990744456795785,0.5990744456795785,0.6011096748694504,0.6011096748694504,0.6011096748694504,0.6011096748694504,0.601741737801354,0.6032415492039591,0.6040814609149114,0.6081217922200148,0.6096077346053191,0.6112429379865876,0.6135302277180472,0.6135302277180472,0.6135302277180472,0.613903099996804,0.613903099996804,0.6142977141314822,0.6146768496179599,0.616088889446394,0.6161513223811041,0.6162253350828999,0.6162253350828999,0.6162253350828999,0.6223022357257069,0.6245930862236002,0.624904452156103,0.6259394485834595,0.6261859662398923,0.6268266046695514,0.6268266046695514,0.6299751417318227,0.6299751417318227,0.6299751417318227,0.6299751417318227,0.6310466563740083,0.6311683483024303,0.631192271385608,0.6319426237636604,0.6319426237636604,0.6320555791503347,0.6339440029943849,0.6339440029943849,0.6341161228732319,0.6375717848687611,0.6375717848687611,0.6378267279239178,0.6395985097877892,0.6395985097877892,0.6397989543096034,0.6397989543096034,0.640115419582634,0.6401745430437955,0.6415118385587133,0.6420272984589277,0.6466464780933945,0.6466464780933945
Std curve: 0.003256915347364332,0.010301171749903354,0.005727562362672838,0.004602707538500274,0.003823754180242899,0.003995948598168447,0.004061723879058182,0.006848529288341512,0.009084194643005234,0.008305824777994738,0.00827259110624918,0.008622452397563617,0.008052418192327047,0.0066481604173244365,0.0065651927921431584,0.005892439266709716,0.005752207758153395,0.005752207758153395,0.006202417198902619,0.006202417198902619,0.0062252263584472636,0.0046288157119937475,0.0026926104809646633,0.0036331556415619393,0.0036331556415619393,0.0038215305162266977,0.0038215305162266977,0.006899631615063732,0.006282037143399243,0.006282037143399243,0.006015454906485271,0.005186072041640839,0.005288850783362287,0.00621240492762013,0.00621240492762013,0.00626408277316191,0.007370911607260342,0.008404665668521076,0.008552346304331222,0.00927259952391935,0.00846166344824101,0.008293000174900422,0.007080778189611327,0.007080778189611327,0.007080778189611327,0.005287378015136736,0.005287378015136736,0.005287378015136736,0.005287378015136736,0.005271703938661064,0.0044312936338075795,0.004936267589447085,0.010134433536396334,0.00907732118849901,0.007853927613645208,0.006582502558055143,0.006582502558055143,0.006582502558055143,0.007282132245568554,0.007282132245568554,0.0072629882068149295,0.006996937999860885,0.007041569474693198,0.00705865880352202,0.007081716963282365,0.007081716963282365,0.007081716963282365,0.007656952502821373,0.007671291404116705,0.007720143356471093,0.008507293644324485,0.008066829770689841,0.008185941787276248,0.008185941787276248,0.006896128672931379,0.006896128672931379,0.006896128672931379,0.006896128672931379,0.008128768544337365,0.008229651968291871,0.008199438968566454,0.008943599321576245,0.008943599321576245,0.008833663645865462,0.008907680228989651,0.008907680228989651,0.008658130566808503,0.007682775101321344,0.007682775101321344,0.007512061597056416,0.006784354281070339,0.006784354281070339,0.006606272483992755,0.006606272483992755,0.006373797358963332,0.006320275651451943,0.005451274307776958,0.004969399405437749,0.008635248064164979,0.008635248064164979

mean_time: , 86607.8036767006
best_solution: , 0.6359807759005103
worst_solution: , 0.6612832611762417
mean_solution: , 0.6466464780933945
std_solution: , 0.008635248064164979



solutions runs are : 



0.6359807759005103

0.6612832611762417

0.6401969386760261

0.6481831853684568

0.6475882293457377

