# Scenario 100
Mean curve: 0.7174139142534411,0.7315444263422093,0.7460694255840524,0.746133219323912,0.756136615786199,0.7624276618645028,0.7624276618645028,0.7624276618645028,0.7624276618645028,0.7624276618645028,0.7642874651093476,0.7691950999781382,0.7742179853523923,0.7742179853523923,0.7742179853523923,0.7800723235506861,0.7800723235506861,0.7800723235506861,0.7839373505209237,0.7839373505209237,0.7839373505209237,0.7839373505209237,0.7885327891546695,0.7885327891546695,0.7885327891546695,0.7885327891546695,0.7885327891546695,0.7885327891546695,0.7908538788567996,0.7908538788567996,0.7908538788567996,0.7908538788567996,0.79284601035557,0.7932301284783561,0.7932301284783561,0.7936678905605252,0.7936678905605252,0.7936678905605252,0.7936678905605252,0.796176646566747,0.796176646566747,0.8002236605576863,0.8002236605576863,0.8002236605576863,0.8002236605576863,0.8002236605576863,0.8002236605576863,0.8002236605576863,0.8002236605576863,0.8010348866956521,0.8010348866956521,0.8018636783768625,0.8018636783768625,0.8018636783768625,0.803704124205346,0.803704124205346,0.803704124205346,0.8041584484719954,0.8041584484719954,0.8041584484719954,0.8041584484719954,0.8072938280257228,0.8072938280257228,0.8072938280257228,0.8072938280257228,0.8072938280257228,0.8072938280257228,0.8072938280257228,0.8072938280257228,0.8072938280257228,0.8072938280257228,0.8077190722846733,0.8077190722846733,0.8077190722846733,0.8077190722846733,0.8077190722846733,0.8077190722846733,0.8077190722846733,0.8131922767695269,0.8131922767695269,0.8131922767695269,0.8131922767695269,0.8134928457894658,0.8134928457894658,0.8153846293229602,0.8153846293229602,0.8153846293229602,0.8153846293229602,0.8153846293229602,0.8153846293229602,0.8153846293229602,0.8155309281867809,0.8155309281867809,0.8155309281867809,0.8155309281867809,0.8177703812741196,0.8177703812741196,0.8182786194425781,0.8182786194425781,0.8182786194425781
Std curve: 0.01726650844112593,0.0065103484097213124,0.011425203202072376,0.011369283764496741,0.011563440649207087,0.00648561823838285,0.00648561823838285,0.00648561823838285,0.00648561823838285,0.00648561823838285,0.004778842441698305,0.007053390845441077,0.009138758129793952,0.009138758129793952,0.009138758129793952,0.011260483613675959,0.011260483613675959,0.011260483613675959,0.006441318014158145,0.006441318014158145,0.006441318014158145,0.006441318014158145,0.011917331156733215,0.011917331156733215,0.011917331156733215,0.011917331156733215,0.011917331156733215,0.011917331156733215,0.010221550196007513,0.010221550196007513,0.010221550196007513,0.010221550196007513,0.010367731349669805,0.009813125981605868,0.009813125981605868,0.00928668422717236,0.00928668422717236,0.00928668422717236,0.00928668422717236,0.008944979796536126,0.008944979796536126,0.005109821879924871,0.005109821879924871,0.005109821879924871,0.005109821879924871,0.005109821879924871,0.005109821879924871,0.005109821879924871,0.005109821879924871,0.004138580226019699,0.004138580226019699,0.004572588081450105,0.004572588081450105,0.004572588081450105,0.004123138129246632,0.004123138129246632,0.004123138129246632,0.003796977473800763,0.003796977473800763,0.003796977473800763,0.003796977473800763,0.0037076599499219895,0.0037076599499219895,0.0037076599499219895,0.0037076599499219895,0.0037076599499219895,0.0037076599499219895,0.0037076599499219895,0.0037076599499219895,0.0037076599499219895,0.0037076599499219895,0.0036938592720296803,0.0036938592720296803,0.0036938592720296803,0.0036938592720296803,0.0036938592720296803,0.0036938592720296803,0.0036938592720296803,0.00856264642967594,0.00856264642967594,0.00856264642967594,0.00856264642967594,0.008423592750532333,0.008423592750532333,0.008135742065149162,0.008135742065149162,0.008135742065149162,0.008135742065149162,0.008135742065149162,0.008135742065149162,0.008135742065149162,0.008106299756278088,0.008106299756278088,0.008106299756278088,0.008106299756278088,0.007857364922954356,0.007857364922954356,0.007689682091198519,0.007689682091198519,0.007689682091198519

mean_time: , 7759.859269618988
best_solution: , 0.8058021216713575
worst_solution: , 0.8295901829127112
mean_solution: , 0.8182786194425781
std_solution: , 0.007689682091198519



solutions runs are : 



0.8295901829127112

0.8058021216713575

0.8213620368453737

0.8179083757519667

0.8167303800314819

