# Scenario 335
Mean curve: 0.746,0.7542500000000001,0.76225,0.77225,0.7775000000000001,0.7775000000000001,0.78,0.78,0.7807499999999999,0.7849999999999999,0.7862500000000001,0.7862500000000001,0.7862500000000001,0.7875,0.7889999999999999,0.78975,0.78975,0.7939999999999999,0.8012499999999999,0.8012499999999999,0.8025,0.80275,0.80325,0.80375,0.80525,0.80525,0.8067499999999999,0.8087500000000001,0.8102499999999999,0.8105,0.8115,0.81425,0.81525,0.81525,0.81525,0.81525,0.81525,0.81525,0.81525,0.81525,0.81525,0.81525,0.81525,0.81525,0.8157499999999999,0.8182500000000001,0.8192499999999999,0.8192499999999999,0.82,0.82,0.8217500000000001,0.8217500000000001,0.8217500000000001,0.8217500000000001,0.8217500000000001,0.8217500000000001,0.8217500000000001,0.8217500000000001,0.8217500000000001,0.8217500000000001,0.8217500000000001,0.8217500000000001,0.8237500000000001,0.8237500000000001,0.8237500000000001,0.8237500000000001,0.8237500000000001,0.8237500000000001,0.8247500000000001,0.8247500000000001,0.8252500000000002,0.827,0.827,0.827,0.827,0.827,0.827,0.827,0.827,0.827,0.827,0.827,0.827,0.827,0.8275,0.8275,0.8275,0.8275,0.8275,0.83125,0.83125,0.8322499999999999,0.8325000000000001,0.8325000000000001,0.8325000000000001,0.8325000000000001,0.8325000000000001,0.8345,0.8365,0.8365
Std curve: 0.014062361110425234,0.01733133001243702,0.013261787209874863,0.005667892024377326,0.0072886898685566495,0.0072886898685566495,0.006937218462755812,0.006937218462755812,0.006964194138592067,0.010839741694339393,0.010185774393731684,0.010185774393731684,0.010185774393731684,0.008514693182963209,0.008602325267042635,0.007681145747868609,0.007681145747868609,0.010822430410956678,0.010839741694339397,0.010839741694339397,0.011263880326068806,0.011412712210513334,0.011280514172678483,0.011510864433221349,0.012459935794377104,0.012459935794377104,0.013638181696985842,0.0159687194226713,0.015660459763365796,0.015744046493833763,0.01622883236711746,0.018634645153584192,0.017109938632268642,0.017109938632268642,0.017109938632268642,0.017109938632268642,0.017109938632268642,0.017109938632268642,0.017109938632268642,0.017109938632268642,0.017109938632268642,0.017109938632268642,0.017109938632268642,0.017109938632268642,0.016385969608173925,0.014866068747318497,0.015116216457830966,0.015116216457830966,0.015712256362470665,0.015712256362470665,0.017528548142958112,0.017528548142958112,0.017528548142958112,0.017528548142958112,0.017528548142958112,0.017528548142958112,0.017528548142958112,0.017528548142958112,0.017528548142958112,0.017528548142958112,0.017528548142958112,0.017528548142958112,0.019525624189766645,0.019525624189766645,0.019525624189766645,0.019525624189766645,0.019525624189766645,0.019525624189766645,0.019111514853616403,0.019111514853616403,0.01914418971907666,0.019821074642914802,0.019821074642914802,0.019821074642914802,0.019821074642914802,0.019821074642914802,0.019821074642914802,0.019821074642914802,0.019821074642914802,0.019821074642914802,0.019821074642914802,0.019821074642914802,0.019821074642914802,0.019821074642914802,0.01895718861012886,0.01895718861012886,0.01895718861012886,0.01895718861012886,0.01895718861012886,0.01530931089239487,0.01530931089239487,0.01568040178056673,0.01594913790773658,0.01594913790773658,0.01594913790773658,0.01594913790773658,0.01594913790773658,0.014675660121439171,0.014435200033252054,0.014435200033252054

mean_time: , 4709.314220952988
best_solution: , 0.80875
worst_solution: , 0.85
mean_solution: , 0.8365
std_solution: , 0.014435200033252054



solutions runs are : 



0.845

0.84

0.83875

0.85

0.80875

