# Scenario 148
Mean curve: 0.6942777777777779,0.6946111111111112,0.6983888888888888,0.6996666666666667,0.6996666666666667,0.6996666666666667,0.6996666666666667,0.7004999999999999,0.7004999999999999,0.7047777777777778,0.7077777777777777,0.711111111111111,0.7116666666666667,0.7116666666666667,0.7116666666666667,0.7138888888888889,0.7138888888888889,0.7138888888888889,0.7138888888888889,0.7139444444444445,0.7147777777777777,0.7147777777777777,0.7147777777777777,0.7147777777777777,0.7164444444444446,0.7164444444444446,0.7164444444444446,0.7164444444444446,0.7164444444444446,0.7164444444444446,0.7164444444444446,0.7164444444444446,0.7164444444444446,0.7183333333333334,0.7183333333333334,0.7183333333333334,0.7188888888888888,0.7188888888888888,0.7188888888888888,0.7188888888888888,0.7188888888888888,0.7188888888888888,0.7188888888888888,0.7188888888888888,0.7188888888888888,0.7189444444444444,0.7205555555555556,0.7205555555555556,0.7206666666666667,0.7206666666666667,0.7206666666666667,0.7206666666666667,0.7228333333333333,0.7262222222222222,0.7262222222222222,0.7285555555555556,0.7285555555555556,0.7285555555555556,0.7285555555555556,0.7285555555555556,0.7285555555555556,0.7285555555555556,0.7285555555555556,0.7285555555555556,0.7285555555555556,0.7301666666666666,0.7324444444444445,0.7324444444444445,0.7324444444444445,0.7325,0.7325,0.7325,0.7325,0.7325,0.7325,0.7325,0.7325,0.7325,0.7325,0.7325,0.7325,0.7343888888888889,0.7343888888888889,0.7343888888888889,0.7343888888888889,0.7343888888888889,0.7363333333333333,0.7363333333333333,0.7363333333333333,0.7363333333333333,0.7363333333333333,0.7363333333333333,0.7363333333333333,0.7363333333333333,0.7366666666666666,0.7366666666666666,0.7366666666666666,0.7366666666666666,0.7366666666666666,0.7366666666666666
Std curve: 0.004233172933677497,0.004031511679228161,0.00647740612617866,0.006366870270159201,0.006366870270159201,0.006366870270159201,0.006366870270159201,0.005539978161030176,0.005539978161030176,0.006149877043837629,0.005377708906813361,0.007237164030880893,0.007151361780013763,0.007151361780013763,0.007151361780013763,0.006613211617756865,0.006613211617756865,0.006613211617756865,0.006613211617756865,0.006595452979136442,0.005758514897711084,0.005758514897711084,0.005758514897711084,0.005758514897711084,0.004038395965641372,0.004038395965641372,0.004038395965641372,0.004038395965641372,0.004038395965641372,0.004038395965641372,0.004038395965641372,0.004038395965641372,0.004038395965641372,0.005968021778664781,0.005968021778664781,0.005968021778664781,0.005730576425878936,0.005730576425878936,0.005730576425878936,0.005730576425878936,0.005730576425878936,0.005730576425878936,0.005730576425878936,0.005730576425878936,0.005730576425878936,0.005777243565046961,0.006319673378026619,0.006319673378026619,0.0064540158806478285,0.0064540158806478285,0.0064540158806478285,0.0064540158806478285,0.005904068486337033,0.007604417169897188,0.007604417169897188,0.010310608225284712,0.010310608225284712,0.010310608225284712,0.010310608225284712,0.010310608225284712,0.010310608225284712,0.010310608225284712,0.010310608225284712,0.010310608225284712,0.010310608225284712,0.010214671124066585,0.007225213055938469,0.007225213055938469,0.007225213055938469,0.0071729085651463945,0.0071729085651463945,0.0071729085651463945,0.0071729085651463945,0.0071729085651463945,0.0071729085651463945,0.0071729085651463945,0.0071729085651463945,0.0071729085651463945,0.0071729085651463945,0.0071729085651463945,0.0071729085651463945,0.0063668702701591895,0.0063668702701591895,0.0063668702701591895,0.0063668702701591895,0.0063668702701591895,0.003850605211369662,0.003850605211369662,0.003850605211369662,0.003850605211369662,0.003850605211369662,0.003850605211369662,0.003850605211369662,0.003850605211369662,0.003668349782048708,0.003668349782048708,0.003668349782048708,0.003668349782048708,0.003668349782048708,0.003668349782048708

mean_time: , 13354.819996452332
best_solution: , 0.7327777777777778
worst_solution: , 0.7436111111111111
mean_solution: , 0.7366666666666666
std_solution: , 0.003668349782048708



solutions runs are : 



0.7363888888888889

0.7436111111111111

0.7352777777777778

0.7352777777777778

0.7327777777777778

