# Scenario 398
Mean curve: 0.717,0.7196,0.7216,0.7235000000000001,0.7235000000000001,0.7263,0.7266,0.727,0.7306000000000001,0.7328,0.7328,0.7329,0.7329,0.7329,0.7346,0.7356,0.7358,0.7367,0.7375999999999999,0.7375999999999999,0.7384999999999999,0.7396,0.7396,0.7426,0.7426,0.7426,0.7450000000000001,0.7454000000000001,0.7454000000000001,0.7468000000000001,0.7468000000000001,0.7475,0.7478,0.7478,0.7478,0.7485,0.7485,0.7492,0.7492,0.7494,0.7494,0.7497,0.7497,0.7497,0.7497,0.7497,0.7507999999999999,0.7510999999999999,0.7510999999999999,0.7519,0.7521999999999999,0.7525999999999999,0.7533999999999998,0.7533999999999998,0.7533999999999998,0.7541,0.7547,0.7551,0.7551,0.7551,0.7577999999999999,0.7577999999999999,0.7577999999999999,0.7581999999999999,0.7581999999999999,0.759,0.759,0.7593,0.7593,0.7596999999999999,0.7596999999999999,0.7597999999999999,0.7607999999999999,0.7607999999999999,0.7607999999999999,0.7607999999999999,0.7612,0.7612,0.7612,0.7614000000000001,0.7614000000000001,0.7614000000000001,0.7614000000000001,0.7630000000000001,0.7630000000000001,0.7630000000000001,0.7638,0.7639,0.764,0.764,0.764,0.764,0.7652000000000001,0.7652000000000001,0.7652000000000001,0.7652000000000001,0.7652000000000001,0.766,0.766,0.766
Std curve: 0.006935416353759871,0.009738583059151897,0.008968834929911473,0.006978538528947175,0.006978538528947175,0.0077498387079990355,0.007971198153351856,0.008384509526501837,0.007983733462484821,0.008016233529532416,0.008016233529532416,0.008033679107357958,0.008033679107357958,0.008033679107357958,0.008952094726934024,0.00916187753683709,0.008969949832635635,0.007788452991448287,0.006880406964707822,0.006880406964707822,0.008105553651663756,0.008737276463521107,0.008737276463521107,0.011980818002123226,0.011980818002123226,0.011980818002123226,0.012251530516633417,0.01221228889275061,0.01221228889275061,0.01246033707409234,0.01246033707409234,0.01356834551446858,0.01347070896426761,0.01347070896426761,0.01347070896426761,0.013863621460498705,0.013863621460498705,0.012863125592172371,0.012863125592172371,0.012819516371532893,0.012819516371532893,0.012408061895396888,0.012408061895396888,0.012408061895396888,0.012408061895396888,0.012408061895396888,0.012184416276539482,0.011753297409663377,0.011753297409663377,0.011955751753863066,0.011526491226735054,0.011702136557056585,0.01062732327540666,0.01062732327540666,0.01062732327540666,0.011581882403132925,0.010893117092916979,0.011607756027760064,0.011607756027760064,0.011607756027760064,0.00992773891679269,0.00992773891679269,0.00992773891679269,0.009907572861200673,0.009907572861200673,0.011180339887498936,0.011180339887498936,0.011732859838931011,0.011732859838931011,0.011749893616539692,0.011749893616539692,0.011762652762026097,0.0113251931550857,0.0113251931550857,0.0113251931550857,0.0113251931550857,0.011430660523346846,0.011430660523346846,0.011430660523346846,0.01139034679015525,0.01139034679015525,0.01139034679015525,0.01139034679015525,0.010784247771634328,0.010784247771634328,0.010784247771634328,0.010828665661105246,0.010790736768172961,0.010812030336620398,0.010812030336620398,0.010812030336620398,0.010812030336620398,0.01063296760081586,0.01063296760081586,0.01063296760081586,0.01063296760081586,0.01063296760081586,0.010714476188783085,0.010714476188783085,0.010714476188783085

mean_time: , 13197.936722135544
best_solution: , 0.7475
worst_solution: , 0.781
mean_solution: , 0.766
std_solution: , 0.010714476188783085



solutions runs are : 



0.7665

0.7475

0.781

0.7685

0.7665

