# Scenario 141
Mean curve: 0.5764956182205243,0.5764956182205243,0.5787737105745762,0.579661207891256,0.579661207891256,0.5806582174791892,0.5821225879540272,0.5821225879540272,0.5932038198016605,0.5938012665770765,0.5941178005537776,0.5957727504383735,0.5957727504383735,0.5957727504383735,0.5957727504383735,0.5957727504383735,0.5957727504383735,0.5957727504383735,0.5976643180909007,0.5976643180909007,0.5976643180909007,0.5976643180909007,0.5976643180909007,0.5976643180909007,0.5976643180909007,0.5977300049516427,0.5977300049516427,0.5977300049516427,0.6000847964620059,0.6000847964620059,0.6000847964620059,0.6000847964620059,0.6007407694368776,0.6007407694368776,0.6015966828582076,0.6015966828582076,0.6015966828582076,0.6041257940706498,0.6050295420709442,0.6050295420709442,0.6058540666470633,0.6058540666470633,0.6058540666470633,0.6058540666470633,0.6076461759069154,0.6076461759069154,0.6087135934668397,0.6087135934668397,0.6096413143009416,0.6096413143009416,0.6121154699521891,0.6127620367083161,0.6127620367083161,0.6140710956563087,0.6149144296168144,0.6149144296168144,0.6149144296168144,0.6149144296168144,0.6149144296168144,0.6149144296168144,0.6149144296168144,0.6149144296168144,0.6149144296168144,0.6149144296168144,0.6160775231109974,0.6160775231109974,0.6160775231109974,0.6160775231109974,0.6160775231109974,0.6160775231109974,0.6187614741460647,0.6191032153998841,0.6191032153998841,0.6191032153998841,0.6191032153998841,0.6191032153998841,0.6191032153998841,0.6191032153998841,0.6191032153998841,0.6198341279596998,0.6198341279596998,0.6198341279596998,0.6198341279596998,0.6198341279596998,0.6198341279596998,0.6198341279596998,0.6198341279596998,0.6198341279596998,0.6198740748303126,0.6198740748303126,0.6198740748303126,0.6198740748303126,0.6201744808361968,0.6201744808361968,0.620883795155657,0.620883795155657,0.620883795155657,0.620883795155657,0.620883795155657,0.620883795155657
Std curve: 0.005852216555809035,0.005852216555809035,0.0046082575943860535,0.004106316172366437,0.004106316172366437,0.0037556036230677026,0.004212263062850294,0.004212263062850294,0.01004656326514805,0.009480131045544364,0.009247749123472265,0.007737029730480122,0.007737029730480122,0.007737029730480122,0.007737029730480122,0.007737029730480122,0.007737029730480122,0.007737029730480122,0.007123884173879268,0.007123884173879268,0.007123884173879268,0.007123884173879268,0.007123884173879268,0.007123884173879268,0.007123884173879268,0.00705482458221932,0.00705482458221932,0.00705482458221932,0.006034837088038432,0.006034837088038432,0.006034837088038432,0.006034837088038432,0.006063686528151377,0.006063686528151377,0.006168929376024957,0.006168929376024957,0.006168929376024957,0.002858796365627695,0.0023943559386851274,0.0023943559386851274,0.0018410829258467465,0.0018410829258467465,0.0018410829258467465,0.0018410829258467465,0.0031317601021157216,0.0031317601021157216,0.0027282961900119518,0.0027282961900119518,0.003576650919284056,0.003576650919284056,0.004434639647655915,0.004926049514242537,0.004926049514242537,0.004678730578614275,0.005255562164043908,0.005255562164043908,0.005255562164043908,0.005255562164043908,0.005255562164043908,0.005255562164043908,0.005255562164043908,0.005255562164043908,0.005255562164043908,0.005255562164043908,0.0033320633001249858,0.0033320633001249858,0.0033320633001249858,0.0033320633001249858,0.0033320633001249858,0.0033320633001249858,0.006939447344707418,0.0065973580346974925,0.0065973580346974925,0.0065973580346974925,0.0065973580346974925,0.0065973580346974925,0.0065973580346974925,0.0065973580346974925,0.0065973580346974925,0.006686655421794296,0.006686655421794296,0.006686655421794296,0.006686655421794296,0.006686655421794296,0.006686655421794296,0.006686655421794296,0.006686655421794296,0.006686655421794296,0.006700698905111728,0.006700698905111728,0.006700698905111728,0.006700698905111728,0.0068353614632502245,0.0068353614632502245,0.006211819730606277,0.006211819730606277,0.006211819730606277,0.006211819730606277,0.006211819730606277,0.006211819730606277

mean_time: , 42910.591891098025
best_solution: , 0.6130114017437961
worst_solution: , 0.6310321257689678
mean_solution: , 0.620883795155657
std_solution: , 0.006211819730606277



solutions runs are : 



0.6199985735682191

0.6165676869194457

0.6130114017437961

0.6238091877778562

0.6310321257689678

