# Scenario 189
Mean curve: 0.6569,0.6637666666666666,0.6637666666666666,0.6676333333333334,0.6676333333333334,0.6676333333333334,0.6676333333333334,0.6676333333333334,0.6676333333333334,0.6676333333333334,0.6676333333333334,0.6676333333333334,0.6676333333333334,0.6676333333333334,0.6676333333333334,0.6716666666666666,0.6716666666666666,0.6716666666666666,0.6719999999999999,0.6719999999999999,0.6719999999999999,0.6719999999999999,0.6719999999999999,0.6719999999999999,0.6725,0.6725,0.6725,0.6725,0.6725,0.6733666666666667,0.6733666666666667,0.6733666666666667,0.6733666666666667,0.6733666666666667,0.6733666666666667,0.6733666666666667,0.6736333333333333,0.6736333333333333,0.6736333333333333,0.6736333333333333,0.6738,0.6738,0.6738,0.6742666666666667,0.6742666666666667,0.6742666666666667,0.6742666666666667,0.6748666666666667,0.6748666666666667,0.6748666666666667,0.6748666666666667,0.6748666666666667,0.6755333333333333,0.6755333333333333,0.6755333333333333,0.6755333333333333,0.6755333333333333,0.6755333333333333,0.6763333333333332,0.6763333333333332,0.6763333333333332,0.6763333333333332,0.6763333333333332,0.6763333333333332,0.6763333333333332,0.6772333333333334,0.6772333333333334,0.6772333333333334,0.6772333333333334,0.6772333333333334,0.6772333333333334,0.6772333333333334,0.6772333333333334,0.6772333333333334,0.6776,0.6776,0.6776,0.6776,0.6776,0.6776,0.6776,0.6803999999999999,0.6803999999999999,0.6803999999999999,0.6803999999999999,0.6824333333333332,0.6824333333333332,0.6833333333333333,0.6833333333333333,0.6833333333333333,0.6876333333333333,0.6876333333333333,0.6876333333333333,0.6876333333333333,0.6876333333333333,0.6876333333333333,0.6876333333333333,0.6876333333333333,0.6876333333333333,0.6876333333333333
Std curve: 0.005665293951381118,0.008437087438473328,0.008437087438473328,0.011579387817247603,0.011579387817247603,0.011579387817247603,0.011579387817247603,0.011579387817247603,0.011579387817247603,0.011579387817247603,0.011579387817247603,0.011579387817247603,0.011579387817247603,0.011579387817247603,0.011579387817247603,0.011261537293914272,0.011261537293914272,0.011261537293914272,0.01095647956436941,0.01095647956436941,0.01095647956436941,0.01095647956436941,0.01095647956436941,0.01095647956436941,0.010561460336735839,0.010561460336735839,0.010561460336735839,0.010561460336735839,0.010561460336735839,0.010077146862524576,0.010077146862524576,0.010077146862524576,0.010077146862524576,0.010077146862524576,0.010077146862524576,0.010077146862524576,0.009984098468175396,0.009984098468175396,0.009984098468175396,0.009984098468175396,0.009940042476993973,0.009940042476993973,0.009940042476993973,0.009088209700241028,0.009088209700241028,0.009088209700241028,0.009088209700241028,0.008019697971591895,0.008019697971591895,0.008019697971591895,0.008019697971591895,0.008019697971591895,0.007848849880361075,0.007848849880361075,0.007848849880361075,0.007848849880361075,0.007848849880361075,0.007848849880361075,0.006375299557232126,0.006375299557232126,0.006375299557232126,0.006375299557232126,0.006375299557232126,0.006375299557232126,0.006375299557232126,0.004815022787531168,0.004815022787531168,0.004815022787531168,0.004815022787531168,0.004815022787531168,0.004815022787531168,0.004815022787531168,0.004815022787531168,0.004815022787531168,0.0042342518688534385,0.0042342518688534385,0.0042342518688534385,0.0042342518688534385,0.0042342518688534385,0.0042342518688534385,0.0042342518688534385,0.00581339449509109,0.00581339449509109,0.00581339449509109,0.00581339449509109,0.006630401362076199,0.006630401362076199,0.007663042621715093,0.007663042621715093,0.007663042621715093,0.00941358356607916,0.00941358356607916,0.00941358356607916,0.00941358356607916,0.00941358356607916,0.00941358356607916,0.00941358356607916,0.00941358356607916,0.00941358356607916,0.00941358356607916

mean_time: , 32957.317820262906
best_solution: , 0.6711666666666667
worst_solution: , 0.6991666666666667
mean_solution: , 0.6876333333333333
std_solution: , 0.00941358356607916



solutions runs are : 



0.6991666666666667

0.6855

0.689

0.6711666666666667

0.6933333333333334

