# Scenario 328
Mean curve: 0.7313333333333334,0.73925,0.7434166666666666,0.7520833333333334,0.7523333333333333,0.7560833333333333,0.75625,0.7584166666666667,0.7614166666666666,0.7614166666666666,0.76325,0.76375,0.7645,0.7654166666666666,0.7669166666666667,0.7716666666666667,0.774,0.7755000000000001,0.7755000000000001,0.7759166666666667,0.7770833333333333,0.7819999999999999,0.7842499999999999,0.7855,0.7855,0.7855,0.7856666666666666,0.7864166666666667,0.7899166666666666,0.7899166666666666,0.7933333333333333,0.7939166666666667,0.7939166666666667,0.7939166666666667,0.7939166666666667,0.7939166666666667,0.7948333333333334,0.7951666666666666,0.7951666666666666,0.7976666666666666,0.7976666666666666,0.7976666666666666,0.7987500000000001,0.8007500000000001,0.8007500000000001,0.8019166666666665,0.8019166666666665,0.8020833333333333,0.8026666666666665,0.8026666666666665,0.8026666666666665,0.8026666666666665,0.8028333333333333,0.8028333333333333,0.8028333333333333,0.8039999999999999,0.8039999999999999,0.8039999999999999,0.80475,0.8073333333333332,0.8084166666666667,0.81175,0.8172499999999999,0.8185833333333333,0.8191666666666666,0.8191666666666666,0.8191666666666666,0.8218333333333334,0.8218333333333334,0.8218333333333334,0.8220833333333333,0.8220833333333333,0.8227500000000001,0.8227500000000001,0.8227500000000001,0.8227500000000001,0.8227500000000001,0.8227500000000001,0.8229166666666666,0.8229166666666666,0.8255833333333333,0.8265,0.8265,0.82675,0.8270833333333332,0.828,0.8285,0.8285,0.82875,0.8291666666666666,0.8295833333333332,0.8295833333333332,0.8310000000000001,0.8324999999999999,0.8324999999999999,0.8324999999999999,0.8332499999999999,0.8344166666666666,0.8349166666666668,0.8355
Std curve: 0.01634565861492146,0.008903026950924538,0.007441438033068621,0.012624381172952594,0.01260952021291849,0.013838352503098051,0.013794121131039042,0.011224972160321818,0.009869284562610289,0.009869284562610289,0.009466314547441944,0.009718253158075488,0.010146154170149593,0.011239192339507507,0.012496110505984558,0.017139136501002624,0.01836285501888104,0.018586135812600876,0.018586135812600876,0.018990860374869224,0.018293517370308484,0.021595074026782637,0.021262904578422753,0.022954362935567994,0.022954362935567994,0.022954362935567994,0.022880425889587122,0.02260561631296278,0.023763008133558222,0.023763008133558222,0.023617319445224456,0.023676934392404383,0.023676934392404383,0.023676934392404383,0.023676934392404383,0.023676934392404383,0.02388572330447159,0.023722352328552902,0.023722352328552902,0.020389607919504265,0.020389607919504265,0.020389607919504265,0.020744811935089275,0.022091036392367137,0.022091036392367137,0.021696453883321833,0.021696453883321833,0.02182156171211299,0.02150516733769403,0.02150516733769403,0.02150516733769403,0.02150516733769403,0.02142558180203178,0.02142558180203178,0.02142558180203178,0.0223972964638344,0.0223972964638344,0.0223972964638344,0.023124962462432,0.026140113916269688,0.025627405036189082,0.025198379577531047,0.03287032603022571,0.03300526052347144,0.03294777011507084,0.03294777011507084,0.03294777011507084,0.033806639716021596,0.033806639716021596,0.033806639716021596,0.03379986028899462,0.03379986028899462,0.034733709211017975,0.034733709211017975,0.034733709211017975,0.034733709211017975,0.034733709211017975,0.034733709211017975,0.0348080051456877,0.0348080051456877,0.030514796046799617,0.030962118431686454,0.030962118431686454,0.030927109646895736,0.03111247516850935,0.029811211537495975,0.02965613108804166,0.02965613108804166,0.02962028209033653,0.029496939577597612,0.029676496498819482,0.029676496498819482,0.029522354994892346,0.0293056213795996,0.0293056213795996,0.0293056213795996,0.02931201877122156,0.02947409408654018,0.029599643391245267,0.029787907688262446

mean_time: , 7704.485714864731
best_solution: , 0.7825
worst_solution: , 0.8729166666666667
mean_solution: , 0.8355
std_solution: , 0.029787907688262446



solutions runs are : 



0.84625

0.8729166666666667

0.845

0.8308333333333333

0.7825

