# Scenario 499
Mean curve: 0.7142999999999999,0.7171000000000001,0.7259,0.7261,0.7261,0.7261,0.7261,0.7261,0.7263999999999999,0.7270999999999999,0.7270999999999999,0.7270999999999999,0.7270999999999999,0.7270999999999999,0.7270999999999999,0.7273,0.7273,0.7273,0.7273,0.7273,0.7273,0.7277000000000001,0.7277000000000001,0.7277000000000001,0.7277000000000001,0.7277000000000001,0.7283,0.7291000000000001,0.7291000000000001,0.7291000000000001,0.7291000000000001,0.7291000000000001,0.7291000000000001,0.7291000000000001,0.7291000000000001,0.7293000000000001,0.7293000000000001,0.7293000000000001,0.7293000000000001,0.7294,0.7294,0.7299000000000001,0.7299000000000001,0.7299000000000001,0.7306000000000001,0.7306000000000001,0.7308,0.7308,0.7308,0.7308,0.7308,0.7309000000000001,0.7309000000000001,0.7309000000000001,0.7309000000000001,0.7309000000000001,0.7309000000000001,0.7309000000000001,0.7309000000000001,0.7309000000000001,0.7309000000000001,0.7309000000000001,0.7309000000000001,0.7309000000000001,0.7309000000000001,0.7309000000000001,0.7309000000000001,0.7309000000000001,0.7309000000000001,0.7309000000000001,0.7309000000000001,0.7309000000000001,0.7310000000000001,0.7310000000000001,0.7310000000000001,0.7310000000000001,0.7310000000000001,0.7310000000000001,0.7310000000000001,0.7310000000000001,0.7310000000000001,0.7312,0.7312,0.7312,0.7312,0.7312,0.7312,0.7312,0.7312,0.7312,0.7312,0.7318,0.7318,0.7318,0.7318,0.7318,0.7318,0.7318,0.7318,0.7318
Std curve: 0.005775811631277466,0.003916631205513209,0.008327064308626427,0.008290958931269658,0.008290958931269658,0.008290958931269658,0.008290958931269658,0.008290958931269658,0.007806407624509521,0.006748333127521204,0.006748333127521204,0.006748333127521204,0.006748333127521204,0.006748333127521204,0.006748333127521204,0.006469930447848733,0.006469930447848733,0.006469930447848733,0.006469930447848733,0.006469930447848733,0.006469930447848733,0.00637651942677195,0.00637651942677195,0.00637651942677195,0.00637651942677195,0.00637651942677195,0.006376519426771952,0.006718630812896341,0.006718630812896341,0.006718630812896341,0.006718630812896341,0.006718630812896341,0.006718630812896341,0.006718630812896341,0.006718630812896341,0.006667833231267871,0.006667833231267871,0.006667833231267871,0.006667833231267871,0.006733498347812973,0.006733498347812973,0.007137226352022204,0.007137226352022204,0.007137226352022204,0.007088018058667751,0.007088018058667751,0.007318469785412805,0.007318469785412805,0.007318469785412805,0.007318469785412805,0.007318469785412805,0.007439085965358913,0.007439085965358913,0.007439085965358913,0.007439085965358913,0.007439085965358913,0.007439085965358913,0.007439085965358913,0.007439085965358913,0.007439085965358913,0.007439085965358913,0.007439085965358913,0.007439085965358913,0.007439085965358913,0.007439085965358913,0.007439085965358913,0.007439085965358913,0.007439085965358913,0.007439085965358913,0.007439085965358913,0.007439085965358913,0.007439085965358913,0.007273238618387289,0.007273238618387289,0.007273238618387289,0.007273238618387289,0.007273238618387289,0.007273238618387289,0.007273238618387289,0.007273238618387289,0.007273238618387289,0.0069469417731833774,0.0069469417731833774,0.0069469417731833774,0.0069469417731833774,0.0069469417731833774,0.0069469417731833774,0.0069469417731833774,0.0069469417731833774,0.0069469417731833774,0.0069469417731833774,0.006021627686929851,0.006021627686929851,0.006021627686929851,0.006021627686929851,0.006021627686929851,0.006021627686929851,0.006021627686929851,0.006021627686929851,0.006021627686929851

mean_time: , 15188.01046590805
best_solution: , 0.723
worst_solution: , 0.74
mean_solution: , 0.7318
std_solution: , 0.006021627686929851



solutions runs are : 



0.7365

0.74

0.7315

0.723

0.728

