# Scenario 374
Mean curve: 0.7126666666666667,0.7156666666666667,0.7202500000000001,0.7219166666666667,0.7241666666666667,0.727,0.7285833333333332,0.73325,0.7351666666666665,0.7360833333333333,0.7360833333333333,0.7364166666666667,0.7373333333333333,0.7403333333333333,0.74125,0.74125,0.7420833333333332,0.7445833333333333,0.7450833333333333,0.7457499999999999,0.7457499999999999,0.7457499999999999,0.7459166666666667,0.7469166666666667,0.7475,0.7475,0.7494166666666666,0.7494166666666666,0.7494166666666666,0.7495,0.7497499999999999,0.7500833333333333,0.7505833333333334,0.7516666666666667,0.7524166666666666,0.7526666666666666,0.7526666666666666,0.7538333333333334,0.7538333333333334,0.7545,0.7547499999999999,0.7555,0.7555,0.7555,0.7555,0.7555,0.7555,0.7555,0.7555,0.7555,0.7555,0.7555,0.7561666666666667,0.7561666666666667,0.7561666666666667,0.7561666666666667,0.7561666666666667,0.7561666666666667,0.7561666666666667,0.7561666666666667,0.7561666666666667,0.7564166666666667,0.7564166666666667,0.75775,0.75775,0.75775,0.75775,0.7600833333333334,0.7601666666666667,0.7601666666666667,0.7601666666666667,0.7609166666666667,0.7624166666666666,0.7625833333333334,0.7625833333333334,0.7630833333333333,0.7630833333333333,0.7630833333333333,0.7633333333333334,0.7635,0.7644166666666667,0.7644166666666667,0.7646666666666666,0.76475,0.7653333333333334,0.7653333333333334,0.7653333333333334,0.76575,0.7671666666666667,0.7691666666666667,0.7691666666666667,0.7704166666666666,0.7715000000000001,0.7749166666666667,0.775,0.7751666666666667,0.7754166666666666,0.7754166666666666,0.77575,0.7765833333333333
Std curve: 0.005404473455696977,0.003966876745137308,0.0038060624155564285,0.0025900450446533657,0.0020412414523193166,0.00459014645130679,0.004688934965545064,0.010446291207888087,0.010934146311237809,0.010098817312493123,0.010098817312493123,0.010608565721466151,0.00972039665400085,0.008745633831296114,0.00872814731518411,0.00872814731518411,0.00729821134860378,0.005892556509887884,0.005691123692987941,0.005976807025680358,0.005976807025680358,0.005976807025680358,0.005691123692987979,0.005661762583821034,0.005974482776311658,0.005974482776311658,0.006975154319280541,0.006975154319280541,0.006975154319280541,0.00704351553637182,0.007253351715662984,0.007238016916869492,0.007329544475765348,0.007158910531638202,0.006802777210652862,0.007137537701787957,0.007137537701787957,0.008149642118931792,0.008149642118931792,0.009175753072333884,0.008797884846812761,0.007747759532779653,0.007747759532779653,0.007747759532779653,0.007747759532779653,0.007747759532779653,0.007747759532779653,0.007747759532779653,0.007747759532779653,0.007747759532779653,0.007747759532779653,0.007747759532779653,0.00785458111196547,0.00785458111196547,0.00785458111196547,0.00785458111196547,0.00785458111196547,0.00785458111196547,0.00785458111196547,0.00785458111196547,0.00785458111196547,0.007952113625389879,0.007952113625389879,0.0071860203791033785,0.0071860203791033785,0.0071860203791033785,0.0071860203791033785,0.0054288324916341125,0.005430111519214972,0.005430111519214972,0.005430111519214972,0.005666666666666669,0.008115485882626552,0.008158158833680262,0.008158158833680262,0.008008675851155958,0.008008675851155958,0.008008675851155958,0.007980009746582728,0.008021672034072573,0.008163264597505621,0.008163264597505621,0.008042422244296512,0.008073447563188568,0.008380698724516415,0.008380698724516415,0.008380698724516415,0.008965210538520578,0.010379600720216129,0.011331494948936694,0.011331494948936694,0.010973452814254348,0.009623466688834686,0.0075018516232845745,0.007605736139403054,0.007428361566022168,0.007183120646503283,0.007183120646503283,0.007589283380018291,0.008745633831296085

mean_time: , 12540.75820364952
best_solution: , 0.76875
worst_solution: , 0.7895833333333333
mean_solution: , 0.7765833333333333
std_solution: , 0.008745633831296085



solutions runs are : 



0.7845833333333333

0.76875

0.7691666666666667

0.7708333333333334

0.7895833333333333

