# Scenario 80
Mean curve: 0.5677521628953361,0.5782500116673553,0.5877962656822978,0.5978340191170957,0.6042383338608461,0.6146029414169636,0.6222841073957148,0.6288803781316645,0.6343296837780763,0.64050241095373,0.6487591612320867,0.6527722546833322,0.6589560124272777,0.6618896136501088,0.6649953557612746,0.6692396785040063,0.673409793222597,0.675108683413406,0.6795148459670646,0.6824738922579883,0.6854382271204638,0.6879244380787304,0.68986976795588,0.6916409324061263,0.6946048720051698,0.6954638739249817,0.6971574163337815,0.6998108566905039,0.7008160381239291,0.7008160381239291,0.7024876843220993,0.7027434375041579,0.7033374169923337,0.7044228179192525,0.7051304435244656,0.7072830111768124,0.7094504264028613,0.711935503523178,0.7120106929019817,0.7134165041608637,0.7149004991439427,0.7155401520404691,0.7165056817412605,0.7166148806941446,0.718634382264979,0.7189569906012914,0.7189569906012914,0.7189569906012914,0.7191906567937004,0.720211132961034,0.720211132961034,0.7202292284951738,0.7202292284951738,0.7202292284951738,0.7217591291668021,0.7218956271681378,0.7226615200482429,0.7236114418304546,0.7236114418304546,0.7253545852538117,0.7262306066071265,0.7262664883601204,0.7262664883601204,0.7268660211132844,0.7268660211132844,0.7279156426978075,0.7294866242796598,0.7294866242796598,0.7294866242796598,0.7294866242796598,0.7307663368513346,0.7307663368513346,0.7312236911584066,0.7321873415807412,0.7324241506164368,0.7330952461774782,0.7330952461774782,0.7339523563055177,0.7339523563055177,0.7344212155661497,0.7344212155661497,0.7344212155661497,0.7344212155661497,0.7357804461001562,0.7357804461001562,0.7357804461001562,0.7357804461001562,0.7357804461001562,0.7357804461001562,0.7357804461001562,0.7357804461001562,0.7357804461001562,0.7357804461001562,0.7357804461001562,0.7357804461001562,0.7368218437589441,0.7368218437589441,0.7368218437589441,0.7368218437589441,0.7368218437589441
Std curve: 0.004630477237224778,0.005586537956714539,0.00559403839828035,0.006999191510457673,0.0025097697378049363,0.003707937852381757,0.006236480513322905,0.0020374095722900613,0.003908297082509787,0.003279144430139572,0.005316983867386248,0.004086182327584113,0.0021398211873457167,0.0035336646722733895,0.0045911480455297984,0.004816220264786612,0.006851450368126038,0.006049385328902504,0.005341530808302282,0.005107839903854145,0.008028508067576373,0.0076716888608716165,0.008061171970527806,0.0076721650241605285,0.006835792677352793,0.006766633746105288,0.00435310383158287,0.004991419714373292,0.005806448879570969,0.005806448879570969,0.005765968772199839,0.005324897564917907,0.004908522127323036,0.00519202556609792,0.003981113539173688,0.004887693224425844,0.00766229291687951,0.006967856562730911,0.00694984787679869,0.00572290360817447,0.005211381032942191,0.004663111867621365,0.005111351730494432,0.0050103410167431205,0.004836438986936941,0.004461607541424504,0.004461607541424504,0.004461607541424504,0.004762358719432654,0.0063177994812489,0.0063177994812489,0.0063006644771968386,0.0063006644771968386,0.0063006644771968386,0.007432506905484578,0.007418158591581169,0.006762168301497835,0.006868280635406765,0.006868280635406765,0.004800281276920148,0.003665790500085554,0.0037112593956433633,0.0037112593956433633,0.0032704325171576307,0.0032704325171576307,0.004633504266493843,0.005371542780373987,0.005371542780373987,0.005371542780373987,0.005371542780373987,0.005648577498287657,0.005648577498287657,0.00559995637580202,0.0054581093033444945,0.005763303883594517,0.0049157895768873,0.0049157895768873,0.004224333344378134,0.004224333344378134,0.004604092157766919,0.004604092157766919,0.004604092157766919,0.004604092157766919,0.004928700917791624,0.004928700917791624,0.004928700917791624,0.004928700917791624,0.004928700917791624,0.004928700917791624,0.004928700917791624,0.004928700917791624,0.004928700917791624,0.004928700917791624,0.004928700917791624,0.004928700917791624,0.00605499595030038,0.00605499595030038,0.00605499595030038,0.00605499595030038,0.00605499595030038

mean_time: , 144933.91637597085
best_solution: , 0.7286500854376305
worst_solution: , 0.7448441968989914
mean_solution: , 0.7368218437589441
std_solution: , 0.00605499595030038



solutions runs are : 



0.7416117435590174

0.7286500854376305

0.7448441968989914

0.7314627759072203

0.7375404169918609

