# Scenario 202
Mean curve: 0.6900755004078531,0.6904882852075176,0.6954044465151921,0.707744379905788,0.7174591782051881,0.7291191560243164,0.7291191560243164,0.7449944523203651,0.7449944523203651,0.7449944523203651,0.7469031024552819,0.750737641744229,0.7509793340866879,0.7565115986817541,0.7627283265162094,0.7648926939428428,0.7648943683751545,0.7669320094608925,0.7765719192786146,0.7794360051772716,0.7847327524573756,0.7905857027956225,0.7959157866971843,0.7959157866971843,0.7976027738404686,0.8038475420632032,0.8040375595776638,0.8103289200506977,0.8127349262712293,0.8135728935248594,0.8135728935248594,0.8156273124299549,0.8156273124299549,0.8183770952523088,0.8213074981827118,0.8213074981827118,0.8213074981827118,0.8226602678519559,0.8289827678289811,0.831247109689073,0.8346881822459444,0.8346881822459444,0.8374609483115995,0.8374609483115995,0.8391635406876997,0.8391635406876997,0.8391635406876997,0.8466426065760446,0.8493092330365328,0.8493092330365328,0.8563907248440519,0.856855920750697,0.8573126590015528,0.8596586653812885,0.8596586653812885,0.8613035822872999,0.8613035822872999,0.8614838061037661,0.8623399936106493,0.8655437296744685,0.8655437296744685,0.8676031618824634,0.8785221143131576,0.8788068731294333,0.8788068731294333,0.8788068731294333,0.8788068731294333,0.8788068731294333,0.8803058237664534,0.8803058237664534,0.8803058237664534,0.8803058237664534,0.8803959341183345,0.8829446231231441,0.8833908561873877,0.8847314152508264,0.8847314152508264,0.8894998990838303,0.8894998990838303,0.8900760482339571,0.8923172842274013,0.8923172842274013,0.8950599520023192,0.9009779730969367,0.9009779730969367,0.9009779730969367,0.9009779730969367,0.9009779730969367,0.9009779730969367,0.9091572723614375,0.9092402671832934,0.9092402671832934,0.9092402671832934,0.9095473481552171,0.9139295923399677,0.9145197523080493,0.9145197523080493,0.9145197523080493,0.9149671535231375,0.91551814921773
Std curve: 0.010070903233121684,0.010116195808245168,0.00905641752880261,0.01625458370602799,0.012909753206498143,0.006327968862160995,0.006327968862160995,0.010021018899789411,0.010021018899789411,0.010021018899789411,0.012641593308798554,0.009309366616556392,0.009170944090080877,0.007397201581314832,0.007858685723214938,0.009205406742822851,0.009205659380603068,0.008166449668394223,0.02387818808503262,0.02311949226346725,0.02071669952382315,0.017801404562547675,0.02007424389392321,0.02007424389392321,0.018170990861067552,0.012920490482578446,0.012658593027083751,0.015472612136854712,0.014411190391942899,0.012923203805747064,0.012923203805747064,0.013262234936599494,0.013262234936599494,0.013693619097333978,0.008174089198624737,0.008174089198624737,0.008174089198624737,0.008236842952953996,0.010087152124439601,0.010373203951904606,0.010245166279420773,0.010245166279420773,0.004943220409452761,0.004943220409452761,0.007338880840259613,0.007338880840259613,0.007338880840259613,0.012382885693004794,0.01347603332517155,0.01347603332517155,0.014875094398926918,0.014901530868677442,0.014311338428949888,0.011939725920061092,0.011939725920061092,0.01501455503282723,0.01501455503282723,0.014895717447902843,0.014905561044265428,0.019315230308562713,0.019315230308562713,0.018519767929752774,0.01402070604011342,0.013706379327861833,0.013706379327861833,0.013706379327861833,0.013706379327861833,0.013706379327861833,0.013064182981226592,0.013064182981226592,0.013064182981226592,0.013064182981226592,0.013046537284521532,0.010629812255930847,0.010209771614533781,0.00941412204844779,0.00941412204844779,0.008046666255740065,0.008046666255740065,0.00900573766585066,0.008916067441069878,0.008916067441069878,0.007262004811569818,0.010625508416273284,0.010625508416273284,0.010625508416273284,0.010625508416273284,0.010625508416273284,0.010625508416273284,0.012175505175143805,0.012186359679499685,0.012186359679499685,0.012186359679499685,0.011963424242142211,0.01373625072903478,0.013660860466315147,0.013660860466315147,0.013660860466315147,0.012918240743182128,0.012921864918833223

mean_time: , 7949.386659479142
best_solution: , 0.893803271135683
worst_solution: , 0.9313247673903412
mean_solution: , 0.91551814921773
std_solution: , 0.012921864918833223



solutions runs are : 



0.893803271135683

0.9107747910548905

0.9249827942188575

0.9313247673903412

0.9167051222888787

