# Scenario 365
Mean curve: 0.703125,0.7074583333333333,0.70775,0.7094166666666667,0.7107916666666666,0.7185833333333332,0.7189166666666666,0.7243333333333333,0.7257500000000001,0.7282083333333335,0.7303333333333335,0.7339166666666667,0.7356666666666667,0.73625,0.73625,0.7401666666666666,0.7401666666666666,0.7402083333333334,0.7421666666666666,0.7423333333333334,0.74325,0.7436666666666667,0.7436666666666667,0.7443333333333333,0.7448333333333333,0.7451666666666666,0.745375,0.7463333333333334,0.747625,0.7487499999999999,0.7512083333333333,0.75125,0.7517499999999999,0.7517499999999999,0.7530416666666667,0.7530416666666667,0.7544166666666667,0.7547083333333333,0.7550000000000001,0.7550000000000001,0.7552500000000001,0.7552500000000001,0.7562083333333334,0.7562083333333334,0.7562083333333334,0.7564583333333333,0.7564583333333333,0.7564583333333333,0.7577916666666666,0.7577916666666666,0.7577916666666666,0.75825,0.75825,0.75825,0.7588333333333332,0.7588333333333332,0.7588333333333332,0.7588333333333332,0.7588333333333332,0.7588333333333332,0.759,0.759,0.7591249999999999,0.7609583333333333,0.7609583333333333,0.7609583333333333,0.7614583333333333,0.7616666666666667,0.76325,0.7639166666666666,0.7639166666666666,0.7639166666666666,0.7649583333333334,0.7649583333333334,0.7657083333333332,0.7661250000000001,0.7667083333333334,0.7667083333333334,0.76675,0.76775,0.7683333333333333,0.7705416666666667,0.7705416666666667,0.7710000000000001,0.77525,0.7765416666666667,0.7765416666666667,0.7765416666666667,0.7765833333333333,0.7765833333333333,0.7765833333333333,0.7765833333333333,0.7767083333333333,0.7767083333333333,0.7767083333333333,0.7767083333333333,0.7775416666666667,0.7775416666666667,0.7775416666666667,0.7775416666666667
Std curve: 0.0060938835455451885,0.008980495841297157,0.008957267378441287,0.009462462388006873,0.008683677216479207,0.011133969542700291,0.010597103902062657,0.011671427600007745,0.010887365256214296,0.009291386393381302,0.007110975476137046,0.007939003575876362,0.007132671308843544,0.007105357915764058,0.007105357915764058,0.004288631612893685,0.004288631612893685,0.004283771054158291,0.006896557112066859,0.006952717294538715,0.0061203213423261914,0.006835873511605285,0.006835873511605285,0.00727963292725367,0.007560404898034393,0.007458682487171887,0.007424855030384255,0.007612124831112833,0.008170917261170188,0.006553730913677253,0.00745053130096552,0.007431399225209522,0.007811361028086684,0.007811361028086684,0.008546848021996829,0.008546848021996829,0.008155817623703404,0.008190017636665308,0.008265347677032232,0.008265347677032232,0.008625503205932703,0.008625503205932703,0.010116852002695504,0.010116852002695504,0.010116852002695504,0.010166154358676833,0.010166154358676833,0.010166154358676833,0.010822590827626337,0.010822590827626337,0.010822590827626337,0.011187015042251225,0.011187015042251225,0.011187015042251225,0.01067317509772358,0.01067317509772358,0.01067317509772358,0.01067317509772358,0.01067317509772358,0.01067317509772358,0.010892785583943987,0.010892785583943987,0.010890394595442564,0.011190894115802862,0.011190894115802862,0.011190894115802862,0.011331494948936692,0.01160399835305823,0.009552123091520315,0.008886240925035621,0.008886240925035621,0.008886240925035621,0.008179199566923132,0.008179199566923132,0.00790854846914965,0.007904156782633098,0.008044364832325538,0.008044364832325538,0.008054286298473514,0.00820039802557035,0.007753807308527732,0.009713428562791044,0.009713428562791044,0.010312310604321447,0.007370879263094126,0.008496935722168695,0.008496935722168695,0.008496935722168695,0.008538719003587233,0.008538719003587233,0.008538719003587233,0.008538719003587233,0.00835247800888386,0.00835247800888386,0.00835247800888386,0.00835247800888386,0.008574024077927967,0.008574024077927967,0.008574024077927967,0.008574024077927967

mean_time: , 21817.288632297517
best_solution: , 0.764375
worst_solution: , 0.7860416666666666
mean_solution: , 0.7775416666666667
std_solution: , 0.008574024077927967



solutions runs are : 



0.7852083333333333

0.764375

0.7814583333333334

0.770625

0.7860416666666666

