# Scenario 235
Mean curve: 0.7745,0.78425,0.7932500000000001,0.7975,0.798,0.79925,0.8004999999999999,0.8065,0.81525,0.8200000000000001,0.82675,0.82675,0.8310000000000001,0.8342500000000002,0.8390000000000001,0.84325,0.8445,0.84925,0.851,0.8550000000000001,0.8550000000000001,0.8550000000000001,0.8554999999999999,0.86,0.86525,0.8705,0.8712500000000001,0.8717500000000001,0.874,0.875,0.876,0.8762500000000001,0.8762500000000001,0.88025,0.88025,0.8852500000000001,0.8852500000000001,0.8867499999999999,0.8867499999999999,0.8867499999999999,0.8869999999999999,0.89,0.89075,0.89075,0.89075,0.8915000000000001,0.8915000000000001,0.9002500000000001,0.9030000000000001,0.9032500000000001,0.9032500000000001,0.9055,0.9055,0.9055,0.9085000000000001,0.9085000000000001,0.9105000000000001,0.9105000000000001,0.9105000000000001,0.9105000000000001,0.91175,0.91175,0.91175,0.9119999999999999,0.9119999999999999,0.9119999999999999,0.9119999999999999,0.9119999999999999,0.9155,0.9182499999999999,0.91875,0.9205,0.922,0.923,0.923,0.923,0.9252499999999999,0.9257500000000001,0.9257500000000001,0.9257500000000001,0.9257500000000001,0.9257500000000001,0.9259999999999999,0.9259999999999999,0.9259999999999999,0.9259999999999999,0.9262499999999999,0.9262499999999999,0.9262499999999999,0.9282499999999999,0.932,0.93225,0.9324999999999999,0.9324999999999999,0.9324999999999999,0.933,0.933,0.933,0.933,0.9344999999999999
Std curve: 0.019245129253917734,0.01310057250657389,0.013523128336298526,0.009650129532809396,0.009374166629626347,0.007441438033068628,0.0062549980015984006,0.01212950947070821,0.011247221879201992,0.0075828754440515345,0.0024494897427831644,0.0024494897427831644,0.004834769901453434,0.006254998001598398,0.008602325267042623,0.006547900426854387,0.00788986691902971,0.007607562027351461,0.009727538229171856,0.007115124735378862,0.007115124735378862,0.007115124735378862,0.0063541325135694415,0.007786205751198741,0.017381743295768717,0.01774119499921018,0.017302456472998287,0.016966879500957165,0.015858751527153717,0.01565247584249854,0.015215124054702949,0.014832396974191343,0.014832396974191343,0.012806248474865724,0.012806248474865724,0.008268917704270629,0.008268917704270629,0.008753570700005802,0.008753570700005802,0.008753570700005802,0.008536685539481946,0.011911129249571594,0.011363318177363505,0.011363318177363505,0.011363318177363505,0.01073545527679195,0.01073545527679195,0.007558108228915494,0.0035881750236018074,0.003316624790355381,0.003316624790355381,0.004077376607575004,0.004077376607575004,0.004077376607575004,0.008038967595406742,0.008038967595406742,0.006451743950281958,0.006451743950281958,0.006451743950281958,0.006451743950281958,0.008824681297361378,0.008824681297361378,0.008824681297361378,0.008645808232895277,0.008645808232895277,0.008645808232895277,0.008645808232895277,0.008645808232895277,0.009137833441248517,0.009506576670915768,0.008838834764831856,0.00714142842854286,0.005894913061275809,0.005220153254455289,0.005220153254455289,0.005220153254455289,0.0024238399287081496,0.0025739075352467344,0.0025739075352467344,0.0025739075352467344,0.0025739075352467344,0.0025739075352467344,0.002150581316760647,0.002150581316760647,0.002150581316760647,0.002150581316760647,0.002500000000000013,0.002500000000000013,0.002500000000000013,0.006103277807866828,0.008860022573334648,0.008746427842267925,0.008551315688243515,0.008551315688243515,0.008551315688243515,0.008162413858657232,0.008162413858657232,0.008162413858657232,0.008162413858657232,0.007850159234053784

mean_time: , 4710.271996355057
best_solution: , 0.92375
worst_solution: , 0.945
mean_solution: , 0.9344999999999999
std_solution: , 0.007850159234053784



solutions runs are : 



0.9275

0.945

0.92375

0.93625

0.94

