# Scenario 214
Mean curve: 0.7796666666666666,0.7843333333333333,0.7996666666666666,0.8130000000000001,0.8253333333333333,0.8276666666666666,0.8400000000000001,0.842,0.851,0.852,0.859,0.8616666666666667,0.8686666666666667,0.8696666666666667,0.8720000000000001,0.8756666666666666,0.8756666666666666,0.8763333333333334,0.8773333333333333,0.8803333333333334,0.8803333333333334,0.8806666666666667,0.8866666666666667,0.9013333333333333,0.9013333333333333,0.9023333333333333,0.9046666666666667,0.9066666666666666,0.9066666666666666,0.916,0.916,0.916,0.916,0.9253333333333333,0.9253333333333333,0.9259999999999999,0.9259999999999999,0.9259999999999999,0.9259999999999999,0.9263333333333333,0.9286666666666668,0.9286666666666668,0.9313333333333332,0.9363333333333334,0.9373333333333334,0.9373333333333334,0.9373333333333334,0.9373333333333334,0.9373333333333334,0.9386666666666666,0.9386666666666666,0.9386666666666666,0.9386666666666666,0.9406666666666667,0.9406666666666667,0.9406666666666667,0.944,0.9446666666666668,0.9460000000000001,0.9460000000000001,0.9476666666666667,0.9476666666666667,0.9476666666666667,0.9490000000000001,0.9506666666666665,0.9506666666666665,0.9506666666666665,0.9506666666666665,0.9506666666666665,0.9506666666666665,0.9506666666666665,0.9513333333333334,0.9536666666666667,0.9536666666666667,0.9543333333333333,0.9556666666666667,0.9556666666666667,0.9556666666666667,0.9556666666666667,0.9563333333333333,0.9563333333333333,0.9563333333333333,0.9563333333333333,0.9570000000000001,0.959,0.9593333333333334,0.9593333333333334,0.961,0.961,0.961,0.961,0.961,0.9626666666666667,0.9646666666666667,0.9646666666666667,0.9646666666666667,0.966,0.9663333333333334,0.9663333333333334,0.9673333333333334
Std curve: 0.009854496999396311,0.010466878978738384,0.006091888960832348,0.01637749132871765,0.016878651868229542,0.015077577170531523,0.010852547064066485,0.01367885635245545,0.015726834816113908,0.0143527000944073,0.011860297916438124,0.013984117975602017,0.013474255287605177,0.013960261060914633,0.011709445380166876,0.01617954813268214,0.01617954813268214,0.016000000000000014,0.016350331291240975,0.015398412616601496,0.015398412616601496,0.015369522511198034,0.01574095860415681,0.01664665465224501,0.01664665465224501,0.015867506980549187,0.01495920378154457,0.015527752931802813,0.015527752931802813,0.011671427600007743,0.011671427600007743,0.011671427600007743,0.011671427600007743,0.013800161029656302,0.013800161029656302,0.01416568624058386,0.01416568624058386,0.01416568624058386,0.01416568624058386,0.013800161029656324,0.014079141387961945,0.014079141387961945,0.011661903789690613,0.011661903789690585,0.009865765724632478,0.009865765724632478,0.009865765724632478,0.009865765724632478,0.009865765724632478,0.00991071249821232,0.00991071249821232,0.00991071249821232,0.00991071249821232,0.011234866364235128,0.011234866364235128,0.011234866364235128,0.005734883511361753,0.006000000000000007,0.004666666666666662,0.004666666666666662,0.002708012801545314,0.002708012801545314,0.002708012801545314,0.0016996731711975866,0.0016996731711976035,0.0016996731711976035,0.0016996731711976035,0.0016996731711976035,0.0016996731711976035,0.0016996731711976035,0.0016996731711976035,0.0019436506316151106,0.005906681715556439,0.005906681715556439,0.005637178175095902,0.006018490028422573,0.006018490028422573,0.006018490028422573,0.006018490028422573,0.005715476066494059,0.005715476066494059,0.005715476066494059,0.005715476066494059,0.005715476066494059,0.005830951894845287,0.006200358412579421,0.006200358412579421,0.007930251502246874,0.007930251502246874,0.007930251502246874,0.007930251502246874,0.007930251502246874,0.00963788819653396,0.01024152766382482,0.01024152766382482,0.01024152766382482,0.011430952132988182,0.011274356350191856,0.011274356350191856,0.009752492558885212

mean_time: , 3788.5977909088133
best_solution: , 0.9533333333333334
worst_solution: , 0.9783333333333334
mean_solution: , 0.9673333333333334
std_solution: , 0.009752492558885212



solutions runs are : 



0.9783333333333334

0.9783333333333334

0.965

0.9533333333333334

0.9616666666666667

