# Scenario 352
Mean curve: 0.714888888888889,0.7233333333333334,0.7295555555555556,0.7300000000000001,0.7335555555555556,0.7336666666666667,0.7373333333333334,0.741111111111111,0.7413333333333333,0.7423333333333334,0.7438888888888888,0.7448888888888889,0.7486666666666666,0.75,0.7506666666666666,0.7528888888888889,0.7529999999999999,0.7529999999999999,0.7542222222222221,0.7542222222222221,0.7562222222222224,0.7597777777777777,0.7597777777777777,0.760888888888889,0.7621111111111112,0.7621111111111112,0.7644444444444445,0.7665555555555555,0.7665555555555555,0.7672222222222222,0.7672222222222222,0.7687777777777778,0.7703333333333333,0.7703333333333333,0.7705555555555555,0.7725555555555556,0.7734444444444444,0.7734444444444444,0.7753333333333332,0.7753333333333332,0.7755555555555554,0.7755555555555554,0.7755555555555554,0.7758888888888889,0.7767777777777778,0.7776666666666666,0.7776666666666666,0.7783333333333333,0.7783333333333333,0.7806666666666666,0.7815555555555556,0.7818888888888889,0.7828888888888889,0.7828888888888889,0.7832222222222222,0.7854444444444444,0.7854444444444444,0.7857777777777777,0.7867777777777778,0.7898888888888889,0.7898888888888889,0.7903333333333333,0.7903333333333333,0.7905555555555555,0.7911111111111111,0.7911111111111111,0.791222222222222,0.791222222222222,0.791222222222222,0.7928888888888889,0.7942222222222222,0.7964444444444444,0.7974444444444444,0.7982222222222222,0.7983333333333333,0.7983333333333333,0.7985555555555555,0.7988888888888889,0.799,0.799,0.799,0.7995555555555556,0.7995555555555556,0.7997777777777778,0.7997777777777778,0.7997777777777778,0.8002222222222223,0.8002222222222223,0.8004444444444445,0.8025555555555556,0.8025555555555556,0.8025555555555556,0.8025555555555556,0.8025555555555556,0.8030000000000002,0.8046666666666666,0.8053333333333335,0.8056666666666666,0.8056666666666666,0.806111111111111
Std curve: 0.008912468724513546,0.00918936583472682,0.005724109721062788,0.005103859590158161,0.005265775827143458,0.005358735800794434,0.006679617051195163,0.011412576991207847,0.011290769747075763,0.010797804989561196,0.011482676162456712,0.011218371176416463,0.010199249548767032,0.008202679477907425,0.009278942042716842,0.010849133776652555,0.010758860832809058,0.010758860832809058,0.010040658086739866,0.010040658086739866,0.010106836703348278,0.008653836657164802,0.008653836657164802,0.009972802521029757,0.010682858081530619,0.010682858081530619,0.008699368502694843,0.006825876690403437,0.006825876690403437,0.0073282810879294205,0.0073282810879294205,0.008587961715084285,0.009966610925150714,0.009966610925150714,0.009654526220545976,0.008451751224771813,0.008828964677919505,0.008828964677919505,0.0058012344365362695,0.0058012344365362695,0.0056546713999997555,0.0056546713999997555,0.0056546713999997555,0.005885743394732896,0.00654896090146285,0.007531005867924709,0.007531005867924709,0.007950463919999267,0.007950463919999267,0.011360533807663333,0.011703117659964068,0.011274356350191824,0.012892719737209126,0.012892719737209126,0.012513696200267606,0.010728984626287364,0.010728984626287364,0.010331541063207397,0.01168200050515619,0.013468756713498386,0.013468756713498386,0.01296052887200116,0.01296052887200116,0.012722100921304304,0.012556047188014789,0.012556047188014789,0.012665691970295953,0.012665691970295953,0.012665691970295953,0.013073392071184648,0.014805737960102138,0.012979566086833122,0.0136743429209958,0.013186225510352709,0.013076224773266473,0.013076224773266473,0.01286492024225205,0.012731801342783325,0.012626642418530438,0.012626642418530438,0.012626642418530438,0.012474170845054387,0.012474170845054387,0.012240390536818128,0.012240390536818128,0.012240390536818128,0.012927146286443534,0.012927146286443534,0.013082832026253354,0.015143755588800725,0.015143755588800725,0.015143755588800725,0.015143755588800725,0.015143755588800725,0.015012751781381811,0.015688322306420248,0.015735467526311525,0.015801234519672143,0.015801234519672143,0.01593195407016436

mean_time: , 8357.392835760116
best_solution: , 0.7872222222222223
worst_solution: , 0.8238888888888889
mean_solution: , 0.806111111111111
std_solution: , 0.01593195407016436



solutions runs are : 



0.8238888888888889

0.8116666666666666

0.8205555555555556

0.7872222222222223

0.7872222222222223

