# Scenario 281
Mean curve: 0.544021617363031,0.5454915003471509,0.549004437836651,0.5504346430602587,0.5601657900920051,0.560229610528013,0.5603939508563838,0.5614698152002224,0.5620053116449721,0.5663404255968545,0.5675346928985521,0.5714518041244085,0.5757313609167124,0.576635292096396,0.576635292096396,0.576635292096396,0.5772036063551215,0.5773335271417761,0.5773335271417761,0.5779052787100036,0.57995610061148,0.57995610061148,0.5844149914142557,0.5877562980948274,0.5877562980948274,0.5900268317979227,0.590108683645562,0.5927200140263549,0.5935422266005707,0.5935422266005707,0.5935422266005707,0.5941873835828464,0.5961427911807362,0.5962906117765733,0.5962906117765733,0.5962906117765733,0.599318387212738,0.6021221312465497,0.602843091076543,0.6029358661641041,0.6049787291780249,0.6053325559090043,0.6053325559090043,0.6081270378409571,0.6082742547993394,0.6088119331874247,0.6088119331874247,0.609451214593647,0.609451214593647,0.612081172327948,0.6122121988161398,0.6130564537701356,0.6137484859295379,0.6137484859295379,0.6142394521360725,0.6142394521360725,0.6142394521360725,0.6142394521360725,0.6149601643414785,0.6149601643414785,0.6149601643414785,0.6149601643414785,0.6150173579391145,0.6150173579391145,0.6150173579391145,0.619062014128027,0.6193183503367894,0.6194064410182948,0.6194064410182948,0.61965418521906,0.6210726885542268,0.6214887143408359,0.623926553221532,0.623926553221532,0.6265023366354326,0.6275379762711093,0.6275379762711093,0.6275379762711093,0.6280504204440811,0.6280504204440811,0.6286266991436118,0.6289161762842399,0.6316855553176334,0.6326047802562504,0.6326047802562504,0.6328251695557989,0.6342341214628691,0.6350271772401364,0.6350271772401364,0.6369992033503037,0.6369992033503037,0.6369992033503037,0.6369992033503037,0.6369992033503037,0.6377045056855121,0.6377045056855121,0.6377045056855121,0.6377045056855121,0.6377611827096203,0.6380587291031815
Std curve: 0.006114133153297249,0.005045289316915486,0.003902087128553356,0.0047858843177185206,0.0021313155290518995,0.0021251034009322598,0.0021908322219301823,0.0009466505905677363,0.001322370487840958,0.005522578328299916,0.00558204289741452,0.004504174482482732,0.0025614843771675482,0.00341085418931152,0.00341085418931152,0.00341085418931152,0.0037815251459714532,0.0037215992298046487,0.0037215992298046487,0.003778124467672698,0.0036972392513518115,0.0036972392513518115,0.0078615619100226,0.009864344224109351,0.009864344224109351,0.008726718285796351,0.008599166372222373,0.00558483483586412,0.00508294142839146,0.00508294142839146,0.00508294142839146,0.004432785261610882,0.007517764238366306,0.0073870246824667115,0.0073870246824667115,0.0073870246824667115,0.006670739140256616,0.00587508264250496,0.006197836907682744,0.006246919272877188,0.00836212808969826,0.008476283495365592,0.008476283495365592,0.008120355807564294,0.007843746543461132,0.0068461333990095475,0.0068461333990095475,0.005696937313162991,0.005696937313162991,0.007643045291860974,0.007657431066631575,0.006320448080189523,0.0061071320976385495,0.0061071320976385495,0.006859911719121887,0.006859911719121887,0.006859911719121887,0.006859911719121887,0.0062858687020061095,0.0062858687020061095,0.0062858687020061095,0.0062858687020061095,0.00619999840425643,0.00619999840425643,0.00619999840425643,0.0041207198737066315,0.004247387508463954,0.004124744837274279,0.004124744837274279,0.003935122914863893,0.004050733563976716,0.004631692920239143,0.004686780081319565,0.004686780081319565,0.0029088343226702238,0.0030527479096328215,0.0030527479096328215,0.0030527479096328215,0.0035070222593426323,0.0035070222593426323,0.0026531118476057613,0.002944787313906009,0.0038501455072900716,0.004400152052131022,0.004400152052131022,0.004631837249040203,0.00519817331615284,0.004305451522258139,0.004305451522258139,0.006345205274658882,0.006345205274658882,0.006345205274658882,0.006345205274658882,0.006345205274658882,0.005500556580507787,0.005500556580507787,0.005500556580507787,0.005500556580507787,0.00553655947557574,0.005758577007180355

mean_time: , 130668.6199713707
best_solution: , 0.6312642999483357
worst_solution: , 0.6458044761974192
mean_solution: , 0.6380587291031815
std_solution: , 0.005758577007180355



solutions runs are : 



0.6383350042701719

0.6320220477197221

0.6458044761974192

0.6312642999483357

0.6428678173802586

