# Scenario 368
Mean curve: 0.6835833333333334,0.6896666666666668,0.6912499999999999,0.6963333333333334,0.6992083333333333,0.7012083333333333,0.7044583333333333,0.704625,0.7048333333333333,0.70875,0.70875,0.7112916666666667,0.71175,0.712125,0.717125,0.7189166666666666,0.7189166666666666,0.719,0.7209583333333333,0.7209583333333333,0.7217499999999999,0.7221249999999999,0.7221249999999999,0.7221249999999999,0.7243333333333334,0.7243333333333334,0.7243333333333334,0.7243333333333334,0.7243333333333334,0.7243333333333334,0.7248749999999999,0.7251666666666667,0.7259166666666667,0.7259166666666667,0.7262500000000001,0.7275,0.7275416666666668,0.7275416666666668,0.7275416666666668,0.7290833333333333,0.7290833333333333,0.7290833333333333,0.7290833333333333,0.7302500000000001,0.7302500000000001,0.7306666666666668,0.7306666666666668,0.730875,0.7312083333333333,0.7319583333333334,0.7319583333333334,0.7325,0.735125,0.735125,0.735125,0.7356250000000001,0.7365,0.7367916666666666,0.7367916666666666,0.7367916666666666,0.7381249999999999,0.7381249999999999,0.7390416666666667,0.74,0.741,0.7419583333333334,0.7419583333333334,0.7419583333333334,0.7425833333333334,0.7425833333333334,0.743125,0.7432916666666667,0.7432916666666667,0.74375,0.74375,0.7437916666666667,0.7437916666666667,0.7439166666666667,0.744,0.74525,0.74525,0.7453333333333333,0.7453333333333333,0.7453333333333333,0.7453333333333333,0.7454583333333333,0.7479583333333333,0.7479583333333333,0.75,0.7501249999999999,0.7509583333333334,0.7509583333333334,0.751375,0.751375,0.751375,0.751625,0.752,0.752,0.752,0.752
Std curve: 0.005312132340218928,0.00962995903994981,0.010186626581509288,0.009185208519982318,0.0064407017388549235,0.007554661916106274,0.004990616194419288,0.004971097017314749,0.004727652106960109,0.010310290167271394,0.010310290167271394,0.010821628291938735,0.010564451660587445,0.010151115154941796,0.0097764953388784,0.007383822406676163,0.007383822406676163,0.007343742612289407,0.009865941696338728,0.009865941696338728,0.009456222231361123,0.009255628917943204,0.009255628917943204,0.009255628917943204,0.007776612015810242,0.007776612015810242,0.007776612015810242,0.007776612015810242,0.007776612015810242,0.007776612015810242,0.007084068589290876,0.006905110828622188,0.006660935036130843,0.006660935036130843,0.006205396397043797,0.008445084040105496,0.008434181446155091,0.008434181446155091,0.008434181446155091,0.007200742631454383,0.007200742631454383,0.007200742631454383,0.007200742631454383,0.007085048811876094,0.007085048811876094,0.0066918794071621,0.0066918794071621,0.006618838854193227,0.006702248793419188,0.006865018005964907,0.006865018005964907,0.006704320746105968,0.008460077816821,0.008460077816821,0.008460077816821,0.00822534193818106,0.008100282916869844,0.007892067043697888,0.007892067043697888,0.007892067043697888,0.006772595924426296,0.006772595924426296,0.006629584367732942,0.006791794477325008,0.008044364832325538,0.0067605370430988045,0.0067605370430988045,0.0067605370430988045,0.006477257221317579,0.006477257221317579,0.00733972259542401,0.007271281027286577,0.007271281027286577,0.007562241731127086,0.007562241731127086,0.007545464053176434,0.007545464053176434,0.007736323057140539,0.007704841551474843,0.006483686794135316,0.006483686794135316,0.006434229212233251,0.006434229212233251,0.006434229212233251,0.006434229212233251,0.006371594951205094,0.005465167477356532,0.005465167477356532,0.006083904082814657,0.006148622248565569,0.006802777210652841,0.006802777210652841,0.0064004123131074665,0.0064004123131074665,0.0064004123131074665,0.006591239977761717,0.006044683155008577,0.006044683155008577,0.006044683155008577,0.006044683155008577

mean_time: , 21811.434467744828
best_solution: , 0.7435416666666667
worst_solution: , 0.7577083333333333
mean_solution: , 0.752
std_solution: , 0.006044683155008577



solutions runs are : 



0.7570833333333333

0.7577083333333333

0.7435416666666667

0.7458333333333333

0.7558333333333334

