# Scenario 270
Mean curve: 0.7383333333333333,0.7561666666666668,0.7561666666666668,0.7633333333333333,0.7683333333333333,0.77125,0.7717499999999999,0.776,0.7782499999999999,0.78025,0.7816666666666666,0.7819999999999999,0.784,0.78575,0.7887500000000001,0.7887500000000001,0.7900833333333334,0.7907500000000001,0.7924166666666667,0.7969166666666666,0.7969166666666666,0.7971666666666666,0.7971666666666666,0.7988333333333333,0.8004166666666667,0.8004166666666667,0.8004166666666667,0.8004166666666667,0.8004166666666667,0.8007500000000001,0.8029166666666667,0.8029166666666667,0.8043333333333333,0.8050833333333334,0.8064166666666667,0.8064166666666667,0.8064166666666667,0.8064166666666667,0.8064166666666667,0.8073333333333332,0.8096666666666668,0.8096666666666668,0.8096666666666668,0.8105,0.8109166666666667,0.8109166666666667,0.8128333333333334,0.8150833333333333,0.8171666666666667,0.8171666666666667,0.8182500000000001,0.8190833333333334,0.8215,0.8221666666666667,0.8221666666666667,0.8221666666666667,0.8226666666666667,0.8226666666666667,0.8231666666666667,0.8246666666666667,0.825,0.8266666666666665,0.8266666666666665,0.8266666666666665,0.8273333333333334,0.8273333333333334,0.8273333333333334,0.8273333333333334,0.8273333333333334,0.8273333333333334,0.8285833333333332,0.8285833333333332,0.8285833333333332,0.8290833333333334,0.8290833333333334,0.8290833333333334,0.8290833333333334,0.8290833333333334,0.8296666666666667,0.8300000000000001,0.8303333333333335,0.8303333333333335,0.8303333333333335,0.8303333333333335,0.8303333333333335,0.8305000000000001,0.8309166666666667,0.8323333333333334,0.8328333333333333,0.8360000000000001,0.8360000000000001,0.8360000000000001,0.8360000000000001,0.8360000000000001,0.8360000000000001,0.8363333333333334,0.8364166666666668,0.8364166666666668,0.8364166666666668,0.8365833333333335
Std curve: 0.005270462766947321,0.009403752206197012,0.009403752206197012,0.01171418892720369,0.008881941729649482,0.008169217288768316,0.008454945955540525,0.007739688480667521,0.010637329447646974,0.011231775361792875,0.009223309842157764,0.008816808442464385,0.006680194607943676,0.008314144574157937,0.006754628043053161,0.006754628043053161,0.008263877217545465,0.007375823871119632,0.006182412330330467,0.004651761912317617,0.004651761912317617,0.004194904316217747,0.004194904316217747,0.0020138409955990887,0.0048016200969626475,0.0048016200969626475,0.0048016200969626475,0.0048016200969626475,0.0048016200969626475,0.004642796092394708,0.004174991683291786,0.004174991683291786,0.004762410687409866,0.004436277218068732,0.002563092749871623,0.002563092749871623,0.002563092749871623,0.002563092749871623,0.002563092749871623,0.002229848026709952,0.004925838902043891,0.004925838902043891,0.004925838902043891,0.005757844890041572,0.0053774219349672315,0.0053774219349672315,0.004925838902043882,0.00431727794899622,0.006114645442614715,0.006114645442614715,0.004396968652757618,0.0034399612400916983,0.005248015497944584,0.005009712788396369,0.005009712788396369,0.005009712788396369,0.004629314804110379,0.004629314804110379,0.004001735734514335,0.0034298526045427984,0.0036036247184066303,0.0018066236157232237,0.0018066236157232237,0.0018066236157232237,0.0029884035128401637,0.0029884035128401637,0.0029884035128401637,0.0029884035128401637,0.0029884035128401637,0.0029884035128401637,0.005194815791836216,0.005194815791836216,0.005194815791836216,0.005186788773198458,0.005186788773198458,0.005186788773198458,0.005186788773198458,0.005186788773198458,0.004995831595773935,0.0050069396285999145,0.004650268809434565,0.004650268809434565,0.004650268809434565,0.004650268809434565,0.004650268809434565,0.004953954649233953,0.005051127486897247,0.005562773089426205,0.005769893124371234,0.005134307266916438,0.005134307266916438,0.005134307266916438,0.005134307266916438,0.005134307266916438,0.005134307266916438,0.004506168611531936,0.0045765100725820166,0.0045765100725820166,0.0045765100725820166,0.004268749491621915

mean_time: , 12521.6194378376
best_solution: , 0.82875
worst_solution: , 0.8404166666666667
mean_solution: , 0.8365833333333335
std_solution: , 0.004268749491621915



solutions runs are : 



0.8370833333333333

0.82875

0.8404166666666667

0.83625

0.8404166666666667

