# Scenario 20
Mean curve: 0.6707820426669973,0.6894516983998229,0.7032576256983922,0.7224880831432415,0.7330603489125717,0.7463096757418307,0.7632523707410767,0.769243017073309,0.7800977224201778,0.7875459081333388,0.7999647099932672,0.8050032026257095,0.8117773531387782,0.8183634421394805,0.8259150999909591,0.8267686648712698,0.831568278325217,0.8399397674921627,0.8452981697102325,0.8537631550731811,0.860018972420546,0.8605546484953239,0.8712154619299168,0.8751825706215139,0.8751825706215139,0.8756225156753927,0.8765256145796206,0.8827463652565408,0.883167168807104,0.8844727389700635,0.8858781154425548,0.8858781154425548,0.8899464911336061,0.8905447913866699,0.8905447913866699,0.8918954162048861,0.89431004655135,0.8945719928608483,0.8953333671299388,0.8953333671299388,0.8953333671299388,0.8953333671299388,0.8958811216980248,0.902263013038662,0.9031723394811394,0.9031723394811394,0.9063703010014628,0.9063703010014628,0.9063720157202851,0.9063720157202851,0.9063720157202851,0.9075143735948247,0.9078636754064571,0.9086030718538524,0.9093706958891381,0.9114212106212796,0.9120917033324858,0.9127776500070588,0.9139130849443571,0.9139130849443571,0.9139130849443571,0.9139130849443571,0.9139130849443571,0.9142237343958666,0.9142237343958666,0.9142237343958666,0.9142237343958666,0.9142237343958666,0.9142237343958666,0.9142237343958666,0.9142237343958666,0.9142237343958666,0.9142237343958666,0.9142237343958666,0.9142237343958666,0.9142237343958666,0.9142237343958666,0.9142237343958666,0.9142237343958666,0.916681510914367,0.916681510914367,0.916681510914367,0.916681510914367,0.916681510914367,0.916681510914367,0.916681510914367,0.916681510914367,0.916681510914367,0.916681510914367,0.916681510914367,0.9172553136354882,0.9172553136354882,0.9172553136354882,0.9172553136354882,0.9172553136354882,0.9172553136354882,0.9185896654589379,0.9187864713039302,0.9187864713039302,0.9199227711508275
Std curve: 0.005484322909291724,0.009975390846504789,0.012864824047697615,0.014157498899935542,0.013022219994297894,0.014720538478426238,0.006768514089871096,0.010919364836742974,0.007910796521175491,0.004328144670935047,0.010873281840236103,0.010911183930605651,0.01003158580689687,0.008003847441614597,0.011610833298674364,0.011289020778277734,0.011866268996832905,0.008469341059229451,0.008546572591746349,0.004486412608421994,0.004064495019761431,0.004929278373324603,0.011442049460814433,0.01264267121637741,0.01264267121637741,0.012571819701671361,0.012264485800975444,0.011553722240914001,0.010978489497853036,0.011123658531938847,0.012241435057965442,0.012241435057965442,0.008744812468504986,0.009355068037861352,0.009355068037861352,0.007951386015067745,0.008132956659739567,0.008389340136686194,0.0070616050160524045,0.0070616050160524045,0.0070616050160524045,0.0070616050160524045,0.006785915616303028,0.010078080370929998,0.008606350662880626,0.008606350662880626,0.006301424944611431,0.006301424944611431,0.0063027222128777555,0.0063027222128777555,0.0063027222128777555,0.008225654759282764,0.007937818813500221,0.009088806645410884,0.008674972453738442,0.007441807382225143,0.007458955843102495,0.007753217658572286,0.00659377307699245,0.00659377307699245,0.00659377307699245,0.00659377307699245,0.00659377307699245,0.00713917137719256,0.00713917137719256,0.00713917137719256,0.00713917137719256,0.00713917137719256,0.00713917137719256,0.00713917137719256,0.00713917137719256,0.00713917137719256,0.00713917137719256,0.00713917137719256,0.00713917137719256,0.00713917137719256,0.00713917137719256,0.00713917137719256,0.00713917137719256,0.006982740468217017,0.006982740468217017,0.006982740468217017,0.006982740468217017,0.006982740468217017,0.006982740468217017,0.006982740468217017,0.006982740468217017,0.006982740468217017,0.006982740468217017,0.006982740468217017,0.006437073004968779,0.006437073004968779,0.006437073004968779,0.006437073004968779,0.006437073004968779,0.006437073004968779,0.006858722758806032,0.0072009826150174405,0.0072009826150174405,0.006439743397109557

mean_time: , 24181.685802698135
best_solution: , 0.9120220190700875
worst_solution: , 0.9314055144586416
mean_solution: , 0.9199227711508275
std_solution: , 0.006439743397109557



solutions runs are : 



0.9314055144586416

0.9211476529716014

0.9120220190700875

0.9174124513618677

0.9176262178919398

