# Scenario 211
Mean curve: 0.7929999999999999,0.804,0.8100000000000002,0.8109999999999999,0.8303333333333333,0.8343333333333334,0.835,0.835,0.8400000000000001,0.8613333333333333,0.8656666666666666,0.868,0.8746666666666666,0.8773333333333333,0.8773333333333333,0.8906666666666666,0.8906666666666666,0.8949999999999999,0.8969999999999999,0.898,0.901,0.9043333333333333,0.9073333333333334,0.9093333333333333,0.9093333333333333,0.9106666666666665,0.9153333333333332,0.9153333333333332,0.9153333333333332,0.9153333333333332,0.9176666666666666,0.9176666666666666,0.9176666666666666,0.9179999999999999,0.9186666666666667,0.9190000000000002,0.9190000000000002,0.9190000000000002,0.9253333333333333,0.9253333333333333,0.9280000000000002,0.9296666666666666,0.9296666666666666,0.9296666666666666,0.9313333333333332,0.9346666666666668,0.9356666666666668,0.9366666666666668,0.9380000000000001,0.9380000000000001,0.9380000000000001,0.9390000000000001,0.9390000000000001,0.9456666666666667,0.9456666666666667,0.9466666666666667,0.9476666666666667,0.9483333333333333,0.9523333333333334,0.9523333333333334,0.9523333333333334,0.9523333333333334,0.9523333333333334,0.953,0.9533333333333334,0.9550000000000001,0.9570000000000001,0.9570000000000001,0.9570000000000001,0.9573333333333334,0.9593333333333334,0.9593333333333334,0.9606666666666668,0.9623333333333333,0.9623333333333333,0.9636666666666667,0.9636666666666667,0.9643333333333335,0.9643333333333335,0.9643333333333335,0.9643333333333335,0.9643333333333335,0.9666666666666668,0.9690000000000001,0.9690000000000001,0.9690000000000001,0.9690000000000001,0.9693333333333334,0.9693333333333334,0.9693333333333334,0.9706666666666667,0.9706666666666667,0.9706666666666667,0.9710000000000001,0.9716666666666667,0.9716666666666667,0.9716666666666667,0.9716666666666667,0.9716666666666667,0.9716666666666667
Std curve: 0.006944222218666574,0.011430952132988184,0.008027729719194845,0.008273115763993883,0.01403962645910181,0.013727506854649343,0.014529663145135607,0.014529663145135607,0.010274023338281637,0.019646882704388496,0.017016332024133614,0.01617267929427759,0.015613384571507159,0.012935738607954834,0.012935738607954834,0.02222611077089287,0.02222611077089287,0.019379255804998167,0.01892675942210451,0.019618585292749537,0.015762120556715865,0.016248076809271934,0.01200000000000001,0.013564659966250548,0.013564659966250548,0.012183777921664715,0.016138291249213604,0.016138291249213604,0.016138291249213604,0.016138291249213604,0.013399834161494505,0.013399834161494505,0.013399834161494505,0.01297005097222915,0.012355835328567103,0.012092238098144708,0.012092238098144708,0.012092238098144708,0.0057154760664940825,0.0057154760664940825,0.007102425250887507,0.006359594676112971,0.006359594676112971,0.006359594676112971,0.008653836657164767,0.010241527663824813,0.00997775303139718,0.009603240193925295,0.009966610925150705,0.009966610925150705,0.009966610925150705,0.008602325267042629,0.008602325267042629,0.01046687897873837,0.01046687897873837,0.009603240193925288,0.00853749898324382,0.009067647005823647,0.008919392106839771,0.008919392106839771,0.008919392106839771,0.008919392106839771,0.008919392106839771,0.008055363982396365,0.008232726023485635,0.00674948557710552,0.008653836657164782,0.008653836657164782,0.008653836657164782,0.008137703743822495,0.007717224601860178,0.007717224601860178,0.006798692684790377,0.004027681991198205,0.004027681991198205,0.002867441755680895,0.002867441755680895,0.0022607766610417625,0.0022607766610417625,0.0022607766610417625,0.0022607766610417625,0.0022607766610417625,0.006749485577105515,0.00654896090146282,0.00654896090146282,0.00654896090146282,0.00654896090146282,0.007118052168020873,0.007118052168020873,0.007118052168020873,0.006110100926607778,0.006110100926607778,0.006110100926607778,0.00601849002842259,0.005270462766947301,0.005270462766947301,0.005270462766947301,0.005270462766947301,0.005270462766947301,0.005270462766947301

mean_time: , 3788.1123192310333
best_solution: , 0.9666666666666667
worst_solution: , 0.9816666666666667
mean_solution: , 0.9716666666666667
std_solution: , 0.005270462766947301



solutions runs are : 



0.9666666666666667

0.9816666666666667

0.9683333333333334

0.97

0.9716666666666667

