# Scenario 18
Mean curve: 0.8015000000000001,0.8320000000000001,0.8560000000000001,0.8755,0.901,0.9110000000000001,0.9275,0.938,0.9504999999999999,0.959,0.967,0.9730000000000001,0.978,0.984,0.9869999999999999,0.991,0.9949999999999999,0.9949999999999999,0.9970000000000001,0.999,0.999,0.9995,0.9995,0.9995,0.9995,0.9995,0.9995,0.9995,1.0,1.0,1.0,1.0,1.0,1.0,1.0,1.0,1.0,1.0,1.0,1.0,1.0,1.0,1.0,1.0,1.0,1.0,1.0,1.0,1.0,1.0,1.0,1.0,1.0,1.0,1.0,1.0,1.0,1.0,1.0,1.0,1.0,1.0,1.0,1.0,1.0,1.0,1.0,1.0,1.0,1.0,1.0,1.0,1.0,1.0,1.0,1.0,1.0,1.0,1.0,1.0,1.0,1.0,1.0,1.0,1.0,1.0,1.0,1.0,1.0,1.0,1.0,1.0,1.0,1.0,1.0,1.0,1.0,1.0,1.0,1.0
Std curve: 0.013285330255586428,0.01720465053408524,0.006442049363362574,0.016077935190813533,0.012308533625091189,0.011135528725660055,0.0109544511501033,0.01391042774324354,0.00556776436283003,0.006633249580710806,0.008860022573334691,0.012389511693363886,0.015116216457831004,0.008154753215150055,0.00509901951359279,0.0020000000000000018,0.004472135954999583,0.004472135954999583,0.0040000000000000036,0.001224744871391563,0.001224744871391563,0.0009999999999999788,0.0009999999999999788,0.0009999999999999788,0.0009999999999999788,0.0009999999999999788,0.0009999999999999788,0.0009999999999999788,0.0,0.0,0.0,0.0,0.0,0.0,0.0,0.0,0.0,0.0,0.0,0.0,0.0,0.0,0.0,0.0,0.0,0.0,0.0,0.0,0.0,0.0,0.0,0.0,0.0,0.0,0.0,0.0,0.0,0.0,0.0,0.0,0.0,0.0,0.0,0.0,0.0,0.0,0.0,0.0,0.0,0.0,0.0,0.0,0.0,0.0,0.0,0.0,0.0,0.0,0.0,0.0,0.0,0.0,0.0,0.0,0.0,0.0,0.0,0.0,0.0,0.0,0.0,0.0,0.0,0.0,0.0,0.0,0.0,0.0,0.0,0.0

mean_time: , 3535.7693764686583
best_solution: , 1.0
worst_solution: , 1.0
mean_solution: , 1.0
std_solution: , 0.0



solutions runs are : 



1.0

1.0

1.0

1.0

1.0

