# Scenario 213
Mean curve: 0.7766666666666667,0.789,0.8113333333333334,0.8200000000000001,0.825,0.8263333333333334,0.8300000000000001,0.8300000000000001,0.8390000000000001,0.8440000000000001,0.8463333333333333,0.85,0.8646666666666667,0.8703333333333333,0.8703333333333333,0.8703333333333333,0.8706666666666667,0.875,0.881,0.8813333333333333,0.8879999999999999,0.892,0.8939999999999999,0.8956666666666667,0.8993333333333332,0.9009999999999998,0.9036666666666665,0.9086666666666666,0.9086666666666666,0.9146666666666666,0.9146666666666666,0.916,0.9166666666666666,0.9166666666666666,0.917,0.9173333333333333,0.9179999999999999,0.9206666666666667,0.9223333333333332,0.9260000000000002,0.9313333333333332,0.9313333333333332,0.9313333333333332,0.9353333333333333,0.9353333333333333,0.9353333333333333,0.9353333333333333,0.9366666666666668,0.9386666666666666,0.9386666666666666,0.9386666666666666,0.9396666666666667,0.9443333333333334,0.9489999999999998,0.9510000000000002,0.9510000000000002,0.9523333333333334,0.9553333333333335,0.9553333333333335,0.9576666666666667,0.958,0.958,0.958,0.9603333333333334,0.9603333333333334,0.9603333333333334,0.9603333333333334,0.9603333333333334,0.9603333333333334,0.9603333333333334,0.9603333333333334,0.9603333333333334,0.9603333333333334,0.962,0.962,0.9630000000000001,0.9630000000000001,0.9633333333333333,0.9653333333333334,0.9693333333333334,0.9693333333333334,0.9693333333333334,0.9693333333333334,0.9700000000000001,0.9700000000000001,0.9700000000000001,0.9700000000000001,0.9700000000000001,0.9700000000000001,0.9713333333333333,0.9713333333333333,0.9713333333333333,0.9713333333333333,0.9713333333333333,0.9713333333333333,0.9713333333333333,0.9713333333333333,0.9720000000000001,0.9720000000000001,0.9720000000000001
Std curve: 0.012605113600792688,0.015369522511197995,0.020773915267843862,0.01016530045465128,0.0075277265270908365,0.006782329983125304,0.0040824829046386705,0.0040824829046386705,0.009345230512584138,0.007348469228349527,0.00476095228569525,0.006411794687223786,0.015613384571507136,0.012083045973594551,0.012083045973594551,0.012083045973594551,0.011623730516108462,0.00924962461700777,0.012229290885229418,0.012265579661982723,0.014506703431325955,0.012265579661982731,0.009921917377424809,0.012092238098144697,0.00847217668475923,0.00946337971105225,0.007102425250887493,0.016746475582773958,0.016746475582773958,0.015362291495737222,0.015362291495737222,0.01443760521847181,0.014375905768565215,0.014375905768565215,0.0143913554299486,0.014437605218471811,0.013597385369580769,0.011234866364235136,0.010883218478209666,0.008339997335464524,0.007257180352359086,0.007257180352359086,0.007257180352359086,0.006944222218666535,0.006944222218666535,0.006944222218666535,0.006944222218666535,0.00849836585598797,0.007986099033807292,0.007986099033807292,0.007986099033807292,0.009333333333333334,0.010728984626287378,0.00853749898324378,0.010934146311237802,0.010934146311237802,0.010306416555826857,0.011323525167641995,0.011323525167641995,0.0074236858171066915,0.006944222218666536,0.006944222218666536,0.006944222218666536,0.010509255180289636,0.010509255180289636,0.010509255180289636,0.010509255180289636,0.010509255180289636,0.010509255180289636,0.010509255180289636,0.010509255180289636,0.010509255180289636,0.010509255180289636,0.009910712498212345,0.009910712498212345,0.01007747763855399,0.01007747763855399,0.009603240193925318,0.009030811456096077,0.004784233364802465,0.004784233364802465,0.004784233364802465,0.004784233364802465,0.004346134936801782,0.004346134936801782,0.004346134936801782,0.004346134936801782,0.004346134936801782,0.004346134936801782,0.004136557881996969,0.004136557881996969,0.004136557881996969,0.004136557881996969,0.004136557881996969,0.004136557881996969,0.004136557881996969,0.004136557881996969,0.003858612300930097,0.003858612300930097,0.003858612300930097

mean_time: , 3787.7071725845335
best_solution: , 0.9666666666666667
worst_solution: , 0.9783333333333334
mean_solution: , 0.9720000000000001
std_solution: , 0.003858612300930097



solutions runs are : 



0.9783333333333334

0.9666666666666667

0.9716666666666667

0.9733333333333334

0.97

