# Scenario 226
Mean curve: 0.7548333333333332,0.7583333333333333,0.76325,0.7634166666666667,0.7683333333333333,0.7729166666666667,0.7748333333333334,0.7784166666666665,0.7825833333333334,0.7858333333333333,0.7905833333333333,0.79075,0.7910833333333334,0.7936666666666667,0.7971666666666667,0.7995833333333333,0.8000833333333335,0.80275,0.8044166666666668,0.8044166666666668,0.81075,0.8115833333333333,0.81175,0.8120833333333334,0.8150833333333333,0.8150833333333333,0.8179166666666667,0.8179166666666667,0.8185,0.8195,0.82,0.8239999999999998,0.8254166666666667,0.8254166666666667,0.8254166666666667,0.8260833333333333,0.8291666666666666,0.8296666666666666,0.8317499999999999,0.8323333333333333,0.8333333333333333,0.8333333333333333,0.8334166666666667,0.8334166666666667,0.8334166666666667,0.8339166666666668,0.8339166666666668,0.8339166666666668,0.8345833333333333,0.8381666666666666,0.8381666666666666,0.8402499999999999,0.8421666666666667,0.8434166666666666,0.8459166666666667,0.8468333333333333,0.8468333333333333,0.8468333333333333,0.8468333333333333,0.8468333333333333,0.8472500000000001,0.8487500000000001,0.84925,0.84925,0.8495000000000001,0.85075,0.85075,0.85125,0.85125,0.85125,0.8534166666666667,0.8579166666666665,0.8579166666666665,0.8583333333333332,0.85975,0.85975,0.8600833333333334,0.86025,0.8613333333333333,0.8613333333333333,0.8640000000000001,0.8640000000000001,0.8646666666666667,0.8668333333333333,0.8668333333333333,0.8676666666666668,0.8682500000000001,0.86875,0.86875,0.8690833333333334,0.8701666666666666,0.8708333333333333,0.8713333333333333,0.8713333333333333,0.8713333333333333,0.8713333333333333,0.8714999999999999,0.8720833333333333,0.87375,0.87375
Std curve: 0.016642899720634964,0.014203383790882762,0.010984205832820936,0.01104095909682566,0.013003738778606042,0.01039163659444996,0.01001595948696104,0.0076075620273514995,0.010617726268420728,0.008712220025790104,0.004146618434874925,0.004000000000000011,0.003922867431979953,0.006761820925033617,0.005312459150169756,0.007350359023733313,0.006863753427324652,0.006633249580710783,0.006087327455916564,0.006087327455916564,0.002273030282830984,0.003500000000000001,0.0034399612400917235,0.0031291638925864413,0.0037583240945932377,0.0037583240945932377,0.0012638125740085844,0.0012638125740085844,0.0021015867021530864,0.0025331140255951063,0.0022360679774997916,0.009255628917943194,0.008535058419379566,0.008535058419379566,0.008535058419379566,0.00831080287604298,0.007080881928749319,0.006823163163486227,0.0072905951593664545,0.007343742612289412,0.008262196371963616,0.008262196371963616,0.00815390158826504,0.00815390158826504,0.00815390158826504,0.007934628745778424,0.007934628745778424,0.007934628745778424,0.007307720422797923,0.005753018531364421,0.005753018531364421,0.008277311694559355,0.0077387911774959356,0.008119763269674535,0.01074773878026857,0.010719271326810319,0.010719271326810319,0.010719271326810319,0.010719271326810319,0.010719271326810319,0.010026354161796692,0.007763876465901392,0.007547994582816175,0.007547994582816175,0.007366402710203201,0.0069392202571887,0.0069392202571887,0.007163759100112507,0.007163759100112507,0.007163759100112507,0.004211426256164424,0.012864140511946788,0.012864140511946788,0.012646365310062612,0.012049089407733478,0.012049089407733478,0.011947221899299885,0.011816302298096474,0.01117226227961214,0.01117226227961214,0.01644983958044034,0.01644983958044034,0.016204851811177468,0.015130451267412843,0.015130451267412843,0.014678499014999208,0.014282370640447283,0.014070753750638603,0.014070753750638603,0.014081607389309886,0.013513367867083,0.013133925536563696,0.012932517156377563,0.012932517156377563,0.012932517156377563,0.012932517156377563,0.012838743448380506,0.01400148801615981,0.013450010326307492,0.013450010326307492

mean_time: , 7684.499240398407
best_solution: , 0.86375
worst_solution: , 0.9
mean_solution: , 0.87375
std_solution: , 0.013450010326307492



solutions runs are : 



0.8725

0.8670833333333333

0.8654166666666666

0.86375

0.9

