# Scenario 104
Mean curve: 0.6738409180611793,0.6738409180611793,0.6825349355358206,0.693547748009533,0.6980365531801658,0.6980365531801658,0.7045497563146461,0.7057231355458568,0.7100725500657631,0.7100725500657631,0.71258431880704,0.71258431880704,0.71258431880704,0.7178537500141235,0.7178537500141235,0.7255052500390823,0.7255052500390823,0.7255052500390823,0.7283765522776185,0.7315841971733091,0.7315841971733091,0.7315841971733091,0.7315841971733091,0.7315841971733091,0.7315841971733091,0.741734598585975,0.741734598585975,0.741734598585975,0.741734598585975,0.741734598585975,0.741734598585975,0.741734598585975,0.7477965669839539,0.7477965669839539,0.7477965669839539,0.7477965669839539,0.7477965669839539,0.7477965669839539,0.7477965669839539,0.7477965669839539,0.7477965669839539,0.7487502799376669,0.7487502799376669,0.7487502799376669,0.7487502799376669,0.7501799658124328,0.7501799658124328,0.7501799658124328,0.7501799658124328,0.7501799658124328,0.7501799658124328,0.7501799658124328,0.7501799658124328,0.7501799658124328,0.752614060020112,0.752614060020112,0.752614060020112,0.752614060020112,0.752614060020112,0.752614060020112,0.752614060020112,0.752614060020112,0.752614060020112,0.7570595356407273,0.7570595356407273,0.7570595356407273,0.7570595356407273,0.7570595356407273,0.7572629010755679,0.7572629010755679,0.7572629010755679,0.7572629010755679,0.7572629010755679,0.7572629010755679,0.7572629010755679,0.7572629010755679,0.7572629010755679,0.7667660548559445,0.7667660548559445,0.7667660548559445,0.7667660548559445,0.7667660548559445,0.7667660548559445,0.7716060222468636,0.7754439668000979,0.7754439668000979,0.7754439668000979,0.7754439668000979,0.7754439668000979,0.7754439668000979,0.7754439668000979,0.7754439668000979,0.7754439668000979,0.7754439668000979,0.7763424011170759,0.7763424011170759,0.7763424011170759,0.7763424011170759,0.7763424011170759,0.7763424011170759
Std curve: 0.018732348362645816,0.018732348362645816,0.017373454035659666,0.02488374618008799,0.022806907719058238,0.022806907719058238,0.02594773645849597,0.024053693314114652,0.017989366359842232,0.017989366359842232,0.015662443504806115,0.015662443504806115,0.015662443504806115,0.023084110268964012,0.023084110268964012,0.020793001431089406,0.020793001431089406,0.020793001431089406,0.0181613045017178,0.014278560985405229,0.014278560985405229,0.014278560985405229,0.014278560985405229,0.014278560985405229,0.014278560985405229,0.02566968560274668,0.02566968560274668,0.02566968560274668,0.02566968560274668,0.02566968560274668,0.02566968560274668,0.02566968560274668,0.022297066162044115,0.022297066162044115,0.022297066162044115,0.022297066162044115,0.022297066162044115,0.022297066162044115,0.022297066162044115,0.022297066162044115,0.022297066162044115,0.021059054309696318,0.021059054309696318,0.021059054309696318,0.021059054309696318,0.020252580188187836,0.020252580188187836,0.020252580188187836,0.020252580188187836,0.020252580188187836,0.020252580188187836,0.020252580188187836,0.020252580188187836,0.020252580188187836,0.017297401018936,0.017297401018936,0.017297401018936,0.017297401018936,0.017297401018936,0.017297401018936,0.017297401018936,0.017297401018936,0.017297401018936,0.017911092479837472,0.017911092479837472,0.017911092479837472,0.017911092479837472,0.017911092479837472,0.018071503170396488,0.018071503170396488,0.018071503170396488,0.018071503170396488,0.018071503170396488,0.018071503170396488,0.018071503170396488,0.018071503170396488,0.018071503170396488,0.016967506999395685,0.016967506999395685,0.016967506999395685,0.016967506999395685,0.016967506999395685,0.016967506999395685,0.023465282724864832,0.020873939361802894,0.020873939361802894,0.020873939361802894,0.020873939361802894,0.020873939361802894,0.020873939361802894,0.020873939361802894,0.020873939361802894,0.020873939361802894,0.020873939361802894,0.019585587378771512,0.019585587378771512,0.019585587378771512,0.019585587378771512,0.019585587378771512,0.019585587378771512

mean_time: , 6846.425771713257
best_solution: , 0.7491298527443105
worst_solution: , 0.8084269662921348
mean_solution: , 0.7763424011170759
std_solution: , 0.019585587378771512



solutions runs are : 



0.7718608169440242

0.7491298527443105

0.7681511470985155

0.8084269662921348

0.7841432225063939

