# Scenario 55
Mean curve: 0.749,0.7598333333333332,0.7785,0.7911666666666667,0.7995,0.8095000000000001,0.8208333333333334,0.8281666666666666,0.8453333333333333,0.8563333333333333,0.8611666666666669,0.8676666666666668,0.8691666666666666,0.8793333333333333,0.8833333333333334,0.8873333333333333,0.8933333333333333,0.8973333333333334,0.9026666666666665,0.9123333333333333,0.9155,0.916,0.916,0.9165000000000001,0.9173333333333333,0.9211666666666666,0.9258333333333335,0.9271666666666667,0.9279999999999999,0.9286666666666665,0.9313333333333332,0.9321666666666666,0.9324999999999999,0.9326666666666666,0.9334999999999999,0.9344999999999999,0.9355,0.9385,0.9421666666666667,0.9438333333333334,0.944,0.945,0.9488333333333333,0.9496666666666667,0.9496666666666667,0.9498333333333333,0.9505000000000001,0.952,0.9521666666666666,0.9528333333333334,0.9528333333333334,0.9550000000000001,0.9561666666666667,0.9568333333333333,0.9576666666666668,0.9576666666666668,0.9581666666666667,0.9583333333333334,0.9583333333333334,0.9583333333333334,0.9583333333333334,0.9585000000000001,0.9586666666666666,0.9600000000000002,0.9605,0.9605,0.9605,0.9605,0.9605,0.9616666666666667,0.9616666666666667,0.9616666666666667,0.9616666666666667,0.9616666666666667,0.9616666666666667,0.9616666666666667,0.9616666666666667,0.9616666666666667,0.9616666666666667,0.9618333333333334,0.9620000000000001,0.9620000000000001,0.9620000000000001,0.9620000000000001,0.9621666666666668,0.9621666666666668,0.9621666666666668,0.9621666666666668,0.9621666666666668,0.9623333333333335,0.9635000000000001,0.9635000000000001,0.9635000000000001,0.9635000000000001,0.9635000000000001,0.9638333333333333,0.9638333333333333,0.9638333333333333,0.9638333333333333,0.9643333333333333
Std curve: 0.007404953297174342,0.00402768199119822,0.0024944382578492926,0.0024494897427831835,0.004521553322083506,0.0036742346141747403,0.007149203529842423,0.004062019202317967,0.0027182510717166765,0.0061599062041921065,0.008409650541028579,0.009492687243932098,0.010096754153907312,0.006527718675855368,0.007321960878829606,0.011683321445547925,0.009052317076000163,0.010806376718298202,0.009330356668185595,0.012195172086617821,0.009466314547441944,0.00908906546962397,0.00908906546962397,0.009270622656782239,0.008553751613570887,0.007720823214600326,0.007129749878735817,0.005567764362830045,0.00549241901776139,0.00523343948936921,0.004396968652757654,0.004136557881996939,0.00440958551844096,0.004576510072581973,0.00498330546257534,0.006069047152011035,0.005517648452415632,0.007788880963698605,0.005153208277913409,0.005642103626603594,0.00563717817509593,0.005055250296034399,0.005416025603090662,0.004333333333333353,0.004333333333333353,0.00416333199893228,0.004521553322083531,0.004333333333333329,0.0043011626335213065,0.004428443418528793,0.004428443418528793,0.0022973414586817086,0.004034572812303408,0.003922867431979949,0.003704351795148827,0.003704351795148827,0.0029533408577782244,0.002738612787525853,0.002738612787525853,0.002738612787525853,0.002738612787525853,0.002549509756796409,0.0023921166824012324,0.0020412414523193166,0.002273030282830978,0.002273030282830978,0.002273030282830978,0.002273030282830978,0.002273030282830978,0.004149966532662886,0.004149966532662886,0.004149966532662886,0.004149966532662886,0.004149966532662886,0.004149966532662886,0.004149966532662886,0.004149966532662886,0.004149966532662886,0.004149966532662886,0.004027681991198178,0.003929942040850516,0.003929942040850516,0.003929942040850516,0.003929942040850516,0.0038586123009300565,0.0038586123009300565,0.0038586123009300565,0.0038586123009300565,0.0038586123009300565,0.003815174380753179,0.004294699575575031,0.004294699575575031,0.004294699575575031,0.004294699575575031,0.004294699575575031,0.003858612300930082,0.003858612300930082,0.003858612300930082,0.003858612300930082,0.003815174380753208

mean_time: , 6608.260228538513
best_solution: , 0.9591666666666666
worst_solution: , 0.9691666666666666
mean_solution: , 0.9643333333333333
std_solution: , 0.003815174380753208



solutions runs are : 



0.9691666666666666

0.9608333333333333

0.9591666666666666

0.9675

0.965

