# Scenario 150
Mean curve: 0.7796666666666667,0.783888888888889,0.7881111111111112,0.7976666666666666,0.8031111111111111,0.8036666666666668,0.8067777777777778,0.8089999999999999,0.8097777777777779,0.8099999999999999,0.8141111111111112,0.8146666666666669,0.8161111111111111,0.8219999999999998,0.8237777777777779,0.8241111111111111,0.8255555555555555,0.8267777777777777,0.827,0.827,0.8274444444444444,0.8274444444444444,0.829111111111111,0.829111111111111,0.829111111111111,0.829111111111111,0.829111111111111,0.829111111111111,0.829111111111111,0.829111111111111,0.829111111111111,0.8293333333333333,0.8307777777777778,0.8321111111111111,0.8332222222222223,0.8358888888888888,0.8358888888888888,0.8358888888888888,0.8394444444444445,0.8394444444444445,0.8405555555555555,0.8405555555555555,0.8405555555555555,0.8405555555555555,0.8405555555555555,0.8405555555555555,0.8405555555555555,0.8405555555555555,0.8405555555555555,0.8405555555555555,0.8405555555555555,0.8405555555555555,0.8405555555555555,0.8405555555555555,0.8405555555555555,0.8422222222222222,0.8422222222222222,0.8433333333333334,0.8433333333333334,0.8433333333333334,0.8433333333333334,0.8433333333333334,0.8454444444444444,0.8483333333333334,0.8483333333333334,0.8483333333333334,0.8488888888888889,0.8488888888888889,0.8488888888888889,0.8488888888888889,0.8488888888888889,0.8488888888888889,0.8488888888888889,0.8488888888888889,0.8488888888888889,0.8488888888888889,0.8498888888888889,0.8516666666666668,0.8516666666666668,0.851888888888889,0.851888888888889,0.851888888888889,0.8553333333333333,0.8553333333333333,0.8553333333333333,0.8553333333333333,0.8555555555555555,0.8555555555555555,0.8555555555555555,0.8555555555555555,0.8555555555555555,0.8576666666666666,0.8584444444444443,0.8584444444444443,0.8584444444444443,0.8584444444444443,0.8584444444444443,0.8584444444444443,0.8584444444444443,0.8584444444444443
Std curve: 0.00922021397143323,0.004036867138796654,0.010596994682281232,0.009218874894529563,0.00800154306106169,0.008962197702255887,0.0071267189825886985,0.006059376979749317,0.0064463598686045585,0.00615639785653114,0.006764102780099734,0.006071589374361883,0.005030769521187453,0.004297573245736386,0.005180685878610991,0.004669311419877937,0.004634811914358728,0.004809969071536314,0.004951617767812729,0.004951617767812729,0.0051949643233604485,0.0051949643233604485,0.006407942602353891,0.006407942602353891,0.006407942602353891,0.006407942602353891,0.006407942602353891,0.006407942602353891,0.006407942602353891,0.006407942602353891,0.006407942602353891,0.006679617051195176,0.0076222546160633455,0.005390893098092534,0.005413745651146591,0.00837839667622616,0.00837839667622616,0.00837839667622616,0.004855949640758277,0.004855949640758277,0.004855949640758272,0.004855949640758272,0.004855949640758272,0.004855949640758272,0.004855949640758272,0.004855949640758272,0.004855949640758272,0.004855949640758272,0.004855949640758272,0.004855949640758272,0.004855949640758272,0.004855949640758272,0.004855949640758272,0.004855949640758272,0.004855949640758272,0.004021546904634203,0.004021546904634203,0.004727121641373941,0.004727121641373941,0.004727121641373941,0.004727121641373941,0.004727121641373941,0.005873144571734432,0.0051759176439342535,0.0051759176439342535,0.0051759176439342535,0.005351819812796557,0.005351819812796557,0.005351819812796557,0.005351819812796557,0.005351819812796557,0.005351819812796557,0.005351819812796557,0.005351819812796557,0.005351819812796557,0.005351819812796557,0.006698074165822888,0.005317104939557937,0.005317104939557937,0.005335647646019079,0.005335647646019079,0.005335647646019079,0.008378396676226132,0.008378396676226132,0.008378396676226132,0.008378396676226132,0.00851288058194574,0.00851288058194574,0.00851288058194574,0.00851288058194574,0.00851288058194574,0.00886385363341292,0.007661028522639191,0.007661028522639191,0.007661028522639191,0.007661028522639191,0.007661028522639191,0.007661028522639191,0.007661028522639191,0.007661028522639191

mean_time: , 8336.71401090622
best_solution: , 0.8472222222222222
worst_solution: , 0.8683333333333333
mean_solution: , 0.8584444444444443
std_solution: , 0.007661028522639191



solutions runs are : 



0.8683333333333333

0.8611111111111112

0.8633333333333333

0.8522222222222222

0.8472222222222222

