# Scenario 23
Mean curve: 0.6272907851923956,0.6363160702264661,0.6535860587330375,0.6739525853000503,0.6842403985817916,0.6971212681085766,0.7048342594867923,0.7172144193966613,0.7280499423324949,0.7367338884905881,0.7573411725227591,0.7639180927158693,0.766926095266572,0.776674593543351,0.7831527897275933,0.7893786548669073,0.7906734524941615,0.7971437825141445,0.7986320194362843,0.804357983505613,0.8098429182232374,0.8124857457183359,0.8218650040103977,0.8258746723607351,0.8300169268268369,0.8331561277496053,0.8358179183756619,0.8389545933925271,0.8427839580669698,0.8437910474022768,0.845069403643763,0.8463667305629917,0.8492482825040197,0.8515598420804059,0.8524694473835537,0.8538345491193775,0.8539444619030068,0.855933441354763,0.8584532432184273,0.8585711104312692,0.8585743885716457,0.8608935393766146,0.8617653288699388,0.8617653288699388,0.8658918101407943,0.8658918101407943,0.8658918101407943,0.8671284969169102,0.8674967294447982,0.8674967294447982,0.8700697407099692,0.8700697407099692,0.8719829760045459,0.8719829760045459,0.8719829760045459,0.8723415705057823,0.8727296925290144,0.8754908003603843,0.8772450436517492,0.8772460136496394,0.8803662455548433,0.8805183350944847,0.8814537502152419,0.8814537502152419,0.8819394581646313,0.8830066450995794,0.8830066450995794,0.8830066450995794,0.8830066450995794,0.8830066450995794,0.8830066450995794,0.8830066450995794,0.8830066450995794,0.8834757200244011,0.8854635276838506,0.8854635276838506,0.8854635276838506,0.8854635276838506,0.8854635276838506,0.8854635276838506,0.8864878215636768,0.8864878215636768,0.8864878215636768,0.8866454289735234,0.8866454289735234,0.8883543640055256,0.8883543640055256,0.8883543640055256,0.8883543640055256,0.8883543640055256,0.8883543640055256,0.8883543640055256,0.8883543640055256,0.8883543640055256,0.8883543640055256,0.8883543640055256,0.8905729170715144,0.8905729170715144,0.8905729170715144,0.8905729170715144
Std curve: 0.006238934728460433,0.005692559613374531,0.008430900115121697,0.001890861184943486,0.009724029743503544,0.00861337950427192,0.008428350977809236,0.008336007361965991,0.00953021882201346,0.00883862535349015,0.011033011498087306,0.012577148710361918,0.008453825500044521,0.017883245705438523,0.014958322688375991,0.011013115549878808,0.010458573444730052,0.011914077649588602,0.01094268590198066,0.010185667148706508,0.010438709031501023,0.01367197682143998,0.010046771643481533,0.01025915949735846,0.014311733778351125,0.011610784759929474,0.009685640382959429,0.006990380305052364,0.00634614960636911,0.007447408765882827,0.005835705669390967,0.0054916949041606995,0.007419344439812629,0.007813689588049191,0.006613066161610302,0.005886209539393282,0.005944061346265969,0.005917468097553616,0.007948813565780396,0.007960414803124058,0.007960268364282583,0.007585265625744922,0.007932557478837653,0.007932557478837653,0.007665437280748048,0.007665437280748048,0.007665437280748048,0.00853036234509986,0.009033095471545608,0.009033095471545608,0.010635106612074008,0.010635106612074008,0.013906707245769177,0.013906707245769177,0.013906707245769177,0.01349529804565724,0.013079779020324957,0.011171734125205916,0.010649637534543021,0.010649128135496509,0.010837858014396188,0.01066968809378364,0.009462772733204972,0.009462772733204972,0.009809829402610284,0.010842412221266707,0.010842412221266707,0.010842412221266707,0.010842412221266707,0.010842412221266707,0.010842412221266707,0.010842412221266707,0.010842412221266707,0.010322387921401869,0.008913232135503412,0.008913232135503412,0.008913232135503412,0.008913232135503412,0.008913232135503412,0.008913232135503412,0.010171025877705506,0.010171025877705506,0.010171025877705506,0.010000583514107745,0.010000583514107745,0.008688592082455121,0.008688592082455121,0.008688592082455121,0.008688592082455121,0.008688592082455121,0.008688592082455121,0.008688592082455121,0.008688592082455121,0.008688592082455121,0.008688592082455121,0.008688592082455121,0.006858974546834018,0.006858974546834018,0.006858974546834018,0.006858974546834018

mean_time: , 21517.358421659468
best_solution: , 0.8826210826210826
worst_solution: , 0.9002537791018427
mean_solution: , 0.8905729170715144
std_solution: , 0.006858974546834018



solutions runs are : 



0.8845981643160958

0.9002537791018427

0.8967924939995636

0.888599065318987

0.8826210826210826

