# Scenario 315
Mean curve: 0.77,0.7859999999999999,0.793,0.8015000000000001,0.8030000000000002,0.8115,0.8115,0.8154999999999999,0.8174999999999999,0.8200000000000001,0.8240000000000001,0.828,0.8344999999999999,0.8344999999999999,0.8344999999999999,0.8394999999999999,0.8394999999999999,0.8394999999999999,0.842,0.8459999999999999,0.849,0.853,0.858,0.8619999999999999,0.8665,0.8724999999999999,0.8724999999999999,0.8755000000000001,0.8755000000000001,0.877,0.877,0.877,0.877,0.877,0.8809999999999999,0.8809999999999999,0.8809999999999999,0.885,0.8869999999999999,0.889,0.889,0.889,0.889,0.893,0.8935000000000001,0.8935000000000001,0.8935000000000001,0.8995000000000001,0.8995000000000001,0.9005000000000001,0.9005000000000001,0.9005000000000001,0.9025000000000001,0.9025000000000001,0.9045,0.9065,0.9065,0.9084999999999999,0.9084999999999999,0.9105000000000001,0.9105000000000001,0.9105000000000001,0.9105000000000001,0.9125,0.9125,0.9125,0.9145,0.9155,0.9174999999999999,0.9174999999999999,0.9195,0.9215,0.9215,0.9215,0.9255000000000001,0.9255000000000001,0.9255000000000001,0.9255000000000001,0.9255000000000001,0.9255000000000001,0.9255000000000001,0.9275,0.9275,0.9275,0.9295,0.9295,0.9295,0.9295,0.9295,0.9295,0.9295,0.9295,0.9295,0.9315,0.9315,0.9315,0.9315,0.9315,0.9315,0.9334999999999999
Std curve: 0.015247950681976886,0.018547236990991384,0.021817424229271416,0.01640121946685671,0.01536229149573719,0.0164012194668567,0.0164012194668567,0.01791647286716889,0.015329709716755865,0.012649110640673476,0.007999999999999969,0.0040000000000000036,0.007810249675906658,0.007810249675906658,0.007810249675906658,0.008426149773176376,0.008426149773176376,0.008426149773176376,0.007483314773547889,0.01019803902718558,0.01019803902718558,0.007483314773547889,0.00979795897113272,0.00979795897113272,0.0106770782520313,0.009999999999999993,0.009999999999999993,0.009539392014169451,0.009539392014169451,0.007314369419163873,0.007314369419163873,0.007314369419163873,0.007314369419163873,0.007314369419163873,0.00784219357067904,0.00784219357067904,0.00784219357067904,0.004183300132670369,0.006595452979136447,0.00845576726264388,0.00845576726264388,0.00845576726264388,0.00845576726264388,0.009669539802906857,0.009433981132056596,0.009433981132056596,0.009433981132056596,0.013453624047073707,0.013453624047073707,0.012884098726725121,0.012884098726725121,0.012884098726725121,0.009999999999999993,0.009999999999999993,0.01326649916142159,0.013190905958272913,0.013190905958272913,0.011135528725660036,0.011135528725660036,0.012083045973594567,0.012083045973594567,0.012083045973594567,0.012083045973594567,0.01414213562373095,0.01414213562373095,0.01414213562373095,0.012884098726725126,0.011445523142259596,0.014317821063276325,0.014317821063276325,0.016155494421403488,0.015459624833740282,0.015459624833740282,0.015459624833740282,0.020024984394500765,0.020024984394500765,0.020024984394500765,0.020024984394500765,0.020024984394500765,0.020024984394500765,0.020024984394500765,0.018841443681416752,0.018841443681416752,0.018841443681416752,0.021470910553583866,0.021470910553583866,0.021470910553583866,0.021470910553583866,0.021470910553583866,0.021470910553583866,0.021470910553583866,0.021470910553583866,0.021470910553583866,0.02095232683975694,0.02095232683975694,0.02095232683975694,0.02095232683975694,0.02095232683975694,0.02095232683975694,0.02278157149978902

mean_time: , 3621.2981667041777
best_solution: , 0.9
worst_solution: , 0.96
mean_solution: , 0.9334999999999999
std_solution: , 0.02278157149978902



solutions runs are : 



0.9575

0.96

0.92

0.9

0.93

