# Scenario 405
Mean curve: 0.7978333333333334,0.8013333333333333,0.8031666666666668,0.8051666666666668,0.8066666666666666,0.8075000000000001,0.8121666666666666,0.8121666666666666,0.8121666666666666,0.8121666666666666,0.8121666666666666,0.8121666666666666,0.8131666666666668,0.8131666666666668,0.8131666666666668,0.8131666666666668,0.8131666666666668,0.8131666666666668,0.8131666666666668,0.8131666666666668,0.8131666666666668,0.8131666666666668,0.8131666666666668,0.8131666666666668,0.8131666666666668,0.8131666666666668,0.8131666666666668,0.8131666666666668,0.8131666666666668,0.8185,0.8185,0.8185,0.8185,0.8185,0.8185,0.8185,0.8185,0.8185,0.8185,0.8185,0.8185,0.8185,0.8185,0.8185,0.8185,0.8185,0.8185,0.8185,0.8185,0.8185,0.8185,0.8185,0.8185,0.8185,0.8185,0.8185,0.8185,0.8185,0.8185,0.8185,0.8185,0.8185,0.8185,0.8185,0.8261666666666667,0.8261666666666667,0.8261666666666667,0.8261666666666667,0.8261666666666667,0.8261666666666667,0.8261666666666667,0.8261666666666667,0.8261666666666667,0.8261666666666667,0.8261666666666667,0.8261666666666667,0.8261666666666667,0.8261666666666667,0.8306666666666667,0.8306666666666667,0.8306666666666667,0.8306666666666667,0.8306666666666667,0.8306666666666667,0.8306666666666667,0.8306666666666667,0.8306666666666667,0.8321666666666665,0.8321666666666665,0.8321666666666665,0.8321666666666665,0.8321666666666665,0.8321666666666665,0.8321666666666665,0.8321666666666665,0.8321666666666665,0.8321666666666665,0.8321666666666665,0.8321666666666665,0.8321666666666665
Std curve: 0.015702087617751822,0.010036046144883062,0.009300537618869132,0.009478044805408625,0.006770032003863279,0.006666666666666645,0.003858612300930061,0.003858612300930061,0.003858612300930061,0.003858612300930061,0.003858612300930061,0.003858612300930061,0.005587684871413396,0.005587684871413396,0.005587684871413396,0.005587684871413396,0.005587684871413396,0.005587684871413396,0.005587684871413396,0.005587684871413396,0.005587684871413396,0.005587684871413396,0.005587684871413396,0.005587684871413396,0.005587684871413396,0.005587684871413396,0.005587684871413396,0.005587684871413396,0.005587684871413396,0.012827920936595896,0.012827920936595896,0.012827920936595896,0.012827920936595896,0.012827920936595896,0.012827920936595896,0.012827920936595896,0.012827920936595896,0.012827920936595896,0.012827920936595896,0.012827920936595896,0.012827920936595896,0.012827920936595896,0.012827920936595896,0.012827920936595896,0.012827920936595896,0.012827920936595896,0.012827920936595896,0.012827920936595896,0.012827920936595896,0.012827920936595896,0.012827920936595896,0.012827920936595896,0.012827920936595896,0.012827920936595896,0.012827920936595896,0.012827920936595896,0.012827920936595896,0.012827920936595896,0.012827920936595896,0.012827920936595896,0.012827920936595896,0.012827920936595896,0.012827920936595896,0.012827920936595896,0.016017351702311947,0.016017351702311947,0.016017351702311947,0.016017351702311947,0.016017351702311947,0.016017351702311947,0.016017351702311947,0.016017351702311947,0.016017351702311947,0.016017351702311947,0.016017351702311947,0.016017351702311947,0.016017351702311947,0.016017351702311947,0.01766509426964813,0.01766509426964813,0.01766509426964813,0.01766509426964813,0.01766509426964813,0.01766509426964813,0.01766509426964813,0.01766509426964813,0.01766509426964813,0.016095202874010492,0.016095202874010492,0.016095202874010492,0.016095202874010492,0.016095202874010492,0.016095202874010492,0.016095202874010492,0.016095202874010492,0.016095202874010492,0.016095202874010492,0.016095202874010492,0.016095202874010492,0.016095202874010492

mean_time: , 5780.911136054992
best_solution: , 0.8083333333333333
worst_solution: , 0.8475
mean_solution: , 0.8321666666666665
std_solution: , 0.016095202874010492



solutions runs are : 



0.8083333333333333

0.8416666666666667

0.8458333333333333

0.8175

0.8475

