# Scenario 344
Mean curve: 0.5440176221473145,0.5512573487223326,0.5547033964083665,0.5608242008563236,0.5661973720246766,0.5667323001817546,0.5708606506811673,0.5731894940797417,0.5762585356882544,0.5783568354018727,0.5800718042721663,0.5822076528380078,0.5822707624191897,0.5824221585485906,0.5847886810019909,0.5858321369290935,0.5880841442428704,0.5899276792383672,0.5899276792383672,0.590909027032593,0.5921964541140662,0.5921964541140662,0.5921964541140662,0.5921964541140662,0.5921964541140662,0.5952628827831644,0.5952691887553381,0.5979759261644713,0.5979759261644713,0.5979759261644713,0.5979759261644713,0.5979759261644713,0.5980837060461222,0.5983538393901935,0.6009392032574008,0.6017594422749941,0.6017594422749941,0.60362244286802,0.604835744733818,0.6076035500667448,0.610482661545212,0.6113109242011328,0.6113109242011328,0.6113109242011328,0.6119927561545604,0.6122302985923012,0.6132739714472153,0.6136226819210526,0.6145182070418453,0.6174258981885465,0.6177512118285033,0.6192192392203474,0.6204546329673107,0.6210237780451495,0.6218636966868805,0.6233640002499505,0.6233640002499505,0.6235790282935005,0.624745254530581,0.6249583179137064,0.6249895717347083,0.6249895717347083,0.6249895717347083,0.6250315528636979,0.6250315528636979,0.6250315528636979,0.6250315528636979,0.6264323300699223,0.6267324268402268,0.6275490976964061,0.6275490976964061,0.6279398484467195,0.6283316393722018,0.6283316393722018,0.6289673038189297,0.6296375012680289,0.6296498400413056,0.6322403734944063,0.6330224565577307,0.6330224565577307,0.6332366028397413,0.6333561235580645,0.6351115892413557,0.6359607005771739,0.6367936435366668,0.6374225792928939,0.6389947600360519,0.6410560497458709,0.6410560497458709,0.6410943928168722,0.6410943928168722,0.6414683978337742,0.6414683978337742,0.6414683978337742,0.6417313475933712,0.6418924357627741,0.642513748063322,0.6432654559165603,0.6432654559165603,0.644339170723258
Std curve: 0.011098813786172135,0.00951325095147348,0.005607350735716927,0.009343948691216939,0.005912439381641402,0.00525255439510583,0.0068285436633603955,0.007320633944765194,0.007505332356399467,0.009365738553749978,0.009196072980842537,0.008418736991219405,0.008479085063057735,0.008612058732830948,0.008779781191470852,0.010121057148216572,0.011984941830061291,0.010823703697021271,0.010823703697021271,0.011249405988078576,0.011090730808976055,0.011090730808976055,0.011090730808976055,0.011090730808976055,0.011090730808976055,0.008111089104078576,0.00810118154246657,0.008051463604111865,0.008051463604111865,0.008051463604111865,0.008051463604111865,0.008051463604111865,0.00812449886135181,0.008312533663851615,0.01113066018072594,0.011515754539470378,0.011515754539470378,0.011773156578017035,0.011263029356787612,0.007255681326754442,0.0063625500708140775,0.006422283464543439,0.006422283464543439,0.006422283464543439,0.006980822049584229,0.00658444584726373,0.006446557729267579,0.0066160666736361255,0.00512930115604834,0.004079550244804276,0.0035803632978042245,0.0030516252551284766,0.00446335813711051,0.004126360592158979,0.0035605296059057706,0.005302648859420265,0.005302648859420265,0.005533472250042505,0.004442195186343984,0.004401273249954685,0.004439834518682768,0.004439834518682768,0.004439834518682768,0.004405843028702929,0.004405843028702929,0.004405843028702929,0.004405843028702929,0.006136390263691297,0.005966707247885249,0.005475914990150771,0.005475914990150771,0.005918827223651681,0.005735867688048735,0.005735867688048735,0.0064900809419288375,0.005827074288445745,0.005821315524891262,0.008776960382694732,0.0082448312831513,0.0082448312831513,0.008495093048143233,0.008640851865175487,0.008614527132181589,0.008198774294738332,0.007619657999996086,0.008389643126770515,0.008047762807214408,0.0060370375494103404,0.0060370375494103404,0.006005404202329202,0.006005404202329202,0.006642355132934347,0.006642355132934347,0.006642355132934347,0.006523614276325094,0.006373266553005036,0.005877051316608797,0.005850058388480109,0.005850058388480109,0.005871309598857397

mean_time: , 47483.07005443573
best_solution: , 0.6367333551984257
worst_solution: , 0.6535294117647059
mean_solution: , 0.644339170723258
std_solution: , 0.005871309598857397



solutions runs are : 



0.6395942408376963

0.6367333551984257

0.6535294117647059

0.6470471791487957

0.6447916666666667

