# Scenario 258
Mean curve: 0.7431666666666666,0.7543333333333334,0.7568333333333334,0.766,0.7763333333333333,0.7795,0.7851666666666667,0.7898333333333334,0.7898333333333334,0.7926666666666666,0.7943333333333333,0.7943333333333333,0.7953333333333334,0.7975000000000001,0.8013333333333333,0.8019999999999999,0.8046666666666666,0.8056666666666666,0.8089999999999999,0.8089999999999999,0.8089999999999999,0.8098333333333333,0.8105,0.8116666666666668,0.8136666666666666,0.8154999999999999,0.8158333333333333,0.8201666666666666,0.8215,0.8215,0.8233333333333335,0.8246666666666667,0.8246666666666667,0.8248333333333335,0.8258333333333333,0.8283333333333334,0.8299999999999998,0.8299999999999998,0.8326666666666667,0.8326666666666667,0.8326666666666667,0.8326666666666667,0.8365,0.8408333333333333,0.8435,0.8435,0.8435,0.8435,0.8435,0.8448333333333334,0.8448333333333334,0.8458333333333334,0.8461666666666667,0.8461666666666667,0.8465000000000001,0.8465000000000001,0.8465000000000001,0.8466666666666667,0.8466666666666667,0.8466666666666667,0.8466666666666667,0.8480000000000001,0.8483333333333334,0.8485000000000001,0.8488333333333333,0.8488333333333333,0.85,0.8516666666666668,0.8516666666666668,0.8516666666666668,0.8535,0.8535,0.8536666666666667,0.8536666666666667,0.8546666666666667,0.8561666666666667,0.8568333333333333,0.8588333333333333,0.8591666666666666,0.86,0.861,0.861,0.861,0.8618333333333332,0.8629999999999999,0.8629999999999999,0.8639999999999999,0.8639999999999999,0.8639999999999999,0.8639999999999999,0.8639999999999999,0.8639999999999999,0.8639999999999999,0.8639999999999999,0.8649999999999999,0.8649999999999999,0.8649999999999999,0.8649999999999999,0.8649999999999999,0.8649999999999999
Std curve: 0.013968217893171306,0.015797327481430385,0.012342339054382404,0.017538845774768375,0.019675139417831628,0.014772346537440232,0.010780641085864148,0.01107299016124873,0.01107299016124873,0.010184410744968137,0.011321071798494474,0.011321071798494474,0.010255080041943442,0.007817359599705736,0.008891319112232763,0.008106924338010219,0.007199537022151747,0.0084557672626439,0.004755114205895691,0.004755114205895691,0.004755114205895691,0.004027681991198199,0.00371184290855335,0.003205897343611878,0.004034572812303398,0.0031885210782848193,0.003613247231446437,0.008888194417315556,0.007753135566408652,0.007753135566408652,0.008432740427115684,0.01087300428686671,0.01087300428686671,0.01070306290533486,0.009860132971832676,0.010069204977995454,0.008897565210026074,0.008897565210026074,0.007735200923914848,0.007735200923914848,0.007735200923914848,0.007735200923914848,0.011406625754845794,0.01095445115010334,0.007118052168020908,0.007118052168020908,0.007118052168020908,0.007118052168020908,0.007118052168020908,0.005637178175095944,0.005637178175095944,0.0047726070210921505,0.004333333333333355,0.004333333333333355,0.004294699575575061,0.004294699575575061,0.004294699575575061,0.0043140597018482794,0.0043140597018482794,0.0043140597018482794,0.0043140597018482794,0.003188521078284836,0.002738612787525853,0.002549509756796409,0.0025055493963955,0.0025055493963955,0.003248931448269656,0.0030276503540975002,0.0030276503540975002,0.0030276503540975002,0.0011055415967851153,0.0011055415967851153,0.0012472191289246285,0.0012472191289246285,0.0012472191289246285,0.0025603819159561968,0.002603416558635535,0.0029627314724385194,0.0025819888974715917,0.0022973414586816925,0.001615893285805448,0.001615893285805448,0.001615893285805448,0.003045944480416207,0.003519785346990509,0.003519785346990509,0.0034721111093333054,0.0034721111093333054,0.0034721111093333054,0.0034721111093333054,0.0034721111093333054,0.0034721111093333054,0.0034721111093333054,0.0034721111093333054,0.002173067468400899,0.002173067468400899,0.002173067468400899,0.002173067468400899,0.002173067468400899,0.002173067468400899

mean_time: , 6661.176804304123
best_solution: , 0.8616666666666667
worst_solution: , 0.8675
mean_solution: , 0.8649999999999999
std_solution: , 0.002173067468400899



solutions runs are : 



0.8616666666666667

0.8675

0.8666666666666667

0.8658333333333333

0.8633333333333333

