# Scenario 382
Mean curve: 0.5270254683722408,0.529121513913257,0.5330778994270694,0.5347598744252086,0.5365154430685335,0.539478001944475,0.5412155715610781,0.5454612712792032,0.5461813457560545,0.5483246542245733,0.5509926115968715,0.551725815310551,0.5528487362454744,0.5528487362454744,0.5558099028364127,0.5560438658553686,0.5564417586768406,0.5564951140829681,0.5579929006051227,0.5591903670746825,0.5602718123479629,0.562651945809884,0.5636008615569248,0.564931152164821,0.5660947719147862,0.5677903073778835,0.5677903073778835,0.5699703947512804,0.570744535356376,0.5724999491950373,0.5744883883991644,0.574774378677535,0.5770427491360876,0.5773086140737311,0.5780253976725062,0.5781105534163787,0.5787107591921544,0.5791261373111345,0.5791261373111345,0.579611718069134,0.579611718069134,0.579611718069134,0.5805180063086681,0.5833828462784565,0.5838797031499954,0.5838797031499954,0.5838797031499954,0.5845618014170761,0.5848582670862835,0.586615759689678,0.5875680852503409,0.5875868816170734,0.588650040428465,0.5894361011965559,0.5894361011965559,0.5906312808789511,0.5913579101212096,0.5915686074413526,0.5917489558757685,0.5936632030989625,0.5946360535257225,0.5955559943918298,0.5956672637508956,0.5965211752235322,0.5966323821781467,0.5970851472328631,0.5975973322890097,0.5976842237592541,0.5976842237592541,0.5976842237592541,0.5976842237592541,0.5977361080423165,0.5977361080423165,0.5985176032652338,0.5985176032652338,0.5985176032652338,0.5991264091242852,0.5993956232854193,0.6001185304968344,0.6002314103051727,0.6019757876298802,0.6019757876298802,0.6024924239927895,0.6033196197876594,0.603389711883246,0.603389711883246,0.603389711883246,0.603389711883246,0.6046860316214042,0.6046860316214042,0.6049125938395724,0.6054606959377702,0.6057523014766881,0.6063229987155564,0.6064225878912495,0.60724821233899,0.6073913525537437,0.6081701944365927,0.608242243587496,0.6082448056859147
Std curve: 0.004187754783794546,0.005007438779446764,0.005199322898143977,0.00696937779000941,0.007672648714891375,0.0061810249503752145,0.004645268432641831,0.006954032107192761,0.00736818703763135,0.0069760501469754614,0.006270219215044208,0.005489438800913452,0.005184913748824299,0.005184913748824299,0.006078381072640645,0.005884270525868666,0.005497981809464157,0.005452936528357611,0.004984917835441407,0.006315126681262748,0.006208272179306882,0.00898827991701994,0.009156648197313003,0.010349961455880173,0.009672625115748849,0.009470502565076276,0.009470502565076276,0.007620676062321358,0.008124952626221179,0.008902931596762911,0.008899055445356036,0.009132429663141125,0.009256905250532431,0.008949405449978338,0.00813566734020686,0.008239723198345813,0.007845663696526818,0.007538148348265522,0.007538148348265522,0.008164701264378023,0.008164701264378023,0.008164701264378023,0.008949425953797172,0.00859070906088493,0.0077638151324275475,0.0077638151324275475,0.0077638151324275475,0.008638092688499676,0.008641452565011639,0.006871662999619166,0.00646452925091866,0.006461887231526139,0.005086074063978388,0.0050298287138839486,0.0050298287138839486,0.00607122473941641,0.005144574853506688,0.005094969794025236,0.005284303474295315,0.004378522979388233,0.005875481974994862,0.005786950916525637,0.005703347591864775,0.005328123128530322,0.005388974554065272,0.005071224580567867,0.0050134231529467225,0.005054218983434729,0.005054218983434729,0.005054218983434729,0.005054218983434729,0.0050569123195983055,0.0050569123195983055,0.005346744486769491,0.005346744486769491,0.005346744486769491,0.005693259664945702,0.0058806610661946345,0.0060325527657966544,0.005942628548239196,0.004218698800200742,0.004218698800200742,0.0037335876768639373,0.00436811090460881,0.004362892352411015,0.004362892352411015,0.004362892352411015,0.004362892352411015,0.00445613382545702,0.00445613382545702,0.004460437750016479,0.0051421480777064784,0.005007303763979046,0.005798141359776593,0.005821626772488102,0.004591289809163709,0.004406073154237779,0.0047723449125615415,0.004733299492051064,0.004729844479459064

mean_time: , 108614.99747452736
best_solution: , 0.6018693628164097
worst_solution: , 0.6152261887556005
mean_solution: , 0.6082448056859147
std_solution: , 0.004729844479459064



solutions runs are : 



0.6018693628164097

0.6118860796280151

0.6058106565526383

0.6064317406769095

0.6152261887556005

