# Scenario 483
Mean curve: 0.49099526611860905,0.4933249045589889,0.4933249045589889,0.49341834585664684,0.4946641233804038,0.49614351641796495,0.49614351641796495,0.49616551000027426,0.4963298870312247,0.4964320093827985,0.49672469803190067,0.497935693354953,0.4984113545447649,0.4993303167851633,0.4995621941366413,0.5001965429441131,0.5001965429441131,0.5001965429441131,0.5001965429441131,0.5001965429441131,0.5001965429441131,0.5001965429441131,0.5004327280083292,0.5004327280083292,0.5016366589382321,0.5022378173378131,0.5022378173378131,0.5022378173378131,0.5022378173378131,0.5022378173378131,0.5022378173378131,0.5045788720445652,0.5053733693916312,0.5053733693916312,0.5053733693916312,0.5053733693916312,0.5053733693916312,0.5053733693916312,0.5053733693916312,0.5053733693916312,0.5053733693916312,0.5053733693916312,0.5053733693916312,0.5057947485292196,0.5057947485292196,0.5057947485292196,0.5057947485292196,0.5057947485292196,0.5057947485292196,0.5057947485292196,0.5057947485292196,0.5057947485292196,0.5057947485292196,0.5057947485292196,0.5057947485292196,0.5057947485292196,0.5057947485292196,0.5057947485292196,0.5057947485292196,0.5057947485292196,0.5057947485292196,0.5057947485292196,0.5057947485292196,0.5057947485292196,0.5057947485292196,0.5083378780162859,0.5083378780162859,0.5083378780162859,0.5083378780162859,0.5083378780162859,0.5083378780162859,0.5083378780162859,0.5083378780162859,0.5083378780162859,0.5083378780162859,0.5083378780162859,0.5083378780162859,0.5083378780162859,0.5083378780162859,0.5083378780162859,0.5083378780162859,0.5083378780162859,0.5083378780162859,0.5083625329991207,0.5083625329991207,0.5083625329991207,0.5083625329991207,0.5083625329991207,0.5083625329991207,0.5083625329991207,0.5087202702779292,0.5087202702779292,0.5087202702779292,0.5087202702779292,0.5087202702779292,0.5087202702779292,0.5087202702779292,0.5087202702779292,0.5087202702779292,0.5087202702779292
Std curve: 0.005501015177365199,0.005303368757788535,0.005303368757788535,0.00527844678630748,0.00426480211808738,0.0044310960684468,0.0044310960684468,0.004439883113172007,0.00434393547611512,0.004387350514192825,0.0039020206748209985,0.0034983870532764552,0.003080592288443052,0.004478720816053332,0.0044592973094088025,0.004192390877011145,0.004192390877011145,0.004192390877011145,0.004192390877011145,0.004192390877011145,0.004192390877011145,0.004192390877011145,0.003841698828330955,0.003841698828330955,0.0034774272967869153,0.003899502406528711,0.003899502406528711,0.003899502406528711,0.003899502406528711,0.003899502406528711,0.003899502406528711,0.005162418227485078,0.005673057699448637,0.005673057699448637,0.005673057699448637,0.005673057699448637,0.005673057699448637,0.005673057699448637,0.005673057699448637,0.005673057699448637,0.005673057699448637,0.005673057699448637,0.005673057699448637,0.005065640383219874,0.005065640383219874,0.005065640383219874,0.005065640383219874,0.005065640383219874,0.005065640383219874,0.005065640383219874,0.005065640383219874,0.005065640383219874,0.005065640383219874,0.005065640383219874,0.005065640383219874,0.005065640383219874,0.005065640383219874,0.005065640383219874,0.005065640383219874,0.005065640383219874,0.005065640383219874,0.005065640383219874,0.005065640383219874,0.005065640383219874,0.005065640383219874,0.005213703676798394,0.005213703676798394,0.005213703676798394,0.005213703676798394,0.005213703676798394,0.005213703676798394,0.005213703676798394,0.005213703676798394,0.005213703676798394,0.005213703676798394,0.005213703676798394,0.005213703676798394,0.005213703676798394,0.005213703676798394,0.005213703676798394,0.005213703676798394,0.005213703676798394,0.005213703676798394,0.005169104146622051,0.005169104146622051,0.005169104146622051,0.005169104146622051,0.005169104146622051,0.005169104146622051,0.005169104146622051,0.0045329705794991985,0.0045329705794991985,0.0045329705794991985,0.0045329705794991985,0.0045329705794991985,0.0045329705794991985,0.0045329705794991985,0.0045329705794991985,0.0045329705794991985,0.0045329705794991985

mean_time: , 92166.84679088593
best_solution: , 0.5008095605242868
worst_solution: , 0.513723373333887
mean_solution: , 0.5087202702779292
std_solution: , 0.0045329705794991985



solutions runs are : 



0.5104444535642467

0.5008095605242868

0.513723373333887

0.5117052735337605

0.5069186904334649

