# Scenario 183
Mean curve: 0.49459469566415315,0.49459469566415315,0.49459469566415315,0.49459469566415315,0.49459469566415315,0.49459469566415315,0.49459469566415315,0.49459469566415315,0.49459469566415315,0.49459469566415315,0.49459469566415315,0.49459469566415315,0.49459469566415315,0.49459469566415315,0.49459469566415315,0.49682979004211203,0.49682979004211203,0.49682979004211203,0.49685521872423594,0.49685521872423594,0.49685521872423594,0.49685521872423594,0.49685521872423594,0.49685521872423594,0.49685521872423594,0.49685521872423594,0.49685521872423594,0.49685521872423594,0.49685521872423594,0.49685521872423594,0.49685521872423594,0.49685521872423594,0.49685521872423594,0.49685521872423594,0.49685521872423594,0.49685521872423594,0.49685521872423594,0.49685521872423594,0.4991557132663167,0.4991557132663167,0.4991557132663167,0.4991557132663167,0.4991557132663167,0.4991557132663167,0.5015583267923135,0.5018053751105723,0.5018053751105723,0.5018053751105723,0.5018053751105723,0.5018053751105723,0.5018053751105723,0.5018053751105723,0.5018053751105723,0.5044251373536467,0.5044251373536467,0.5044251373536467,0.5044251373536467,0.5044251373536467,0.5044251373536467,0.5044251373536467,0.5044251373536467,0.5046866033074625,0.5083933045301429,0.5083933045301429,0.5089990015407921,0.5090797169743417,0.5090797169743417,0.5090797169743417,0.5090797169743417,0.5090797169743417,0.5090797169743417,0.5096193543878512,0.5096193543878512,0.5096193543878512,0.5096193543878512,0.5096193543878512,0.5098400293747577,0.5108463942306505,0.5108463942306505,0.5108463942306505,0.5120804883799235,0.5120804883799235,0.5120804883799235,0.5120804883799235,0.5120804883799235,0.5120804883799235,0.5120804883799235,0.5120804883799235,0.5120804883799235,0.5152613048238234,0.5152613048238234,0.515499266086105,0.515499266086105,0.515499266086105,0.5161293298957419,0.5161293298957419,0.5161293298957419,0.5161293298957419,0.5161293298957419,0.5161293298957419
Std curve: 0.004330521321758194,0.004330521321758194,0.004330521321758194,0.004330521321758194,0.004330521321758194,0.004330521321758194,0.004330521321758194,0.004330521321758194,0.004330521321758194,0.004330521321758194,0.004330521321758194,0.004330521321758194,0.004330521321758194,0.004330521321758194,0.004330521321758194,0.0037825567497516356,0.0037825567497516356,0.0037825567497516356,0.0037645769651262176,0.0037645769651262176,0.0037645769651262176,0.0037645769651262176,0.0037645769651262176,0.0037645769651262176,0.0037645769651262176,0.0037645769651262176,0.0037645769651262176,0.0037645769651262176,0.0037645769651262176,0.0037645769651262176,0.0037645769651262176,0.0037645769651262176,0.0037645769651262176,0.0037645769651262176,0.0037645769651262176,0.0037645769651262176,0.0037645769651262176,0.0037645769651262176,0.004826897188282401,0.004826897188282401,0.004826897188282401,0.004826897188282401,0.004826897188282401,0.004826897188282401,0.0035985933848066303,0.003906449301009901,0.003906449301009901,0.003906449301009901,0.003906449301009901,0.003906449301009901,0.003906449301009901,0.003906449301009901,0.003906449301009901,0.005903738620695286,0.005903738620695286,0.005903738620695286,0.005903738620695286,0.005903738620695286,0.005903738620695286,0.005903738620695286,0.005903738620695286,0.006038320880960977,0.004728093785125228,0.004728093785125228,0.0048671007551333014,0.004907955650481209,0.004907955650481209,0.004907955650481209,0.004907955650481209,0.004907955650481209,0.004907955650481209,0.0044717929414594924,0.0044717929414594924,0.0044717929414594924,0.0044717929414594924,0.0044717929414594924,0.004595284835809395,0.005686966009862914,0.005686966009862914,0.005686966009862914,0.006580334223798097,0.006580334223798097,0.006580334223798097,0.006580334223798097,0.006580334223798097,0.006580334223798097,0.006580334223798097,0.006580334223798097,0.006580334223798097,0.011144649894220282,0.011144649894220282,0.011234044349476151,0.011234044349476151,0.011234044349476151,0.010815064597007542,0.010815064597007542,0.010815064597007542,0.010815064597007542,0.010815064597007542,0.010815064597007542

mean_time: , 113787.96768360138
best_solution: , 0.5021655735676278
worst_solution: , 0.5343401793687153
mean_solution: , 0.5161293298957419
std_solution: , 0.010815064597007542



solutions runs are : 



0.5139038764837719

0.5343401793687153

0.5100583506753172

0.5021655735676278

0.5201786693832772

