# Scenario 25
Mean curve: 0.7543333333333333,0.77525,0.7941666666666667,0.8110833333333332,0.8238333333333333,0.8344166666666666,0.8460000000000001,0.8550833333333333,0.8639166666666667,0.8747499999999999,0.8808333333333334,0.8909166666666668,0.8969166666666666,0.8995,0.9060833333333334,0.9113333333333333,0.9160833333333332,0.9214166666666668,0.9236666666666666,0.92775,0.9338333333333333,0.9395833333333332,0.9418333333333333,0.94375,0.9460000000000001,0.9495000000000001,0.95175,0.9525833333333334,0.9545833333333335,0.9550833333333335,0.96,0.96,0.96,0.96,0.96,0.9626666666666667,0.9626666666666667,0.9626666666666667,0.9626666666666667,0.9629166666666666,0.9648333333333333,0.9648333333333333,0.9661666666666665,0.9663333333333333,0.9670833333333333,0.9678333333333333,0.9685833333333334,0.96875,0.9700833333333334,0.9722500000000001,0.9722500000000001,0.9724999999999999,0.974,0.974,0.974,0.974,0.9743333333333334,0.9743333333333334,0.9745833333333334,0.9745833333333334,0.9745833333333334,0.9745833333333334,0.9746666666666666,0.9746666666666666,0.9746666666666666,0.9761666666666666,0.9761666666666666,0.9788333333333334,0.9790000000000001,0.9806666666666667,0.9806666666666667,0.9806666666666667,0.9806666666666667,0.9806666666666667,0.9806666666666667,0.9806666666666667,0.9806666666666667,0.9806666666666667,0.9806666666666667,0.9806666666666667,0.9806666666666667,0.9806666666666667,0.9806666666666667,0.9806666666666667,0.9806666666666667,0.9806666666666667,0.9806666666666667,0.9806666666666667,0.9808333333333333,0.9808333333333333,0.9808333333333333,0.9808333333333333,0.9815833333333334,0.9815833333333334,0.9815833333333334,0.9815833333333334,0.9818333333333333,0.9818333333333333,0.9818333333333333,0.9818333333333333
Std curve: 0.005842849380986044,0.010621649798616236,0.012402396721780994,0.006035772987410592,0.006531972647421827,0.011082393443856997,0.011754431788336973,0.010077477638553985,0.007390872749547236,0.00464429159769761,0.006224949798994387,0.010763879928311688,0.007516648189186424,0.0076439881969791075,0.005966340773222913,0.0057879184513951005,0.003769394292632895,0.005896090983769579,0.005660535899247239,0.008977595570208202,0.004946940693218605,0.007075976571784624,0.007690181330039577,0.00733617369235793,0.007267698703471725,0.004260607677054745,0.0023775571029478423,0.002879525423861825,0.0015138251770487686,0.0008897565210026215,0.006112373606964077,0.006112373606964077,0.006112373606964077,0.006112373606964077,0.006112373606964077,0.007395569244111248,0.007395569244111248,0.007395569244111248,0.007395569244111248,0.007476816018719315,0.005631015302175363,0.005631015302175363,0.004389064694087887,0.004144943371815281,0.004022506128715703,0.003912231531435145,0.0025358540091171625,0.002251542681017715,0.001961433715989989,0.003011551833265457,0.003011551833265457,0.002969754946867586,0.0025630927498716005,0.0025630927498716005,0.0025630927498716005,0.0025630927498716005,0.003057322721307322,0.003057322721307322,0.0027638539919628033,0.0027638539919628033,0.0027638539919628033,0.0027638539919628033,0.0027054471801246306,0.0027054471801246306,0.0027054471801246306,0.0027054471801246306,0.0027054471801246306,0.002950988534937608,0.003011551833265419,0.005127540020971696,0.005127540020971696,0.005127540020971696,0.005127540020971696,0.005127540020971696,0.005127540020971696,0.005127540020971696,0.005127540020971696,0.005127540020971696,0.005127540020971696,0.005127540020971696,0.005127540020971696,0.005127540020971696,0.005127540020971696,0.005127540020971696,0.005127540020971696,0.005127540020971696,0.005127540020971696,0.005127540020971696,0.005089477161534131,0.005089477161534131,0.005089477161534131,0.005089477161534131,0.0041112987945146635,0.0041112987945146635,0.0041112987945146635,0.0041112987945146635,0.003860411607300134,0.003860411607300134,0.003860411607300134,0.003860411607300134

mean_time: , 7707.7018207550045
best_solution: , 0.9783333333333334
worst_solution: , 0.9891666666666666
mean_solution: , 0.9818333333333333
std_solution: , 0.003860411607300134



solutions runs are : 



0.9783333333333334

0.98

0.9891666666666666

0.9820833333333333

0.9795833333333334

