# Scenario 53
Mean curve: 0.7190000000000001,0.7348888888888889,0.7541111111111112,0.7743333333333334,0.7836666666666666,0.7936666666666667,0.8035555555555556,0.8158888888888889,0.8251111111111111,0.827888888888889,0.837111111111111,0.8505555555555556,0.8604444444444445,0.8634444444444445,0.8666666666666666,0.8718888888888889,0.8764444444444444,0.8792222222222221,0.8827777777777778,0.8865555555555555,0.8877777777777778,0.8936666666666667,0.8993333333333334,0.9022222222222223,0.9044444444444444,0.9057777777777778,0.9084444444444444,0.9107777777777777,0.9113333333333333,0.9145555555555556,0.915,0.915,0.9163333333333334,0.9212222222222224,0.9232222222222223,0.9238888888888889,0.9238888888888889,0.9238888888888889,0.9246666666666666,0.9246666666666666,0.9246666666666666,0.9246666666666666,0.9257777777777777,0.9262222222222223,0.9265555555555556,0.9281111111111111,0.9298888888888888,0.9298888888888888,0.9298888888888888,0.9298888888888888,0.9308888888888888,0.9308888888888888,0.9308888888888888,0.9308888888888888,0.9314444444444444,0.9314444444444444,0.9315555555555555,0.9343333333333333,0.9347777777777777,0.9352222222222222,0.9358888888888888,0.9358888888888888,0.9358888888888888,0.9358888888888888,0.9358888888888888,0.9358888888888888,0.9358888888888888,0.9358888888888888,0.9372222222222224,0.9372222222222224,0.9372222222222224,0.9372222222222224,0.9372222222222224,0.9372222222222224,0.9372222222222224,0.9372222222222224,0.9372222222222224,0.9372222222222224,0.9372222222222224,0.9372222222222224,0.938111111111111,0.9386666666666666,0.9386666666666666,0.9386666666666666,0.9386666666666666,0.9405555555555555,0.9405555555555555,0.9421111111111111,0.9421111111111111,0.9421111111111111,0.9421111111111111,0.9421111111111111,0.9421111111111111,0.9421111111111111,0.9421111111111111,0.9421111111111111,0.9421111111111111,0.9421111111111111,0.9421111111111111,0.9421111111111111
Std curve: 0.004323350324076372,0.006059376979749345,0.010083601159589704,0.008130114724411854,0.005639367795755343,0.007508020402900509,0.005758514897711084,0.011399588469938304,0.011865501399299986,0.010484556544075962,0.006210306049992045,0.01168517051123102,0.011311525860110576,0.011511668798159458,0.009006170724070851,0.006961977865698031,0.011081070501390672,0.009898247756142235,0.009414986739695454,0.009637888196533943,0.009794178164906207,0.012637393073878164,0.011447140998390693,0.009718253158075495,0.00886803108410441,0.006427179939546462,0.007820517491007884,0.004382907316292444,0.003984538017120236,0.007448589227597499,0.007088505736771813,0.007088505736771813,0.0073753007890115935,0.005132804205533811,0.0047323420975659706,0.005006169033808354,0.005006169033808354,0.005006169033808354,0.005715476066494082,0.005715476066494082,0.005715476066494082,0.005715476066494082,0.0040154024443539325,0.004653420353638217,0.0047842333648024475,0.00589622184952073,0.004745368112013937,0.004745368112013937,0.004745368112013937,0.004745368112013937,0.006152385866625411,0.006152385866625411,0.006152385866625411,0.006152385866625411,0.006172419738813869,0.006172419738813869,0.006130272988503901,0.0054591637762392104,0.004721895413527972,0.004046031434674043,0.0032317865716108827,0.0032317865716108827,0.0032317865716108827,0.0032317865716108827,0.0032317865716108827,0.0032317865716108827,0.0032317865716108827,0.0032317865716108827,0.005055250296034374,0.005055250296034374,0.005055250296034374,0.005055250296034374,0.005055250296034374,0.005055250296034374,0.005055250296034374,0.005055250296034374,0.005055250296034374,0.005055250296034374,0.005055250296034374,0.005055250296034374,0.004876246279442596,0.005086899174337592,0.005086899174337592,0.005086899174337592,0.005086899174337592,0.0031229931827900536,0.0031229931827900536,0.004784233364802438,0.004784233364802438,0.004784233364802438,0.004784233364802438,0.004784233364802438,0.004784233364802438,0.004784233364802438,0.004784233364802438,0.004784233364802438,0.004784233364802438,0.004784233364802438,0.004784233364802438,0.004784233364802438

mean_time: , 8336.993940401077
best_solution: , 0.9361111111111111
worst_solution: , 0.9494444444444444
mean_solution: , 0.9421111111111111
std_solution: , 0.004784233364802438



solutions runs are : 



0.9361111111111111

0.9388888888888889

0.9455555555555556

0.9494444444444444

0.9405555555555556

