# Scenario 420
Mean curve: 0.6513009902244358,0.6523509143210704,0.6523509143210704,0.6539225774212492,0.6546030279650747,0.6550161288790104,0.6561721822862167,0.6577709495858125,0.6577709495858125,0.6592435281397817,0.6598920515633023,0.6598920515633023,0.6598920515633023,0.6598920515633023,0.6610047168564225,0.6610047168564225,0.6610047168564225,0.6636934530038909,0.6688845570987918,0.6688845570987918,0.6688845570987918,0.6688845570987918,0.6688845570987918,0.6688845570987918,0.6688845570987918,0.6692923509494608,0.6694783129452,0.6694783129452,0.6694783129452,0.6694783129452,0.6694783129452,0.6694783129452,0.6694857802606337,0.6694857802606337,0.6694857802606337,0.6694857802606337,0.6694857802606337,0.6694857802606337,0.6694857802606337,0.6694857802606337,0.671853821209973,0.671853821209973,0.671853821209973,0.671853821209973,0.671853821209973,0.671853821209973,0.671853821209973,0.671853821209973,0.6737164203574708,0.6737164203574708,0.6737164203574708,0.6737164203574708,0.6737164203574708,0.6737164203574708,0.6737164203574708,0.6737164203574708,0.6749146388131011,0.6749267585101509,0.6749267585101509,0.6749267585101509,0.6749267585101509,0.6749267585101509,0.6749267585101509,0.6757511015016392,0.6775281208261096,0.6775281208261096,0.6775281208261096,0.6775281208261096,0.6775281208261096,0.6775281208261096,0.6775281208261096,0.6775281208261096,0.6775281208261096,0.6775281208261096,0.6775281208261096,0.6782438998249791,0.6782438998249791,0.6782438998249791,0.6782438998249791,0.6782438998249791,0.6782438998249791,0.6782438998249791,0.6782438998249791,0.6782438998249791,0.6782438998249791,0.6782438998249791,0.6782438998249791,0.6782438998249791,0.6805347337383242,0.6805347337383242,0.6805347337383242,0.6805347337383242,0.6805347337383242,0.6805347337383242,0.6805347337383242,0.6805347337383242,0.6805347337383242,0.6805347337383242,0.6805347337383242,0.6805347337383242
Std curve: 0.006731760842573023,0.005539527320391918,0.005539527320391918,0.005026621177236717,0.003912997240103967,0.0033278578374637676,0.0025207617679098623,0.0038966870866887294,0.0038966870866887294,0.0033793805760226883,0.003907032638874704,0.003907032638874704,0.003907032638874704,0.003907032638874704,0.0034319994643176566,0.0034319994643176566,0.0034319994643176566,0.0066511607091456,0.012345333552734214,0.012345333552734214,0.012345333552734214,0.012345333552734214,0.012345333552734214,0.012345333552734214,0.012345333552734214,0.01210565314938186,0.01189942045524797,0.01189942045524797,0.01189942045524797,0.01189942045524797,0.01189942045524797,0.01189942045524797,0.011896087714511765,0.011896087714511765,0.011896087714511765,0.011896087714511765,0.011896087714511765,0.011896087714511765,0.011896087714511765,0.011896087714511765,0.009860284068864418,0.009860284068864418,0.009860284068864418,0.009860284068864418,0.009860284068864418,0.009860284068864418,0.009860284068864418,0.009860284068864418,0.008848659531204964,0.008848659531204964,0.008848659531204964,0.008848659531204964,0.008848659531204964,0.008848659531204964,0.008848659531204964,0.008848659531204964,0.007823919313899478,0.007816621890846668,0.007816621890846668,0.007816621890846668,0.007816621890846668,0.007816621890846668,0.007816621890846668,0.007489630510122822,0.007987242722242681,0.007987242722242681,0.007987242722242681,0.007987242722242681,0.007987242722242681,0.007987242722242681,0.007987242722242681,0.007987242722242681,0.007987242722242681,0.007987242722242681,0.007987242722242681,0.007149433720264247,0.007149433720264247,0.007149433720264247,0.007149433720264247,0.007149433720264247,0.007149433720264247,0.007149433720264247,0.007149433720264247,0.007149433720264247,0.007149433720264247,0.007149433720264247,0.007149433720264247,0.007149433720264247,0.006719557198292782,0.006719557198292782,0.006719557198292782,0.006719557198292782,0.006719557198292782,0.006719557198292782,0.006719557198292782,0.006719557198292782,0.006719557198292782,0.006719557198292782,0.006719557198292782,0.006719557198292782

mean_time: , 30419.89996829033
best_solution: , 0.670816827013771
worst_solution: , 0.6896854854463762
mean_solution: , 0.6805347337383242
std_solution: , 0.006719557198292782



solutions runs are : 



0.6896854854463762

0.670816827013771

0.6838151388360594

0.6832491255343957

0.6751070918610186

