# Scenario 73
Mean curve: 0.72475,0.7376666666666665,0.7518333333333331,0.7597500000000001,0.7703333333333334,0.7779166666666667,0.7905833333333333,0.7953333333333334,0.80425,0.8109166666666667,0.8151666666666667,0.8220833333333333,0.8252500000000002,0.8345,0.8374166666666667,0.8426666666666668,0.8467499999999999,0.8490833333333333,0.8530000000000001,0.8589166666666668,0.8619999999999999,0.8630833333333333,0.8644999999999999,0.868,0.8717500000000001,0.874,0.8753333333333332,0.8775000000000001,0.8798333333333334,0.8825833333333334,0.8826666666666666,0.885,0.8856666666666667,0.8856666666666667,0.8869166666666667,0.8896666666666666,0.89025,0.8910833333333332,0.8923333333333334,0.8936666666666667,0.8954166666666667,0.8965,0.8970833333333333,0.8970833333333333,0.8986666666666666,0.8998333333333333,0.9000833333333335,0.9010833333333335,0.9010833333333335,0.9010833333333335,0.90175,0.9031666666666667,0.9040833333333333,0.9040833333333333,0.9040833333333333,0.9049166666666666,0.9053333333333333,0.9053333333333333,0.9053333333333333,0.9091666666666667,0.9091666666666667,0.9092499999999999,0.9123333333333333,0.9128333333333334,0.9128333333333334,0.9128333333333334,0.9133333333333333,0.9133333333333333,0.9135833333333334,0.9135833333333334,0.9135833333333334,0.9135833333333334,0.9135833333333334,0.9135833333333334,0.9135833333333334,0.9135833333333334,0.9135833333333334,0.9135833333333334,0.9145,0.9145,0.9145,0.9145,0.9145,0.9145,0.9145,0.91525,0.91525,0.9167500000000001,0.9167500000000001,0.91875,0.91875,0.91875,0.91875,0.91875,0.91875,0.91875,0.91875,0.91875,0.91875,0.91875
Std curve: 0.006669790934587888,0.009422933018262766,0.0056801310626506535,0.006742279535389606,0.0025739075352467656,0.005496210815947025,0.0029884035128402227,0.0037024766485871463,0.006756683933541518,0.004620305425209723,0.006793583574062951,0.0057433536467042644,0.0065965058090544345,0.008059673277083486,0.006679154969837974,0.007539709690845002,0.005441609239104815,0.006069047152011026,0.003626675857831483,0.005562773089426201,0.006091888960832333,0.005073077085074791,0.005473420624557659,0.007309620753196123,0.005976807025680378,0.004484541349024592,0.0040943728321794146,0.00452615853800009,0.003975620147292176,0.00593600127283603,0.005842849380986032,0.006043821454822928,0.006322358912796894,0.006322358912796894,0.004762410687409862,0.007938128802739912,0.007694695142325865,0.007685664866779202,0.006382484712955524,0.0057879184513951205,0.004837641757899996,0.005181430518903289,0.004322100826629994,0.004322100826629994,0.00521349743987237,0.005113978664188762,0.0047463436219660655,0.003609401304617972,0.003609401304617972,0.003609401304617972,0.0036836726842167412,0.0035804251764901627,0.0020649186155606535,0.0020649186155606535,0.0020649186155606535,0.0015229722402081008,0.0010000000000000102,0.0010000000000000102,0.0010000000000000102,0.007772815877574009,0.007772815877574009,0.007720823214600315,0.006999999999999995,0.006964194138592057,0.006964194138592057,0.006964194138592057,0.006728876412728793,0.006728876412728793,0.006778233135887595,0.006778233135887595,0.006778233135887595,0.006778233135887595,0.006778233135887595,0.006778233135887595,0.006778233135887595,0.006778233135887595,0.006778233135887595,0.006778233135887595,0.0072571803523591,0.0072571803523591,0.0072571803523591,0.0072571803523591,0.0072571803523591,0.0072571803523591,0.0072571803523591,0.00632784850218989,0.00632784850218989,0.0053189911324109974,0.0053189911324109974,0.003505947327993765,0.003505947327993765,0.003505947327993765,0.003505947327993765,0.003505947327993765,0.003505947327993765,0.003505947327993765,0.003505947327993765,0.003505947327993765,0.003505947327993765,0.003505947327993765

mean_time: , 12514.865047168732
best_solution: , 0.9145833333333333
worst_solution: , 0.9245833333333333
mean_solution: , 0.91875
std_solution: , 0.003505947327993765



solutions runs are : 



0.9158333333333334

0.9245833333333333

0.9145833333333333

0.92

0.91875

