# Scenario 135
Mean curve: 0.8045,0.82875,0.844,0.84575,0.8610000000000001,0.8610000000000001,0.8630000000000001,0.8634999999999999,0.86875,0.87375,0.8792500000000001,0.88375,0.88475,0.8855000000000001,0.88575,0.8865000000000001,0.8865000000000001,0.8875,0.89275,0.89275,0.89275,0.89275,0.898,0.89925,0.89975,0.89975,0.89975,0.9002500000000001,0.9002500000000001,0.9010000000000001,0.9019999999999999,0.9035,0.9035,0.9035,0.9035,0.9085000000000001,0.9085000000000001,0.9085000000000001,0.9085000000000001,0.9092499999999999,0.9095000000000001,0.9095000000000001,0.9095000000000001,0.9095000000000001,0.9095000000000001,0.9095000000000001,0.9095000000000001,0.914,0.9145,0.9145,0.9147500000000001,0.9147500000000001,0.9149999999999998,0.9149999999999998,0.9155,0.916,0.9164999999999999,0.9195,0.91975,0.91975,0.91975,0.92125,0.92125,0.92125,0.92125,0.92125,0.922,0.922,0.922,0.922,0.922,0.9237500000000001,0.9237500000000001,0.92425,0.92425,0.92425,0.92425,0.92425,0.92425,0.9257500000000001,0.9257500000000001,0.9257500000000001,0.92675,0.92675,0.92675,0.92675,0.92675,0.92675,0.92675,0.9272499999999999,0.9272499999999999,0.9272499999999999,0.9272499999999999,0.9272499999999999,0.9272499999999999,0.92825,0.92825,0.92925,0.92925,0.92925
Std curve: 0.0066426651277932,0.01995306993923493,0.011763290356018594,0.00963716763369819,0.004062019202317978,0.004062019202317978,0.005787918451395096,0.005385164807134496,0.005184110338331938,0.009714679613862728,0.007097534783289202,0.00770551750371123,0.00788194138521722,0.006782329983125285,0.006451743950281993,0.005612486080160924,0.005612486080160924,0.006020797289396167,0.007558108228915504,0.007558108228915504,0.007558108228915504,0.007558108228915504,0.004301162633521305,0.0037583240945932234,0.004430011286667324,0.004430011286667324,0.004430011286667324,0.004834769901453424,0.004834769901453424,0.005884301147969913,0.0062549980015983945,0.0052081666639999125,0.0052081666639999125,0.0052081666639999125,0.0052081666639999125,0.008565920849505916,0.008565920849505916,0.008565920849505916,0.008565920849505916,0.009034655499796339,0.008860022573334677,0.008860022573334677,0.008860022573334677,0.008860022573334677,0.008860022573334677,0.008860022573334677,0.008860022573334677,0.0050249378105604505,0.0057879184513951005,0.0057879184513951005,0.0056678920243773065,0.0056678920243773065,0.005590169943749464,0.005590169943749464,0.005787918451395099,0.0061441028637222485,0.006041522986797276,0.008426149773176359,0.008306623862918076,0.008306623862918076,0.008306623862918076,0.00612372435695796,0.00612372435695796,0.00612372435695796,0.00612372435695796,0.00612372435695796,0.007399324293474398,0.007399324293474398,0.007399324293474398,0.007399324293474398,0.007399324293474398,0.00802340326794064,0.00802340326794064,0.0074414380330686284,0.0074414380330686284,0.0074414380330686284,0.0074414380330686284,0.0074414380330686284,0.0074414380330686284,0.0063541325135694415,0.0063541325135694415,0.0063541325135694415,0.007929375763576843,0.007929375763576843,0.007929375763576843,0.007929375763576843,0.007929375763576843,0.007929375763576843,0.007929375763576843,0.008782084035125157,0.008782084035125157,0.008782084035125157,0.008782084035125157,0.008782084035125157,0.008782084035125157,0.009307255234493156,0.009307255234493156,0.009034655499796337,0.009034655499796337,0.009034655499796337

mean_time: , 4691.49505982399
best_solution: , 0.91625
worst_solution: , 0.9425
mean_solution: , 0.92925
std_solution: , 0.009034655499796337



solutions runs are : 



0.935

0.92375

0.92875

0.9425

0.91625

