# Scenario 16
Mean curve: 0.7905,0.8140000000000001,0.852,0.875,0.8925000000000001,0.9115,0.9185000000000001,0.9279999999999999,0.9425000000000001,0.9549999999999998,0.9595,0.9715,0.9775,0.9814999999999999,0.9884999999999999,0.9925,0.9949999999999999,0.9960000000000001,0.9960000000000001,0.998,0.998,0.998,1.0,1.0,1.0,1.0,1.0,1.0,1.0,1.0,1.0,1.0,1.0,1.0,1.0,1.0,1.0,1.0,1.0,1.0,1.0,1.0,1.0,1.0,1.0,1.0,1.0,1.0,1.0,1.0,1.0,1.0,1.0,1.0,1.0,1.0,1.0,1.0,1.0,1.0,1.0,1.0,1.0,1.0,1.0,1.0,1.0,1.0,1.0,1.0,1.0,1.0,1.0,1.0,1.0,1.0,1.0,1.0,1.0,1.0,1.0,1.0,1.0,1.0,1.0,1.0,1.0,1.0,1.0,1.0,1.0,1.0,1.0,1.0,1.0,1.0,1.0,1.0,1.0,1.0
Std curve: 0.012884098726725158,0.02177154105707721,0.018867962264113223,0.02323790007724452,0.02323790007724451,0.011357816691600551,0.012409673645990861,0.015116216457830971,0.012041594578792293,0.015811388300841868,0.01646207763315431,0.014456832294800978,0.009746794344808973,0.013000000000000017,0.009949874371066213,0.00707106781186549,0.007745966692414841,0.008000000000000007,0.008000000000000007,0.0040000000000000036,0.0040000000000000036,0.0040000000000000036,0.0,0.0,0.0,0.0,0.0,0.0,0.0,0.0,0.0,0.0,0.0,0.0,0.0,0.0,0.0,0.0,0.0,0.0,0.0,0.0,0.0,0.0,0.0,0.0,0.0,0.0,0.0,0.0,0.0,0.0,0.0,0.0,0.0,0.0,0.0,0.0,0.0,0.0,0.0,0.0,0.0,0.0,0.0,0.0,0.0,0.0,0.0,0.0,0.0,0.0,0.0,0.0,0.0,0.0,0.0,0.0,0.0,0.0,0.0,0.0,0.0,0.0,0.0,0.0,0.0,0.0,0.0,0.0,0.0,0.0,0.0,0.0,0.0,0.0,0.0,0.0,0.0,0.0

mean_time: , 3534.7110872268677
best_solution: , 1.0
worst_solution: , 1.0
mean_solution: , 1.0
std_solution: , 0.0



solutions runs are : 



1.0

1.0

1.0

1.0

1.0

