# Scenario 403
Mean curve: 0.6733473229031856,0.6745656221959015,0.6745656221959015,0.6745656221959015,0.6751778802866283,0.6753471460079867,0.6753471460079867,0.6753471460079867,0.6755050916294858,0.6768320827018566,0.6768320827018566,0.6841431100297255,0.689776356857727,0.689776356857727,0.689776356857727,0.689776356857727,0.6943999006804539,0.6943999006804539,0.6943999006804539,0.6943999006804539,0.6943999006804539,0.6943999006804539,0.6943999006804539,0.6943999006804539,0.6943999006804539,0.6943999006804539,0.6943999006804539,0.6943999006804539,0.6943999006804539,0.6943999006804539,0.6943999006804539,0.6943999006804539,0.6943999006804539,0.6943999006804539,0.6943999006804539,0.6943999006804539,0.6943999006804539,0.6943999006804539,0.6943999006804539,0.6943999006804539,0.6943999006804539,0.6943999006804539,0.6943999006804539,0.6957876537286323,0.696363533393149,0.696363533393149,0.696363533393149,0.696363533393149,0.696363533393149,0.696363533393149,0.696363533393149,0.696363533393149,0.696363533393149,0.6997625755660589,0.6997625755660589,0.6997625755660589,0.6997625755660589,0.6997625755660589,0.6997625755660589,0.6997625755660589,0.6997625755660589,0.6997625755660589,0.6997625755660589,0.6997625755660589,0.6997625755660589,0.6997625755660589,0.6997625755660589,0.6997625755660589,0.6997625755660589,0.6997625755660589,0.6997625755660589,0.6997625755660589,0.6997625755660589,0.6997625755660589,0.6997625755660589,0.6997625755660589,0.6997625755660589,0.6997625755660589,0.6997625755660589,0.6997625755660589,0.6997625755660589,0.6997625755660589,0.6997625755660589,0.6997625755660589,0.6997625755660589,0.6997625755660589,0.6997625755660589,0.6997625755660589,0.6997625755660589,0.7036627875201118,0.7036627875201118,0.7036627875201118,0.7036627875201118,0.7069107695934743,0.7069107695934743,0.7069107695934743,0.7069107695934743,0.7069107695934743,0.7069107695934743,0.7069107695934743
Std curve: 0.02016050905706539,0.019736370979605913,0.019736370979605913,0.019736370979605913,0.019292142083924664,0.019330313874197886,0.019330313874197886,0.019330313874197886,0.01922554414061407,0.018535520198413306,0.018535520198413306,0.015112727046692524,0.014022539891063685,0.014022539891063685,0.014022539891063685,0.014022539891063685,0.009808147536936223,0.009808147536936223,0.009808147536936223,0.009808147536936223,0.009808147536936223,0.009808147536936223,0.009808147536936223,0.009808147536936223,0.009808147536936223,0.009808147536936223,0.009808147536936223,0.009808147536936223,0.009808147536936223,0.009808147536936223,0.009808147536936223,0.009808147536936223,0.009808147536936223,0.009808147536936223,0.009808147536936223,0.009808147536936223,0.009808147536936223,0.009808147536936223,0.009808147536936223,0.009808147536936223,0.009808147536936223,0.009808147536936223,0.009808147536936223,0.008003058679147121,0.00743172278904229,0.00743172278904229,0.00743172278904229,0.00743172278904229,0.00743172278904229,0.00743172278904229,0.00743172278904229,0.00743172278904229,0.00743172278904229,0.01394840226958445,0.01394840226958445,0.01394840226958445,0.01394840226958445,0.01394840226958445,0.01394840226958445,0.01394840226958445,0.01394840226958445,0.01394840226958445,0.01394840226958445,0.01394840226958445,0.01394840226958445,0.01394840226958445,0.01394840226958445,0.01394840226958445,0.01394840226958445,0.01394840226958445,0.01394840226958445,0.01394840226958445,0.01394840226958445,0.01394840226958445,0.01394840226958445,0.01394840226958445,0.01394840226958445,0.01394840226958445,0.01394840226958445,0.01394840226958445,0.01394840226958445,0.01394840226958445,0.01394840226958445,0.01394840226958445,0.01394840226958445,0.01394840226958445,0.01394840226958445,0.01394840226958445,0.01394840226958445,0.013113933716102328,0.013113933716102328,0.013113933716102328,0.013113933716102328,0.012245568314554528,0.012245568314554528,0.012245568314554528,0.012245568314554528,0.012245568314554528,0.012245568314554528,0.012245568314554528

mean_time: , 10307.859731388093
best_solution: , 0.690888638920135
worst_solution: , 0.7270557604686483
mean_solution: , 0.7069107695934743
std_solution: , 0.012245568314554528



solutions runs are : 



0.7083690987124464

0.7270557604686483

0.7100167344011475

0.6982236154649948

0.690888638920135

