# Scenario 465
Mean curve: 0.7167083333333333,0.7174166666666666,0.7200416666666666,0.7217083333333333,0.7217083333333333,0.7217083333333333,0.7217083333333333,0.7217083333333333,0.7217083333333333,0.7217083333333333,0.7217083333333333,0.7217083333333333,0.7217083333333333,0.7217083333333333,0.7217083333333333,0.7217083333333333,0.7217083333333333,0.7218333333333333,0.7218333333333333,0.721875,0.7222083333333333,0.7222083333333333,0.7224999999999999,0.7224999999999999,0.7224999999999999,0.7248749999999999,0.7248749999999999,0.7248749999999999,0.7249166666666665,0.7249166666666665,0.7249166666666665,0.7249166666666665,0.7249166666666665,0.7249166666666665,0.7249166666666665,0.7249166666666665,0.7252916666666666,0.7252916666666666,0.7252916666666666,0.7252916666666666,0.7252916666666666,0.725375,0.725375,0.72675,0.72675,0.72675,0.7278333333333333,0.7278333333333333,0.7278333333333333,0.7278333333333333,0.7278333333333333,0.7278333333333333,0.7278333333333333,0.727875,0.727875,0.727875,0.727875,0.727875,0.727875,0.7280416666666667,0.7280416666666667,0.7280416666666667,0.7280416666666667,0.7280416666666667,0.7280416666666667,0.7280416666666667,0.7280416666666667,0.7280416666666667,0.7280416666666667,0.7280416666666667,0.728875,0.728875,0.728875,0.728875,0.728875,0.728875,0.729875,0.729875,0.729875,0.729875,0.729875,0.729875,0.729875,0.729875,0.729875,0.729875,0.729875,0.729875,0.729875,0.729875,0.729875,0.729875,0.7302083333333333,0.7302083333333333,0.7302083333333333,0.7302083333333333,0.7302083333333333,0.7302083333333333,0.7302083333333333,0.7302083333333333
Std curve: 0.005095272863699779,0.004966205235835932,0.006153984707307755,0.006419101269734813,0.006419101269734813,0.006419101269734813,0.006419101269734813,0.006419101269734813,0.006419101269734813,0.006419101269734813,0.006419101269734813,0.006419101269734813,0.006419101269734813,0.006419101269734813,0.006419101269734813,0.006419101269734813,0.006419101269734813,0.006349759400516245,0.006349759400516245,0.006395527951449971,0.006579640314383969,0.006579640314383969,0.0068970605655195305,0.0068970605655195305,0.0068970605655195305,0.003962935920641578,0.003962935920641578,0.003962935920641578,0.004021642837337888,0.004021642837337888,0.004021642837337888,0.004021642837337888,0.004021642837337888,0.004021642837337888,0.004021642837337888,0.004021642837337888,0.0039033461428767944,0.0039033461428767944,0.0039033461428767944,0.0039033461428767944,0.0039033461428767944,0.003922867431979943,0.003922867431979943,0.00509220537248406,0.00509220537248406,0.00509220537248406,0.004217605297374842,0.004217605297374842,0.004217605297374842,0.004217605297374842,0.004217605297374842,0.004217605297374842,0.004217605297374842,0.004148711312631351,0.004148711312631351,0.004148711312631351,0.004148711312631351,0.004148711312631351,0.004148711312631351,0.0038788063742456456,0.0038788063742456456,0.0038788063742456456,0.0038788063742456456,0.0038788063742456456,0.0038788063742456456,0.0038788063742456456,0.0038788063742456456,0.0038788063742456456,0.0038788063742456456,0.0038788063742456456,0.0027468416206415614,0.0027468416206415614,0.0027468416206415614,0.0027468416206415614,0.0027468416206415614,0.0027468416206415614,0.00310297796031846,0.00310297796031846,0.00310297796031846,0.00310297796031846,0.00310297796031846,0.00310297796031846,0.00310297796031846,0.00310297796031846,0.00310297796031846,0.00310297796031846,0.00310297796031846,0.00310297796031846,0.00310297796031846,0.00310297796031846,0.00310297796031846,0.00310297796031846,0.003478605244123628,0.003478605244123628,0.003478605244123628,0.003478605244123628,0.003478605244123628,0.003478605244123628,0.003478605244123628,0.003478605244123628

mean_time: , 27411.942650699617
best_solution: , 0.7260416666666667
worst_solution: , 0.7345833333333334
mean_solution: , 0.7302083333333333
std_solution: , 0.003478605244123628



solutions runs are : 



0.7333333333333333

0.730625

0.7260416666666667

0.7345833333333334

0.7264583333333333

