# Scenario 428
Mean curve: 0.7356666666666667,0.7397499999999999,0.7397499999999999,0.7397499999999999,0.7397499999999999,0.7397499999999999,0.7397499999999999,0.7397499999999999,0.7397499999999999,0.7397499999999999,0.7397499999999999,0.742,0.742,0.742,0.742,0.742,0.742,0.742,0.742,0.742,0.742,0.7430833333333332,0.74375,0.74375,0.7446666666666667,0.7446666666666667,0.7446666666666667,0.7446666666666667,0.7446666666666667,0.7446666666666667,0.7446666666666667,0.7446666666666667,0.7446666666666667,0.7446666666666667,0.7446666666666667,0.7446666666666667,0.7446666666666667,0.7446666666666667,0.7446666666666667,0.7446666666666667,0.7446666666666667,0.7446666666666667,0.7446666666666667,0.7446666666666667,0.7446666666666667,0.7457499999999999,0.7485833333333334,0.7485833333333334,0.7485833333333334,0.7485833333333334,0.7485833333333334,0.7485833333333334,0.7485833333333334,0.7485833333333334,0.7485833333333334,0.7485833333333334,0.7485833333333334,0.7485833333333334,0.7485833333333334,0.7485833333333334,0.7485833333333334,0.7485833333333334,0.7485833333333334,0.7500833333333334,0.7500833333333334,0.7500833333333334,0.7500833333333334,0.7500833333333334,0.7500833333333334,0.7500833333333334,0.7500833333333334,0.7500833333333334,0.7500833333333334,0.7500833333333334,0.7500833333333334,0.7500833333333334,0.7500833333333334,0.7500833333333334,0.7500833333333334,0.7500833333333334,0.7500833333333334,0.7500833333333334,0.7500833333333334,0.7500833333333334,0.7500833333333334,0.7500833333333334,0.7500833333333334,0.7500833333333334,0.7500833333333334,0.7500833333333334,0.7500833333333334,0.7500833333333334,0.7500833333333334,0.7500833333333334,0.7500833333333334,0.7500833333333334,0.7500833333333334,0.7500833333333334,0.7500833333333334,0.7500833333333334
Std curve: 0.01160280138587228,0.009684609783913172,0.009684609783913172,0.009684609783913172,0.009684609783913172,0.009684609783913172,0.009684609783913172,0.009684609783913172,0.009684609783913172,0.009684609783913172,0.009684609783913172,0.007300114154358579,0.007300114154358579,0.007300114154358579,0.007300114154358579,0.007300114154358579,0.007300114154358579,0.007300114154358579,0.007300114154358579,0.007300114154358579,0.007300114154358579,0.00640420868561359,0.006174544517614211,0.006174544517614211,0.006321260422837608,0.006321260422837608,0.006321260422837608,0.006321260422837608,0.006321260422837608,0.006321260422837608,0.006321260422837608,0.006321260422837608,0.006321260422837608,0.006321260422837608,0.006321260422837608,0.006321260422837608,0.006321260422837608,0.006321260422837608,0.006321260422837608,0.006321260422837608,0.006321260422837608,0.006321260422837608,0.006321260422837608,0.006321260422837608,0.006321260422837608,0.005877215894168462,0.008047601437005239,0.008047601437005239,0.008047601437005239,0.008047601437005239,0.008047601437005239,0.008047601437005239,0.008047601437005239,0.008047601437005239,0.008047601437005239,0.008047601437005239,0.008047601437005239,0.008047601437005239,0.008047601437005239,0.008047601437005239,0.008047601437005239,0.008047601437005239,0.008047601437005239,0.009708959207293484,0.009708959207293484,0.009708959207293484,0.009708959207293484,0.009708959207293484,0.009708959207293484,0.009708959207293484,0.009708959207293484,0.009708959207293484,0.009708959207293484,0.009708959207293484,0.009708959207293484,0.009708959207293484,0.009708959207293484,0.009708959207293484,0.009708959207293484,0.009708959207293484,0.009708959207293484,0.009708959207293484,0.009708959207293484,0.009708959207293484,0.009708959207293484,0.009708959207293484,0.009708959207293484,0.009708959207293484,0.009708959207293484,0.009708959207293484,0.009708959207293484,0.009708959207293484,0.009708959207293484,0.009708959207293484,0.009708959207293484,0.009708959207293484,0.009708959207293484,0.009708959207293484,0.009708959207293484,0.009708959207293484

mean_time: , 9787.01171875
best_solution: , 0.7375
worst_solution: , 0.7629166666666667
mean_solution: , 0.7500833333333334
std_solution: , 0.009708959207293484



solutions runs are : 



0.7429166666666667

0.7375

0.7475

0.7629166666666667

0.7595833333333334

