# Scenario 384
Mean curve: 0.4854696519431899,0.4881918275479979,0.49192228014085443,0.49837466959119825,0.5006672016374049,0.5015682467367364,0.5044742963368691,0.5067612712055984,0.5077204509644797,0.5101786777527968,0.5139118727396171,0.5151697354177699,0.5165333321272646,0.5165333321272646,0.5187851689954182,0.52005980171478,0.5207202337252842,0.522167222199964,0.5223836139740475,0.523293246020317,0.523293246020317,0.523293246020317,0.5242519218856507,0.5242988287406625,0.5250593314749007,0.5262476930599189,0.5272771286303486,0.5274831592924434,0.5287149926771862,0.5290210228937358,0.5293930131216429,0.5293930131216429,0.5298304442021475,0.5298304442021475,0.5304619319316825,0.5304619319316825,0.5309169661965744,0.5309169661965744,0.5321807682464326,0.5321807682464326,0.5323112294313364,0.5324966690504309,0.5325125707474749,0.5325125707474749,0.5325125707474749,0.5325125707474749,0.5330653645731239,0.5349878317227883,0.5359925450229838,0.5378169073867273,0.5385838923321931,0.540867872150138,0.540867872150138,0.5415975971654142,0.5415975971654142,0.5423891923392874,0.5423891923392874,0.5423891923392874,0.5424104528361926,0.5436094486799761,0.5436524006538683,0.5441789434175324,0.5441789434175324,0.5452500932919144,0.5452500932919144,0.5454974980140603,0.5457997330293607,0.5465513596614503,0.5473840183750457,0.5474246884757303,0.5476377980259917,0.5500260495128114,0.5501665063390642,0.550312266845759,0.5511773776181659,0.5512687400791644,0.5512687400791644,0.552141102062584,0.5531721718552824,0.5532590536816044,0.5533835301843573,0.5536628032610544,0.5541182730905897,0.5541454275393738,0.5543604042620703,0.5545330777835339,0.5545330777835339,0.5547863394872945,0.55480822698164,0.5554678429790904,0.5554678429790904,0.5560320745136175,0.5577353204300393,0.5578351940428697,0.5594482400865344,0.5596123846482973,0.5600601611542917,0.5604093629821565,0.5604093629821565,0.5604093629821565
Std curve: 0.006449823311851389,0.006186054549115801,0.008556253078749437,0.007951457674717914,0.010464951805432126,0.011121137886579929,0.012693097352659107,0.01070010618779245,0.009257128304194805,0.0067448582543015185,0.006904458698184724,0.006302947274901552,0.007808304450683431,0.007808304450683431,0.007511824924122353,0.007682309249465493,0.0074573458900432255,0.00880574630533089,0.008459791876590251,0.008645810819906048,0.008645810819906048,0.008645810819906048,0.008703582915256868,0.00876152628251804,0.008787095372007224,0.008045479915983356,0.006486957947560313,0.006493259236796902,0.006414815495367527,0.005971670080487971,0.00547700888037034,0.00547700888037034,0.005436971861881393,0.005436971861881393,0.004915716053651328,0.004915716053651328,0.005524019914188707,0.005524019914188707,0.0039612958544573,0.0039612958544573,0.003827751495562073,0.004147008612449582,0.004134260703534002,0.004134260703534002,0.004134260703534002,0.004134260703534002,0.0042772158504931065,0.005429086352426739,0.006558527710293836,0.007743624050393155,0.007100225295922748,0.005473359566420732,0.005473359566420732,0.006297477424571955,0.006297477424571955,0.007599349089071914,0.007599349089071914,0.007599349089071914,0.0076388247831289105,0.00712910778881885,0.007110990369165437,0.008081454168701027,0.008081454168701027,0.00788844378469884,0.00788844378469884,0.007920079723636737,0.007530390000268015,0.007080791474601692,0.00651201750322715,0.006510145844620385,0.006516948419416903,0.006286429448797411,0.006244398890233122,0.006024714370998179,0.006076094902482478,0.006198725145983703,0.006198725145983703,0.006566670099439708,0.006902959509673438,0.0070104669888335245,0.006802787126538296,0.006669307870159897,0.00674244880477032,0.006742165959995545,0.006813142530896199,0.006526654992874068,0.006526654992874068,0.006541629393044595,0.006532280764192788,0.006745934067148853,0.006745934067148853,0.006547204571693192,0.0057845288896148945,0.005886478291224612,0.00729013058726104,0.0070204096341007745,0.007271671469388019,0.007472832860864841,0.007472832860864841,0.007472832860864841

mean_time: , 105235.38279571533
best_solution: , 0.5481831945495836
worst_solution: , 0.5687358916478555
mean_solution: , 0.5604093629821565
std_solution: , 0.007472832860864841



solutions runs are : 



0.5556792018419033

0.564093896713615

0.5653546301578247

0.5687358916478555

0.5481831945495836

