# Scenario 259
Mean curve: 0.7313333333333334,0.7453333333333333,0.7521666666666667,0.76,0.7628333333333334,0.7678333333333334,0.7716666666666667,0.7758333333333333,0.7776666666666666,0.7776666666666666,0.7811666666666667,0.7811666666666667,0.7855,0.7861666666666667,0.79,0.791,0.7953333333333333,0.7968333333333333,0.8006666666666667,0.8023333333333333,0.8031666666666668,0.806,0.806,0.8061666666666667,0.8089999999999999,0.8099999999999999,0.8116666666666668,0.8118333333333332,0.812,0.812,0.812,0.8156666666666667,0.8176666666666665,0.8176666666666665,0.8181666666666667,0.8181666666666667,0.8181666666666667,0.8193333333333334,0.8243333333333333,0.8248333333333333,0.8253333333333334,0.8253333333333334,0.8268333333333334,0.827,0.829,0.8303333333333333,0.8303333333333333,0.8303333333333333,0.8351666666666666,0.8351666666666666,0.8351666666666666,0.8351666666666666,0.8351666666666666,0.8351666666666666,0.8371666666666666,0.8371666666666666,0.8371666666666666,0.8371666666666666,0.8371666666666666,0.8371666666666666,0.8371666666666666,0.8380000000000001,0.8380000000000001,0.8380000000000001,0.8385,0.8385,0.8403333333333334,0.8403333333333334,0.8403333333333334,0.8406666666666667,0.8413333333333333,0.8413333333333333,0.8413333333333333,0.8424999999999999,0.8446666666666667,0.845,0.8478333333333333,0.8478333333333333,0.8478333333333333,0.8484999999999999,0.8484999999999999,0.8506666666666668,0.8506666666666668,0.8506666666666668,0.8506666666666668,0.8506666666666668,0.8506666666666668,0.8506666666666668,0.8506666666666668,0.8526666666666667,0.8526666666666667,0.8526666666666667,0.8526666666666667,0.8526666666666667,0.8526666666666667,0.8526666666666667,0.8545,0.8545,0.8554999999999999,0.8554999999999999
Std curve: 0.010295630140986996,0.0036742346141747737,0.007199537022151727,0.008579691784155812,0.005044248650140485,0.005999999999999976,0.009501461875826123,0.005892556509887884,0.005461989869391321,0.005461989869391321,0.006699917080747265,0.006699917080747265,0.011944315244779279,0.011433381924095003,0.011118053386771956,0.01012971426601517,0.008209073570683166,0.007771028817916514,0.007771028817916525,0.006398784606817475,0.00652771867585536,0.002198484326378825,0.002198484326378825,0.002392116682401231,0.007404953297174365,0.0067700320038633095,0.006146362971528583,0.006110100926607781,0.00606904715201104,0.00606904715201104,0.00606904715201104,0.004927248499698167,0.004196559437338075,0.004196559437338075,0.004390646624106512,0.004390646624106512,0.004390646624106512,0.0027588242262078224,0.008521215354109483,0.008521215354109483,0.008089774066341062,0.008089774066341062,0.007195677714974298,0.007063206700139024,0.006463573143221757,0.0058118652580542215,0.0058118652580542215,0.0058118652580542215,0.008137703743822465,0.008137703743822465,0.008137703743822465,0.008137703743822465,0.008137703743822465,0.008137703743822465,0.008459051693633013,0.008459051693633013,0.008459051693633013,0.008459051693633013,0.008459051693633013,0.008459051693633013,0.008459051693633013,0.007257180352359087,0.007257180352359087,0.007257180352359087,0.00663324958071082,0.00663324958071082,0.004932882862316249,0.004932882862316249,0.004932882862316249,0.0054365021434333435,0.005617433182117547,0.005617433182117547,0.005617433182117547,0.005477225575051639,0.006000000000000013,0.0059395098937351665,0.007612124831112851,0.007612124831112851,0.007612124831112851,0.007842193570679092,0.007842193570679092,0.005011098792790972,0.005011098792790972,0.005011098792790972,0.005011098792790972,0.005011098792790972,0.005011098792790972,0.005011098792790972,0.005011098792790972,0.002905932629027113,0.002905932629027113,0.002905932629027113,0.002905932629027113,0.002905932629027113,0.002905932629027113,0.002905932629027113,0.004612784167699342,0.004612784167699342,0.004612784167699342,0.004612784167699342

mean_time: , 6657.45889635086
best_solution: , 0.8483333333333334
worst_solution: , 0.8616666666666667
mean_solution: , 0.8554999999999999
std_solution: , 0.004612784167699342



solutions runs are : 



0.8525

0.8575

0.8483333333333334

0.8575

0.8616666666666667

