# Scenario 279
Mean curve: 0.7272500000000001,0.7357499999999999,0.7409999999999999,0.7434999999999999,0.747,0.7505,0.7535000000000001,0.755875,0.7589999999999999,0.76175,0.765125,0.769375,0.7702500000000001,0.774875,0.77675,0.7795000000000001,0.780625,0.78325,0.78325,0.78325,0.783375,0.7842499999999999,0.7845000000000001,0.7845000000000001,0.7845000000000001,0.7849999999999999,0.7849999999999999,0.7858750000000001,0.7859999999999999,0.7859999999999999,0.78725,0.789875,0.7899999999999999,0.7948749999999999,0.7951249999999999,0.7958749999999999,0.7963749999999999,0.7966249999999999,0.79975,0.803375,0.80525,0.805875,0.805875,0.805875,0.8067500000000001,0.807,0.807,0.807,0.807,0.807,0.810875,0.810875,0.810875,0.810875,0.810875,0.810875,0.8113750000000002,0.8113750000000002,0.8113750000000002,0.8121250000000002,0.8123750000000001,0.8123750000000001,0.8123750000000001,0.8147500000000001,0.8147500000000001,0.8147500000000001,0.8147500000000001,0.8147500000000001,0.81525,0.8153750000000001,0.8157500000000001,0.8157500000000001,0.8157500000000001,0.8157500000000001,0.8157500000000001,0.8157500000000001,0.8157500000000001,0.8157500000000001,0.8157500000000001,0.8172500000000001,0.818,0.818,0.818375,0.818375,0.81975,0.81975,0.81975,0.81975,0.81975,0.820375,0.8205,0.8205,0.8205,0.821125,0.82225,0.8241250000000001,0.8241250000000001,0.8241250000000001,0.8243750000000001,0.8243750000000001
Std curve: 0.0068988223632733305,0.008860022573334675,0.008710625695092164,0.008418729120241362,0.005037360419902447,0.007689278249614828,0.005514186250028181,0.00755810822891547,0.0071326713088435655,0.005235097897842998,0.009349130975657592,0.008829991506224669,0.00817389136213589,0.01005764634494573,0.011007099981375659,0.007919517030728572,0.006731456008918125,0.006064754735354104,0.006064754735354104,0.006064754735354104,0.006156805178012376,0.00523509789784298,0.004863769114585936,0.004863769114585936,0.004863769114585936,0.004489571249017008,0.004489571249017008,0.003177066256784721,0.0030516389039334404,0.0030516389039334404,0.0028939592256975732,0.0024173849507267064,0.0023385358667337053,0.0058683472971527385,0.005733672470589848,0.004769696007084713,0.004513867521316928,0.004213074886588167,0.006830538046157144,0.009266876496425347,0.008538515678969055,0.007752015866856837,0.007752015866856837,0.007752015866856837,0.006885219676960214,0.007042283010501642,0.007042283010501642,0.007042283010501642,0.007042283010501642,0.007042283010501642,0.0035487673916446013,0.0035487673916446013,0.0035487673916446013,0.0035487673916446013,0.0035487673916446013,0.0035487673916446013,0.0028885550020728568,0.0028885550020728568,0.0028885550020728568,0.003368048396326897,0.003386554296036043,0.003386554296036043,0.003386554296036043,0.007033402448317615,0.007033402448317615,0.007033402448317615,0.007033402448317615,0.007033402448317615,0.006988830374247197,0.006876136269737551,0.006512008138815558,0.006512008138815558,0.006512008138815558,0.006512008138815558,0.006512008138815558,0.006512008138815558,0.006512008138815558,0.006512008138815558,0.006512008138815558,0.005282636652278865,0.005037360419902472,0.005037360419902472,0.004670385423067357,0.004670385423067357,0.004914900812834357,0.004914900812834357,0.004914900812834357,0.004914900812834357,0.004914900812834357,0.0047203018971247864,0.0049592086062193235,0.0049592086062193235,0.0049592086062193235,0.006166948191772001,0.0056540914389493204,0.0049465897343523475,0.0049465897343523475,0.0049465897343523475,0.005405437077609906,0.005405437077609906

mean_time: , 9466.713065099717
best_solution: , 0.819375
worst_solution: , 0.834375
mean_solution: , 0.8243750000000001
std_solution: , 0.005405437077609906



solutions runs are : 



0.819375

0.825625

0.834375

0.82125

0.82125

