# Scenario 338
Mean curve: 0.7542500000000001,0.7602499999999999,0.7639999999999999,0.76525,0.76525,0.76775,0.76775,0.768,0.772,0.772,0.772,0.773,0.77475,0.775,0.7769999999999999,0.7775000000000001,0.7775000000000001,0.7775000000000001,0.7775000000000001,0.7799999999999999,0.7802499999999999,0.7837500000000001,0.7849999999999999,0.7859999999999999,0.7865,0.7885000000000001,0.7885000000000001,0.7885000000000001,0.7887500000000001,0.7889999999999999,0.7889999999999999,0.7889999999999999,0.7889999999999999,0.7889999999999999,0.7925000000000001,0.7927500000000001,0.7927500000000001,0.7935000000000001,0.7969999999999999,0.8017499999999999,0.8017499999999999,0.8017499999999999,0.8035,0.8035,0.8035,0.8035,0.8039999999999999,0.8039999999999999,0.80625,0.808,0.808,0.8087500000000001,0.8087500000000001,0.8087500000000001,0.8089999999999999,0.8105,0.8105,0.8109999999999999,0.8125,0.8125,0.8125,0.8125,0.8167500000000001,0.8175000000000001,0.8200000000000001,0.8200000000000001,0.8200000000000001,0.82025,0.82125,0.82125,0.82225,0.8235000000000001,0.8235000000000001,0.8245000000000001,0.8245000000000001,0.8245000000000001,0.8245000000000001,0.8262500000000002,0.8262500000000002,0.8262500000000002,0.8275,0.8280000000000001,0.8280000000000001,0.8300000000000001,0.8300000000000001,0.8305,0.8327500000000001,0.8327500000000001,0.835,0.835,0.835,0.8355,0.8355,0.836,0.836,0.836,0.8394999999999999,0.8394999999999999,0.8394999999999999,0.8422500000000002
Std curve: 0.012134661099511567,0.010167349703831407,0.009233092656309724,0.010167349703831405,0.010167349703831405,0.009532837982468834,0.009532837982468834,0.009829801625668768,0.011688669727560979,0.011688669727560979,0.011688669727560979,0.012108881038312352,0.013541602563950844,0.01364734406395618,0.015564382416273387,0.016163229875244607,0.016163229875244607,0.016163229875244607,0.016163229875244607,0.01850675552332175,0.018530380460206424,0.02066095351139438,0.021621748310439642,0.022113344387495973,0.0217428149051589,0.022352292947257126,0.022352292947257126,0.022352292947257126,0.022597013076953346,0.022850054704529704,0.022850054704529704,0.022850054704529704,0.022850054704529704,0.022850054704529704,0.024773978283674992,0.0250923295052492,0.0250923295052492,0.02557342370508884,0.022852789764052885,0.0252561873607241,0.0252561873607241,0.0252561873607241,0.026930466018990486,0.026930466018990486,0.026930466018990486,0.026930466018990486,0.027138533490223847,0.027138533490223847,0.028493420293113313,0.029974989574643757,0.029974989574643757,0.029780446605113246,0.029780446605113246,0.029780446605113246,0.029983328701129915,0.031160872901765772,0.031160872901765772,0.03158718094417417,0.032939338184001216,0.032939338184001216,0.032939338184001216,0.032939338184001216,0.030848419732621646,0.03150396800404672,0.03378239186321774,0.03378239186321774,0.03378239186321774,0.03386000590667403,0.034892692644735816,0.034892692644735816,0.03591134918100406,0.03578931404763162,0.03578931404763162,0.034100953065860216,0.034100953065860216,0.034100953065860216,0.034100953065860216,0.031234996398270973,0.031234996398270973,0.031234996398270973,0.02927242729942293,0.028510962803805835,0.028510962803805835,0.027237382399929694,0.027237382399929694,0.02784555619843136,0.026580067720004007,0.026580067720004007,0.028073564077259586,0.028073564077259586,0.028073564077259586,0.028312982887714246,0.028312982887714246,0.02888987711984942,0.02888987711984942,0.02888987711984942,0.02804683582866345,0.02804683582866345,0.02804683582866345,0.027424897447392578

mean_time: , 4725.238501739502
best_solution: , 0.8025
worst_solution: , 0.87
mean_solution: , 0.8422500000000002
std_solution: , 0.027424897447392578



solutions runs are : 



0.86375

0.85875

0.8025

0.87

0.81625

