# Scenario 301
Mean curve: 0.6924146266358951,0.6982633504389323,0.7241862314240376,0.7295934244572575,0.7429389051355955,0.74318238665069,0.74318238665069,0.7447288790639115,0.7464037121311337,0.7464634484277711,0.7464634484277711,0.7504088724089814,0.7525001965264134,0.755113489971637,0.7594750175076708,0.7594750175076708,0.7622447227914846,0.763490316854792,0.763490316854792,0.763490316854792,0.7668023822303967,0.7699738547783733,0.77216684253535,0.7747524747384513,0.7759833935166107,0.7775633037239202,0.7775633037239202,0.7848004713997176,0.7859481028153636,0.7907085236936375,0.7933505256508824,0.7945637537881562,0.7997638465381247,0.7997638465381247,0.8034003993331993,0.8034003993331993,0.803600057458189,0.8045983826170863,0.8045983826170863,0.8095327374489429,0.810506763119939,0.8112979664657743,0.8118573649989017,0.8194106610274293,0.8227353269195845,0.8227353269195845,0.8227353269195845,0.8227353269195845,0.8228724141974582,0.8235711690387324,0.8243337815041911,0.8251143625858484,0.8260458749733542,0.8278620713005698,0.8278620713005698,0.8278620713005698,0.8296568761720586,0.8332678057284347,0.8350088875513892,0.8350088875513892,0.8370697193701021,0.8385064403781641,0.8385064403781641,0.838838335942547,0.8416773185656462,0.8416773185656462,0.8424006173769218,0.8424006173769218,0.8424006173769218,0.8424006173769218,0.8424006173769218,0.8424006173769218,0.8449433003248977,0.8449433003248977,0.8449433003248977,0.8449433003248977,0.8449433003248977,0.8449433003248977,0.8457723264466056,0.8457723264466056,0.846492200709735,0.846492200709735,0.8474234458186192,0.8482186057399097,0.8503228383429192,0.8503228383429192,0.8503228383429192,0.8516669646274589,0.8516669646274589,0.8516669646274589,0.8516669646274589,0.8516669646274589,0.8516669646274589,0.8516669646274589,0.8516669646274589,0.8516669646274589,0.8516669646274589,0.8516669646274589,0.8517449733463689,0.8517449733463689
Std curve: 0.01307987744154229,0.008796691515159242,0.013707231597450041,0.01639176594861192,0.03030713776732609,0.030359560948638283,0.030359560948638283,0.029626554760634666,0.02918380157796773,0.02919181629997944,0.02919181629997944,0.030099703706790774,0.0305452358354743,0.030690060006062385,0.033824705806859166,0.033824705806859166,0.0353688907360025,0.03582015194210866,0.03582015194210866,0.03582015194210866,0.03966246820299531,0.041025600156702174,0.040464057293545595,0.040729156706139365,0.04113755525670244,0.04223900725950561,0.04223900725950561,0.03159378844680197,0.03178831621266562,0.03080026740159618,0.031948799622897386,0.03150859713541563,0.03188402056335548,0.03188402056335548,0.02686533532380888,0.02686533532380888,0.02703599091311238,0.027049798223580328,0.027049798223580328,0.03190118542868704,0.03221767042563671,0.032182042116637555,0.03244132555935576,0.026180706496323564,0.026672986733480106,0.026672986733480106,0.026672986733480106,0.026672986733480106,0.026480177328246667,0.02678039150526116,0.026069688533548723,0.026435436195269692,0.025647825542646135,0.02444978539607386,0.02444978539607386,0.02444978539607386,0.02593030686460315,0.025659467686745784,0.027499075879250826,0.027499075879250826,0.02742291437229543,0.028420229695471946,0.028420229695471946,0.028753805864461256,0.029874366126585686,0.029874366126585686,0.030544837259322385,0.030544837259322385,0.030544837259322385,0.030544837259322385,0.030544837259322385,0.030544837259322385,0.025927758162275175,0.025927758162275175,0.025927758162275175,0.025927758162275175,0.025927758162275175,0.025927758162275175,0.025828166847004865,0.025828166847004865,0.025827862163797725,0.025827862163797725,0.026791355324983765,0.027444308006045692,0.030036938390642563,0.030036938390642563,0.030036938390642563,0.03072604782605725,0.03072604782605725,0.03072604782605725,0.03072604782605725,0.03072604782605725,0.03072604782605725,0.03072604782605725,0.03072604782605725,0.03072604782605725,0.03072604782605725,0.03072604782605725,0.030823465711510505,0.030823465711510505

mean_time: , 8670.701832056046
best_solution: , 0.7987563595251554
worst_solution: , 0.8903327426658791
mean_solution: , 0.8517449733463689
std_solution: , 0.030823465711510505



solutions runs are : 



0.8903327426658791

0.85

0.8471641791044776

0.7987563595251554

0.8724715854363321

