# Scenario 182
Mean curve: 0.50904166998114,0.50904166998114,0.50904166998114,0.50904166998114,0.50904166998114,0.50904166998114,0.5095096629393412,0.5103297141505767,0.5107192848068728,0.5107192848068728,0.5132362350351298,0.5132362350351298,0.5132362350351298,0.5132362350351298,0.5132362350351298,0.5132362350351298,0.5132362350351298,0.5132362350351298,0.5132362350351298,0.5132362350351298,0.5132362350351298,0.5135540681171022,0.513943923690157,0.5141534997489915,0.5141534997489915,0.5197893067191117,0.5197893067191117,0.5197893067191117,0.5197893067191117,0.5197893067191117,0.5197893067191117,0.5260955395976723,0.5260955395976723,0.5260955395976723,0.5260955395976723,0.5260955395976723,0.5260955395976723,0.5286372668094288,0.530266794191934,0.530266794191934,0.530266794191934,0.530266794191934,0.530266794191934,0.530266794191934,0.530266794191934,0.530266794191934,0.530266794191934,0.530266794191934,0.530266794191934,0.530266794191934,0.530266794191934,0.530266794191934,0.5311204939688833,0.5311204939688833,0.5311204939688833,0.5311204939688833,0.5311204939688833,0.5311204939688833,0.5311204939688833,0.5311204939688833,0.5311204939688833,0.5311204939688833,0.5314633982996908,0.5314633982996908,0.5314633982996908,0.5314633982996908,0.5314633982996908,0.5314633982996908,0.5314633982996908,0.5314633982996908,0.5314633982996908,0.5314633982996908,0.5314633982996908,0.5314633982996908,0.5320381917898099,0.5320381917898099,0.5320381917898099,0.5320381917898099,0.5320381917898099,0.5327969115159001,0.5330633029824651,0.5330633029824651,0.5330633029824651,0.5330633029824651,0.533099395998921,0.533099395998921,0.533099395998921,0.533099395998921,0.5335219269042489,0.5335219269042489,0.5335219269042489,0.5336395426113539,0.5336395426113539,0.5338002670998683,0.5338002670998683,0.5385841896318047,0.5385841896318047,0.5385841896318047,0.5385841896318047,0.5391655836828054
Std curve: 0.00519300520605926,0.00519300520605926,0.00519300520605926,0.00519300520605926,0.00519300520605926,0.00519300520605926,0.005518475321911955,0.0061945421330519045,0.005474206787269481,0.005474206787269481,0.0022188429619765873,0.0022188429619765873,0.0022188429619765873,0.0022188429619765873,0.0022188429619765873,0.0022188429619765873,0.0022188429619765873,0.0022188429619765873,0.0022188429619765873,0.0022188429619765873,0.0022188429619765873,0.0027552595179612866,0.002946171328751164,0.0029297903155014312,0.0029297903155014312,0.010414645246328692,0.010414645246328692,0.010414645246328692,0.010414645246328692,0.010414645246328692,0.010414645246328692,0.008501453041005486,0.008501453041005486,0.008501453041005486,0.008501453041005486,0.008501453041005486,0.008501453041005486,0.006194576033048678,0.005187174221526044,0.005187174221526044,0.005187174221526044,0.005187174221526044,0.005187174221526044,0.005187174221526044,0.005187174221526044,0.005187174221526044,0.005187174221526044,0.005187174221526044,0.005187174221526044,0.005187174221526044,0.005187174221526044,0.005187174221526044,0.0050745828679896595,0.0050745828679896595,0.0050745828679896595,0.0050745828679896595,0.0050745828679896595,0.0050745828679896595,0.0050745828679896595,0.0050745828679896595,0.0050745828679896595,0.0050745828679896595,0.005045644487794569,0.005045644487794569,0.005045644487794569,0.005045644487794569,0.005045644487794569,0.005045644487794569,0.005045644487794569,0.005045644487794569,0.005045644487794569,0.005045644487794569,0.005045644487794569,0.005045644487794569,0.004659226053911683,0.004659226053911683,0.004659226053911683,0.004659226053911683,0.004659226053911683,0.004561283011006226,0.004645486760561165,0.004645486760561165,0.004645486760561165,0.004645486760561165,0.004702024894696152,0.004702024894696152,0.004702024894696152,0.004702024894696152,0.00410986876175479,0.00410986876175479,0.00410986876175479,0.004077243821535128,0.004077243821535128,0.004013839858211138,0.004013839858211138,0.00375158894427561,0.00375158894427561,0.00375158894427561,0.00375158894427561,0.004200693313998847

mean_time: , 118577.63138370514
best_solution: , 0.5327392791789323
worst_solution: , 0.5433997866929199
mean_solution: , 0.5391655836828054
std_solution: , 0.004200693313998847



solutions runs are : 



0.5433997866929199

0.5356555772994129

0.5424782082829378

0.5327392791789323

0.5415550669598241

