# Scenario 354
Mean curve: 0.7103333333333334,0.7178888888888888,0.721,0.7256666666666667,0.7258888888888889,0.7258888888888889,0.7293333333333333,0.7336666666666666,0.7336666666666666,0.7336666666666666,0.7338888888888888,0.7346666666666667,0.7368888888888889,0.7403333333333333,0.7404444444444445,0.7417777777777779,0.7417777777777779,0.7435555555555556,0.7435555555555556,0.7464444444444445,0.7464444444444445,0.7465555555555555,0.7473333333333333,0.7481111111111111,0.7497777777777778,0.7497777777777778,0.7497777777777778,0.7501111111111112,0.7505555555555555,0.7505555555555555,0.7511111111111111,0.7523333333333333,0.7523333333333333,0.7523333333333333,0.7528888888888889,0.7533333333333333,0.7534444444444445,0.7538888888888888,0.756,0.756,0.756,0.756,0.7566666666666666,0.7568888888888889,0.7583333333333334,0.7587777777777778,0.7594444444444445,0.7607777777777778,0.7615555555555555,0.7625555555555554,0.7625555555555554,0.7643333333333333,0.7643333333333333,0.7643333333333333,0.7644444444444444,0.7644444444444444,0.7644444444444444,0.7647777777777778,0.7647777777777778,0.7661111111111112,0.7661111111111112,0.7661111111111112,0.7661111111111112,0.7667777777777778,0.7676666666666667,0.7691111111111111,0.7696666666666666,0.7701111111111112,0.7703333333333333,0.7703333333333333,0.7726666666666666,0.773,0.773,0.7736666666666666,0.7744444444444445,0.7744444444444445,0.7744444444444445,0.7744444444444445,0.7751111111111111,0.7766666666666666,0.779888888888889,0.780888888888889,0.7816666666666667,0.782,0.782,0.782,0.7825555555555556,0.7856666666666666,0.7878888888888889,0.7878888888888889,0.7878888888888889,0.7878888888888889,0.7881111111111111,0.7881111111111111,0.7881111111111111,0.7883333333333333,0.7883333333333333,0.789,0.7904444444444444,0.7918888888888889
Std curve: 0.00881637085550106,0.005548884884081692,0.007381993440832503,0.0024695678634325414,0.0022388268532899736,0.0022388268532899736,0.004758358467858629,0.008282064512704112,0.008282064512704112,0.008282064512704112,0.008635270767877975,0.00892077613851958,0.010980341580960392,0.013624596494194969,0.013491652654809382,0.012724041597224576,0.012724041597224576,0.01081037453240469,0.01081037453240469,0.00913952209896837,0.00913952209896837,0.009225568335398731,0.009946771918815607,0.008675209464863623,0.007557189365836422,0.007557189365836422,0.007557189365836422,0.007522804835471445,0.006740333728045815,0.006740333728045815,0.006740333728045815,0.00697791931915891,0.00697791931915891,0.00697791931915891,0.007481664830903283,0.007722022379508451,0.007828406646137103,0.008299933065325801,0.007812620369443102,0.007812620369443102,0.007812620369443102,0.007812620369443102,0.007302967433402215,0.0075162375667945725,0.008491099188685708,0.007844161153210143,0.008012336167697767,0.009293566073922888,0.00998393771743789,0.00872487574640025,0.00872487574640025,0.011007292756493788,0.011007292756493788,0.011007292756493788,0.010892289718357762,0.010892289718357762,0.010892289718357762,0.011147717476608006,0.011147717476608006,0.010440897742963126,0.010440897742963126,0.010440897742963126,0.010440897742963126,0.010045575157596187,0.011057649159666432,0.011528815214362387,0.011651312647927405,0.011549143520165575,0.011619481299912325,0.011619481299912325,0.015264741913278864,0.015318027787827062,0.015318027787827062,0.0148764458784788,0.015084126232484639,0.015084126232484639,0.015084126232484639,0.015084126232484639,0.01616046081728985,0.016070830872679596,0.015513435037626798,0.01589549202342182,0.016356370752631258,0.016301935051390475,0.016301935051390475,0.016301935051390475,0.0163473107238235,0.017052569409235364,0.013200261875441977,0.013200261875441977,0.013200261875441977,0.013200261875441977,0.01283609878813516,0.01283609878813516,0.01283609878813516,0.012477139589893146,0.012477139589893146,0.011703117659964067,0.009946771918815557,0.011224972160321808

mean_time: , 8371.434856414795
best_solution: , 0.7777777777777778
worst_solution: , 0.8044444444444444
mean_solution: , 0.7918888888888889
std_solution: , 0.011224972160321808



solutions runs are : 



0.7927777777777778

0.7805555555555556

0.8038888888888889

0.7777777777777778

0.8044444444444444

