# Scenario 395
Mean curve: 0.7243999999999999,0.7287000000000001,0.7294,0.7352000000000001,0.7364,0.7375999999999999,0.7379999999999999,0.7413000000000001,0.7424000000000002,0.7457,0.7457,0.7457,0.7461,0.7466,0.7488,0.7504000000000001,0.7504000000000001,0.7504000000000001,0.7515,0.7515,0.7516999999999999,0.752,0.752,0.7533,0.7533,0.7535999999999999,0.7565999999999999,0.7565999999999999,0.7565999999999999,0.7565999999999999,0.7571,0.7571,0.7571,0.7571,0.7571,0.7579,0.7579,0.7579,0.7579,0.7579,0.7579,0.7583,0.7592999999999999,0.7592999999999999,0.7592999999999999,0.7592999999999999,0.7595,0.7595,0.7595,0.7595,0.7606999999999999,0.7606999999999999,0.7606999999999999,0.7614,0.7614,0.7614,0.7617,0.7619999999999999,0.7619999999999999,0.7619999999999999,0.7629999999999999,0.7629999999999999,0.7629999999999999,0.7629999999999999,0.7629999999999999,0.7636,0.7636,0.764,0.7640999999999999,0.7649999999999999,0.7653,0.7665,0.7667999999999999,0.7676999999999999,0.7688999999999999,0.7710999999999999,0.7722,0.7731,0.7731,0.7731,0.7731,0.7731999999999999,0.7731999999999999,0.7731999999999999,0.7746999999999999,0.7746999999999999,0.7746999999999999,0.7746999999999999,0.7746999999999999,0.7746999999999999,0.7773,0.7773,0.7773,0.7777000000000001,0.7777999999999999,0.7796,0.7796,0.7796,0.7796,0.7796
Std curve: 0.006335613624582872,0.006932532004974789,0.0068512772531842394,0.0023366642891095944,0.0018814887722226749,0.0034985711369071833,0.003162277660168382,0.00601331855134915,0.0054166410255803215,0.006013318551349158,0.006013318551349158,0.006013318551349158,0.006437390775772426,0.006583312236253115,0.0034146742157927647,0.002887905815638729,0.002887905815638729,0.002887905815638729,0.0018708286933869663,0.0018708286933869663,0.0018055470085267696,0.001788854381999821,0.001788854381999821,0.0042142615011410796,0.0042142615011410796,0.004199999999999983,0.007485986908885164,0.007485986908885164,0.007485986908885164,0.007485986908885164,0.007310266752998833,0.007310266752998833,0.007310266752998833,0.007310266752998833,0.007310266752998833,0.008708616422830905,0.008708616422830905,0.008708616422830905,0.008708616422830905,0.008708616422830905,0.008708616422830905,0.008447484832777158,0.007858753081755408,0.007858753081755408,0.007858753081755408,0.007858753081755408,0.007924645102463587,0.007924645102463587,0.007924645102463587,0.007924645102463587,0.008059776671843962,0.008059776671843962,0.008059776671843962,0.008581375181169991,0.008581375181169991,0.008581375181169991,0.008863407922464143,0.008706319543871561,0.008706319543871561,0.008706319543871561,0.00773304597167248,0.00773304597167248,0.00773304597167248,0.00773304597167248,0.00773304597167248,0.007351190379795643,0.007351190379795643,0.0077588658965083305,0.007709734106958559,0.007496665925596532,0.007520638270785273,0.008074651695274547,0.00759999999999999,0.008441563836162114,0.007729165543575837,0.008278888814327675,0.006161168720299759,0.004487761134463369,0.004487761134463369,0.004487761134463369,0.004487761134463369,0.004478839135311731,0.004478839135311731,0.004478839135311731,0.006360817557515686,0.006360817557515686,0.006360817557515686,0.006360817557515686,0.006360817557515686,0.006360817557515686,0.004130375285612671,0.004130375285612671,0.004130375285612671,0.00382883794381532,0.0038418745424596986,0.0048826222462934705,0.0048826222462934705,0.0048826222462934705,0.0048826222462934705,0.0048826222462934705

mean_time: , 13224.304018449784
best_solution: , 0.773
worst_solution: , 0.7855
mean_solution: , 0.7796
std_solution: , 0.0048826222462934705



solutions runs are : 



0.773

0.7795

0.7845

0.7855

0.7755

