# Scenario 173
Mean curve: 0.7311666666666666,0.7344166666666667,0.7370833333333333,0.74,0.7413333333333332,0.7424166666666666,0.7424166666666666,0.7433333333333334,0.7459166666666667,0.7459166666666667,0.7459166666666667,0.7474999999999999,0.7483333333333333,0.7487499999999999,0.7487499999999999,0.7503333333333334,0.7503333333333334,0.7503333333333334,0.7509166666666667,0.7509166666666667,0.7509166666666667,0.7525000000000001,0.7525000000000001,0.7525000000000001,0.7525000000000001,0.7525000000000001,0.7528333333333335,0.7528333333333335,0.7529166666666667,0.7529166666666667,0.753,0.753,0.753,0.753,0.753,0.7550833333333333,0.7626666666666667,0.76275,0.76275,0.76275,0.76275,0.76275,0.7639166666666667,0.7639166666666667,0.7650833333333333,0.7650833333333333,0.7650833333333333,0.7650833333333333,0.7654166666666666,0.7654166666666666,0.7654166666666666,0.7654166666666666,0.7654166666666666,0.7654166666666666,0.7654166666666666,0.7654166666666666,0.7654166666666666,0.7654166666666666,0.7676666666666667,0.7695833333333333,0.7695833333333333,0.7695833333333333,0.7695833333333333,0.7695833333333333,0.7695833333333333,0.7701666666666667,0.7703333333333333,0.7703333333333333,0.7703333333333333,0.7703333333333333,0.7703333333333333,0.7703333333333333,0.7703333333333333,0.7703333333333333,0.7705833333333334,0.77175,0.77175,0.77175,0.77175,0.7724166666666668,0.7724166666666668,0.7724166666666668,0.7724166666666668,0.7724166666666668,0.7724166666666668,0.7724166666666668,0.7724166666666668,0.7724166666666668,0.7724166666666668,0.7724166666666668,0.7724166666666668,0.7724166666666668,0.7724166666666668,0.7724166666666668,0.7724166666666668,0.7724166666666668,0.7724166666666668,0.7724166666666668,0.7724166666666668,0.7724166666666668
Std curve: 0.006359594676112978,0.005771096564393609,0.005184110338331918,0.001989556064385567,0.0023775571029478453,0.001736055554666625,0.001736055554666625,0.0024008100484813237,0.0070484434845968546,0.0070484434845968546,0.0070484434845968546,0.006180165405913076,0.005651941652604413,0.0054326686710022346,0.0054326686710022346,0.004939916778426322,0.004939916778426322,0.004939916778426322,0.0046353113283911385,0.0046353113283911385,0.0046353113283911385,0.005590169943749485,0.005590169943749485,0.005590169943749485,0.005590169943749485,0.005590169943749485,0.005454356057317872,0.005454356057317872,0.005348935511960431,0.005348935511960431,0.005246692079565742,0.005246692079565742,0.005246692079565742,0.005246692079565742,0.005246692079565742,0.007460078939111687,0.012702799341527484,0.012598500792642848,0.012598500792642848,0.012598500792642848,0.012598500792642848,0.012598500792642848,0.011296508801887033,0.011296508801887033,0.009900196406581508,0.009900196406581508,0.009900196406581508,0.009900196406581508,0.009577897008796426,0.009577897008796426,0.009577897008796426,0.009577897008796426,0.009577897008796426,0.009577897008796426,0.009577897008796426,0.009577897008796426,0.009577897008796426,0.009577897008796426,0.007339012952101329,0.005137011669140821,0.005137011669140821,0.005137011669140821,0.005137011669140821,0.005137011669140821,0.005137011669140821,0.004983305462575357,0.004861984048604943,0.004861984048604943,0.004861984048604943,0.004861984048604943,0.004861984048604943,0.004861984048604943,0.004861984048604943,0.004861984048604943,0.004538416268063376,0.005206833117271115,0.005206833117271115,0.005206833117271115,0.005206833117271115,0.005517648452415623,0.005517648452415623,0.005517648452415623,0.005517648452415623,0.005517648452415623,0.005517648452415623,0.005517648452415623,0.005517648452415623,0.005517648452415623,0.005517648452415623,0.005517648452415623,0.005517648452415623,0.005517648452415623,0.005517648452415623,0.005517648452415623,0.005517648452415623,0.005517648452415623,0.005517648452415623,0.005517648452415623,0.005517648452415623,0.005517648452415623

mean_time: , 12458.963246107101
best_solution: , 0.765
worst_solution: , 0.7808333333333334
mean_solution: , 0.7724166666666668
std_solution: , 0.005517648452415623



solutions runs are : 



0.77625

0.77

0.765

0.7808333333333334

0.77

