# Scenario 197
Mean curve: 0.7522,0.7555999999999999,0.7564,0.758,0.7656000000000001,0.7663,0.7708999999999999,0.7708999999999999,0.7711,0.7711,0.7723000000000001,0.7727999999999999,0.7727999999999999,0.7735,0.7735,0.7737999999999999,0.7737999999999999,0.7737999999999999,0.7737999999999999,0.7756000000000001,0.7756000000000001,0.7756000000000001,0.7779,0.7795,0.7795,0.7795,0.7795,0.7795,0.7821,0.7821,0.7821,0.7821,0.7821,0.7821,0.7821,0.7827,0.7827,0.7827,0.7827,0.7827,0.7827,0.7827,0.7827,0.784,0.7849,0.7849,0.7849,0.7849,0.7849,0.7849,0.7859999999999999,0.7861,0.7861,0.7861,0.7861,0.7861,0.7861,0.7861,0.7861,0.7861,0.7861,0.7861,0.7865,0.7868,0.7871,0.7871,0.7871,0.7903,0.7903,0.7903,0.7903,0.7903,0.7903,0.7903,0.7903,0.7903,0.7914,0.7914,0.7914,0.7914,0.7914,0.7918000000000001,0.7918000000000001,0.7918000000000001,0.792,0.792,0.792,0.792,0.792,0.792,0.792,0.7922,0.7922,0.7922,0.7922,0.7922,0.7922,0.7922,0.7922,0.7922
Std curve: 0.006185466837676832,0.0019595917942265445,0.0029393876913398165,0.004560701700396556,0.00458693797647189,0.004237924020083424,0.005219195340279965,0.005219195340279965,0.0050039984012787316,0.0050039984012787316,0.0043081318457076166,0.003969886648255845,0.003969886648255845,0.0033166247903554094,0.0033166247903554094,0.003140063693621532,0.003140063693621532,0.003140063693621532,0.003140063693621532,0.004042276586281571,0.004042276586281571,0.004042276586281571,0.005266877632905478,0.005787918451395108,0.005787918451395108,0.005787918451395108,0.005787918451395108,0.005787918451395108,0.00491324739861528,0.00491324739861528,0.00491324739861528,0.00491324739861528,0.00491324739861528,0.00491324739861528,0.00491324739861528,0.004057092555020164,0.004057092555020164,0.004057092555020164,0.004057092555020164,0.004057092555020164,0.004057092555020164,0.004057092555020164,0.004057092555020164,0.0043358966777357665,0.0025961509971494157,0.0025961509971494157,0.0025961509971494157,0.0025961509971494157,0.0025961509971494157,0.0025961509971494157,0.00388587184554509,0.003733630940518912,0.003733630940518912,0.003733630940518912,0.003733630940518912,0.003733630940518912,0.003733630940518912,0.003733630940518912,0.003733630940518912,0.003733630940518912,0.003733630940518912,0.003733630940518912,0.0037549966711037325,0.0036823905279044127,0.0031843366656181334,0.0031843366656181334,0.0031843366656181334,0.0017776388834631369,0.0017776388834631369,0.0017776388834631369,0.0017776388834631369,0.0017776388834631369,0.0017776388834631369,0.0017776388834631369,0.0017776388834631369,0.0017776388834631369,0.001356465996625055,0.001356465996625055,0.001356465996625055,0.001356465996625055,0.001356465996625055,0.0014696938456699082,0.0014696938456699082,0.0014696938456699082,0.0015491933384829681,0.0015491933384829681,0.0015491933384829681,0.0015491933384829681,0.0015491933384829681,0.0015491933384829681,0.0015491933384829681,0.0017204650534085267,0.0017204650534085267,0.0017204650534085267,0.0017204650534085267,0.0017204650534085267,0.0017204650534085267,0.0017204650534085267,0.0017204650534085267,0.0017204650534085267

mean_time: , 13162.67509856224
best_solution: , 0.789
worst_solution: , 0.794
mean_solution: , 0.7922
std_solution: , 0.0017204650534085267



solutions runs are : 



0.793

0.792

0.794

0.789

0.793

