# Scenario 218
Mean curve: 0.7915,0.8015000000000001,0.8055,0.8254999999999999,0.8365,0.841,0.8445,0.8455,0.8504999999999999,0.8595,0.865,0.8799999999999999,0.882,0.8875,0.8875,0.8879999999999999,0.8879999999999999,0.8879999999999999,0.892,0.892,0.892,0.893,0.8960000000000001,0.905,0.9094999999999999,0.9149999999999998,0.9149999999999998,0.9164999999999999,0.9185000000000001,0.9215,0.9289999999999999,0.9289999999999999,0.9289999999999999,0.933,0.9345000000000001,0.9349999999999999,0.9359999999999999,0.9359999999999999,0.9359999999999999,0.937,0.9390000000000001,0.9405000000000001,0.9405000000000001,0.942,0.942,0.942,0.9435,0.9465,0.9490000000000001,0.9490000000000001,0.95,0.95,0.9504999999999999,0.9504999999999999,0.9525,0.9525,0.9550000000000001,0.9550000000000001,0.9550000000000001,0.9550000000000001,0.9550000000000001,0.9555,0.958,0.9584999999999999,0.9584999999999999,0.9625,0.9635,0.967,0.967,0.968,0.968,0.968,0.9685,0.9695,0.9719999999999999,0.975,0.975,0.975,0.976,0.976,0.9765,0.9765,0.9775,0.9775,0.978,0.978,0.978,0.978,0.978,0.9785,0.9800000000000001,0.9804999999999999,0.9804999999999999,0.9814999999999999,0.9814999999999999,0.982,0.982,0.982,0.9844999999999999,0.9844999999999999
Std curve: 0.018138357147217066,0.0076811457478686215,0.012688577540449513,0.02347338918861098,0.01655294535724683,0.010793516572461448,0.009407443861113378,0.009669539802906845,0.010653637876331248,0.006204836822995424,0.014832396974191302,0.011832159566199206,0.00979795897113268,0.012747548783981983,0.012747548783981983,0.012389511693363877,0.012389511693363877,0.012389511693363877,0.010653637876331277,0.010653637876331277,0.010653637876331277,0.00966953980290688,0.01019803902718558,0.013874436925511597,0.015604486534327243,0.008660254037844406,0.008660254037844406,0.006819090848492938,0.0046368092477478634,0.006041522986797314,0.011247221879201979,0.011247221879201979,0.011247221879201979,0.009273618495495671,0.009273618495495671,0.00880340843082948,0.008154753215150017,0.008154753215150017,0.008154753215150017,0.006964194138592031,0.009823441352194241,0.010416333327999822,0.010416333327999822,0.009539392014169467,0.009539392014169467,0.009539392014169467,0.008154753215150046,0.007176350047203673,0.006633249580710804,0.006633249580710804,0.0050000000000000044,0.0050000000000000044,0.00509901951359279,0.00509901951359279,0.005477225575051666,0.005477225575051666,0.006708203932499376,0.006708203932499376,0.006708203932499376,0.006708203932499376,0.006708203932499376,0.0057879184513951396,0.008276472678623437,0.007516648189186449,0.007516648189186449,0.00474341649025255,0.004062019202317962,0.0076485292703891644,0.0076485292703891644,0.006595452979136446,0.006595452979136446,0.006595452979136446,0.006244997998398393,0.005999999999999992,0.007968688725254622,0.009354143466934856,0.009354143466934856,0.009354143466934856,0.00845576726264388,0.00845576726264388,0.009027735042633907,0.009027735042633907,0.008514693182963207,0.008514693182963207,0.007648529270389204,0.007648529270389204,0.007648529270389204,0.007648529270389204,0.007648529270389204,0.006819090848492936,0.005700877125495695,0.005099019513592804,0.005099019513592804,0.005385164807134521,0.005385164807134521,0.0048476798574163356,0.0048476798574163356,0.0048476798574163356,0.003674234614174767,0.003674234614174767

mean_time: , 3615.5389155864714
best_solution: , 0.9775
worst_solution: , 0.9875
mean_solution: , 0.9844999999999999
std_solution: , 0.003674234614174767



solutions runs are : 



0.9775

0.985

0.985

0.9875

0.9875

