# Scenario 340
Mean curve: 0.611566429031819,0.6181217252399326,0.6188278980988132,0.6262877033075809,0.6303268861362433,0.6331927160823458,0.6370885867106435,0.6370885867106435,0.6380072070217432,0.6394092894929757,0.6423537001021902,0.6438712130121844,0.6439018911157927,0.64973612451493,0.6518055302936826,0.6523487407057557,0.6580219016894052,0.6587593021143772,0.6600956687738554,0.6600956687738554,0.660240447684394,0.6659377263389936,0.6676463774700981,0.6676463774700981,0.6699464895730795,0.6699464895730795,0.6699464895730795,0.6727742121639054,0.6727742121639054,0.6727742121639054,0.6737552833983589,0.6754432659324303,0.6760933204498165,0.6762563326054276,0.6762563326054276,0.677469828060449,0.679584401823825,0.679584401823825,0.6807252461322566,0.6808822333328635,0.6808822333328635,0.6808822333328635,0.6818968885643282,0.6828191124924372,0.6828191124924372,0.6828191124924372,0.6829859789946415,0.6832919040810608,0.6835424347504657,0.6873010350648248,0.6873010350648248,0.6885829615925718,0.6897000916689379,0.6897000916689379,0.6897000916689379,0.6901969652021916,0.6902751350994021,0.6902751350994021,0.6902751350994021,0.6912899814167465,0.691457384456711,0.6917113246399224,0.6930821607945598,0.6933524893630028,0.6950282308299223,0.6956226332416773,0.6960139728263394,0.6981224615805028,0.6981224615805028,0.6981224615805028,0.6981224615805028,0.6981224615805028,0.6992554807969776,0.6995403253123812,0.6995403253123812,0.7018146020783255,0.7018146020783255,0.7018146020783255,0.7020863615993582,0.7020863615993582,0.702303650695217,0.7031988186922596,0.7038846514600658,0.7041210826230688,0.7047506868327116,0.7049561244040706,0.7061119716829284,0.7071465660429241,0.7092867139170445,0.7092867139170445,0.7092867139170445,0.7096883842401563,0.7097901066302297,0.7097901066302297,0.7112019690408191,0.7113703726208098,0.7113703726208098,0.7113703726208098,0.7114035151859712,0.7117360293113194
Std curve: 0.005379159412401245,0.006928098422166635,0.00805911849687231,0.011531834177052162,0.014419241890821081,0.012187892525334188,0.009354359853765159,0.009354359853765159,0.010744087491318957,0.01100720880690818,0.01024081285980951,0.008745817731940954,0.008745044485651547,0.011715770596609592,0.012648431621682745,0.012069786514160956,0.01018809150722432,0.010378533638723451,0.011444212053306167,0.011444212053306167,0.011452904230104033,0.007894489028817444,0.005881004194828801,0.005881004194828801,0.007242286750798877,0.007242286750798877,0.007242286750798877,0.01091910118369042,0.01091910118369042,0.01091910118369042,0.010250828391432548,0.008853658275781221,0.008429711769400182,0.00837254995753339,0.00837254995753339,0.0099385797431818,0.00895679059861478,0.00895679059861478,0.008409817128403281,0.008353815472745345,0.008353815472745345,0.008353815472745345,0.008274889561717187,0.008627042644124469,0.008627042644124469,0.008627042644124469,0.008730965481346518,0.00895072542794837,0.00864913463435804,0.009472245820246656,0.009472245820246656,0.009343033266236662,0.009921624423777455,0.009921624423777455,0.009921624423777455,0.009429283505247266,0.009345115834423596,0.009345115834423596,0.009345115834423596,0.008587845908159506,0.008729783493365543,0.008510016759310806,0.007722455135315208,0.0077546679246089725,0.009326001786061138,0.010088753239579501,0.010495349216761063,0.012040052451825706,0.012040052451825706,0.012040052451825706,0.012040052451825706,0.012040052451825706,0.010978907894575188,0.010831006001129222,0.010831006001129222,0.012912904810802555,0.012912904810802555,0.012912904810802555,0.012794488051565365,0.012794488051565365,0.012715736823001408,0.012545794853587118,0.0136601034594587,0.013365436661216817,0.012780369552901634,0.01276429724089876,0.013440751917986453,0.013783982691327223,0.015363305767992,0.015363305767992,0.015363305767992,0.01499053629974069,0.015123164606834556,0.015123164606834556,0.013818923809051415,0.013642004235085724,0.013642004235085724,0.013642004235085724,0.013641323065928015,0.014083354120996547

mean_time: , 53199.95924072266
best_solution: , 0.695471078258829
worst_solution: , 0.7312496334955726
mean_solution: , 0.7117360293113194
std_solution: , 0.014083354120996547



solutions runs are : 



0.7312496334955726

0.695471078258829

0.7112274304534494

0.6972823804667346

0.7234496238820115

