# Scenario 366
Mean curve: 0.6988333333333333,0.7010833333333333,0.701125,0.7085833333333333,0.7134583333333333,0.7134583333333333,0.7134583333333333,0.715375,0.717875,0.7203333333333333,0.7204999999999999,0.7231249999999999,0.7232083333333332,0.723625,0.7258333333333333,0.7268333333333332,0.7277916666666666,0.7290416666666666,0.7296666666666666,0.7301249999999999,0.7313333333333333,0.7322916666666666,0.7330833333333333,0.7330833333333333,0.7340416666666666,0.735,0.7358333333333332,0.7365,0.737125,0.7383333333333333,0.7383333333333333,0.7387916666666665,0.7387916666666665,0.7387916666666665,0.7387916666666665,0.7387916666666665,0.7391666666666665,0.7400416666666666,0.7400416666666666,0.7404166666666666,0.7417083333333333,0.7435416666666667,0.7435416666666667,0.74425,0.744375,0.7444583333333333,0.7447083333333333,0.746375,0.7475833333333334,0.7475833333333334,0.748375,0.7485416666666667,0.749625,0.7502916666666667,0.7502916666666667,0.7502916666666667,0.7505833333333333,0.7515833333333334,0.7515833333333334,0.7518333333333334,0.7518333333333334,0.7530833333333333,0.7530833333333333,0.7530833333333333,0.7544583333333332,0.7544583333333332,0.7544583333333332,0.7547083333333334,0.7547083333333334,0.7547083333333334,0.7547083333333334,0.7547083333333334,0.7554166666666667,0.755625,0.756875,0.75775,0.75775,0.75775,0.75775,0.75775,0.7579999999999999,0.7579999999999999,0.7579999999999999,0.7580416666666665,0.7580416666666665,0.7580416666666665,0.7580416666666665,0.7580416666666665,0.7580416666666665,0.7580416666666665,0.7598333333333334,0.7604166666666667,0.7604166666666667,0.7604166666666667,0.7604166666666667,0.7604166666666667,0.7607083333333333,0.7607083333333333,0.7607083333333333,0.7612916666666666
Std curve: 0.004728019317501421,0.0077486557974055575,0.007735425363582509,0.010106550406103502,0.007599570528801102,0.007599570528801102,0.007599570528801102,0.006389281388909614,0.0058085784262014595,0.005263210891546018,0.005419230162629683,0.008914135154660571,0.008809913923151204,0.008319363290273822,0.007312470322826771,0.006222718234198155,0.005735186231597994,0.004827942395863671,0.004817142421717585,0.004876246279442604,0.004811733344417362,0.003448530282759752,0.0031715970389974944,0.0031715970389974944,0.0033400973039718275,0.004411553644188786,0.004291868927272667,0.005236424246457583,0.00599392053111596,0.006415854927010473,0.006415854927010473,0.007086273899432481,0.007086273899432481,0.007086273899432481,0.007086273899432481,0.007086273899432481,0.006576209225517248,0.007366167026796687,0.007366167026796687,0.006910891162988065,0.005975063923414471,0.006827487336739149,0.006827487336739149,0.0076971766107955435,0.007867169828541345,0.007842414948357572,0.007647394254835371,0.0072368175172362655,0.008176227396815991,0.008176227396815991,0.008887217724850066,0.00882605832495774,0.009843744488534638,0.009718789076377344,0.009718789076377344,0.009718789076377344,0.010089357704477001,0.009675821814077517,0.009675821814077517,0.009997742800808167,0.009997742800808167,0.010512393479444484,0.010512393479444484,0.010512393479444484,0.011234248231783633,0.011234248231783633,0.011234248231783633,0.010900114678295844,0.010900114678295844,0.010900114678295844,0.010900114678295844,0.010900114678295844,0.01134068389080269,0.01111649175274687,0.010207908154410935,0.009721289637811579,0.009721289637811579,0.009721289637811579,0.009721289637811579,0.009721289637811579,0.009807699639682222,0.009807699639682222,0.009807699639682222,0.009846565955251189,0.009846565955251189,0.009846565955251189,0.009846565955251189,0.009846565955251189,0.009846565955251189,0.009846565955251189,0.006829267082849303,0.006452282111349795,0.006452282111349795,0.006452282111349795,0.006452282111349795,0.006452282111349795,0.005960809508783189,0.005960809508783189,0.005960809508783189,0.005067941177418897

mean_time: , 21798.584835243226
best_solution: , 0.7535416666666667
worst_solution: , 0.7672916666666667
mean_solution: , 0.7612916666666666
std_solution: , 0.005067941177418897



solutions runs are : 



0.7535416666666667

0.7575

0.7672916666666667

0.7629166666666667

0.7652083333333334

