# Scenario 134
Mean curve: 0.7595000000000001,0.7825,0.7913333333333332,0.7971666666666667,0.8046666666666666,0.8078333333333333,0.8133333333333335,0.8133333333333335,0.8156666666666667,0.8158333333333333,0.8158333333333333,0.8160000000000001,0.8160000000000001,0.8160000000000001,0.8230000000000001,0.8236666666666668,0.8283333333333334,0.8290000000000001,0.8290000000000001,0.8290000000000001,0.8305000000000001,0.834,0.834,0.8343333333333334,0.8343333333333334,0.8348333333333334,0.8348333333333334,0.8348333333333334,0.8348333333333334,0.8368333333333334,0.8368333333333334,0.8371666666666666,0.8371666666666666,0.8371666666666666,0.8371666666666666,0.8371666666666666,0.8371666666666666,0.8371666666666666,0.8371666666666666,0.8401666666666667,0.8403333333333334,0.8403333333333334,0.8403333333333334,0.8403333333333334,0.8408333333333335,0.8413333333333334,0.8413333333333334,0.8413333333333334,0.8413333333333334,0.8413333333333334,0.8445,0.8445,0.8445,0.8445,0.8445,0.8445,0.8445,0.8456666666666667,0.8456666666666667,0.8456666666666667,0.8456666666666667,0.8463333333333333,0.8463333333333333,0.8471666666666667,0.8471666666666667,0.8471666666666667,0.8484999999999999,0.8484999999999999,0.85,0.85,0.85,0.8506666666666666,0.8506666666666666,0.8506666666666666,0.8506666666666666,0.8506666666666666,0.8506666666666666,0.8508333333333333,0.8508333333333333,0.8525,0.8538333333333332,0.8538333333333332,0.8538333333333332,0.8538333333333332,0.8538333333333332,0.8538333333333332,0.8538333333333332,0.8545,0.8545,0.8545,0.8549999999999999,0.8549999999999999,0.8549999999999999,0.8549999999999999,0.8549999999999999,0.8549999999999999,0.8549999999999999,0.8563333333333333,0.8563333333333333,0.8563333333333333
Std curve: 0.009952665751222388,0.011377365443917339,0.01029563014098701,0.013546217184144055,0.006182412330330466,0.008175165645620486,0.009958246164193097,0.009958246164193097,0.010921436616937247,0.011067971810589328,0.011067971810589328,0.010844865656664954,0.010844865656664954,0.010844865656664954,0.016621605752086,0.01579908576820542,0.019285861257523487,0.018629427139758126,0.018629427139758126,0.018629427139758126,0.01700163390840881,0.014957346764123075,0.014957346764123075,0.014466436250085169,0.014466436250085169,0.013757826055659327,0.013757826055659327,0.013757826055659327,0.013757826055659327,0.011479450238481717,0.011479450238481717,0.011249691353790822,0.011249691353790822,0.011249691353790822,0.011249691353790822,0.011249691353790822,0.011249691353790822,0.011249691353790822,0.011249691353790822,0.008919392106839796,0.008733715004382624,0.008733715004382624,0.008733715004382624,0.008733715004382624,0.0082158383625775,0.007756717518813416,0.007756717518813416,0.007756717518813416,0.007756717518813416,0.007756717518813416,0.007756717518813397,0.007756717518813397,0.007756717518813397,0.007756717518813397,0.007756717518813397,0.007756717518813397,0.007756717518813397,0.009180292902613584,0.009180292902613584,0.009180292902613584,0.009180292902613584,0.009466314547441927,0.009466314547441927,0.010063686092966996,0.010063686092966996,0.010063686092966996,0.011754431788336957,0.011754431788336957,0.010069204977995471,0.010069204977995471,0.010069204977995471,0.00924061085041941,0.00924061085041941,0.00924061085041941,0.00924061085041941,0.00924061085041941,0.00924061085041941,0.009082951062292476,0.009082951062292476,0.007582875444051535,0.006159906204192104,0.006159906204192104,0.006159906204192104,0.006159906204192104,0.006159906204192104,0.006159906204192104,0.006159906204192104,0.007389933092465103,0.007389933092465103,0.007389933092465103,0.0072072494368131965,0.0072072494368131965,0.0072072494368131965,0.0072072494368131965,0.0072072494368131965,0.0072072494368131965,0.0072072494368131965,0.00642477842246545,0.00642477842246545,0.00642477842246545

mean_time: , 5418.569018173218
best_solution: , 0.8491666666666666
worst_solution: , 0.8683333333333333
mean_solution: , 0.8563333333333333
std_solution: , 0.00642477842246545



solutions runs are : 



0.8491666666666666

0.855

0.8558333333333333

0.8683333333333333

0.8533333333333334

