# Scenario 116
Mean curve: 0.8559999999999999,0.8795,0.8875,0.9019999999999999,0.906,0.9129999999999999,0.9199999999999999,0.9225,0.923,0.925,0.9324999999999999,0.9380000000000001,0.9380000000000001,0.9380000000000001,0.9390000000000001,0.9410000000000001,0.9465,0.9475,0.9475,0.9475,0.9504999999999999,0.954,0.9570000000000001,0.9570000000000001,0.9570000000000001,0.9570000000000001,0.9570000000000001,0.9575000000000001,0.9585000000000001,0.9615,0.9630000000000001,0.9630000000000001,0.9644999999999999,0.9644999999999999,0.9644999999999999,0.9644999999999999,0.9709999999999999,0.9709999999999999,0.9709999999999999,0.9709999999999999,0.9709999999999999,0.9709999999999999,0.9724999999999999,0.974,0.974,0.974,0.974,0.9745000000000001,0.9745000000000001,0.9790000000000001,0.9790000000000001,0.9800000000000001,0.9800000000000001,0.9800000000000001,0.9800000000000001,0.9800000000000001,0.982,0.9824999999999999,0.9824999999999999,0.9824999999999999,0.9824999999999999,0.9824999999999999,0.9824999999999999,0.9824999999999999,0.9824999999999999,0.9824999999999999,0.983,0.9835,0.9835,0.9835,0.9845,0.9855,0.9855,0.9855,0.9855,0.9855,0.9855,0.9855,0.9855,0.9875,0.9875,0.9880000000000001,0.9880000000000001,0.9880000000000001,0.9894999999999999,0.9894999999999999,0.9894999999999999,0.9894999999999999,0.9894999999999999,0.9894999999999999,0.9894999999999999,0.9935,0.9935,0.9935,0.9935,0.9935,0.9935,0.9935,0.9935,0.9935
Std curve: 0.035376545902617455,0.023947860029656085,0.018506755523321747,0.021470910553583904,0.01786057109949176,0.015362291495737236,0.017392527130926063,0.015083103128998339,0.01478174549909446,0.014230249470757688,0.013322912594474235,0.00871779788708135,0.00871779788708135,0.00871779788708135,0.008602325267042632,0.0066332495807108075,0.005147815070493522,0.004183300132670395,0.004183300132670395,0.004183300132670395,0.004847679857416359,0.009695359714832676,0.011000000000000022,0.011000000000000022,0.011000000000000022,0.011000000000000022,0.011000000000000022,0.01172603939955858,0.010793516572461453,0.010793516572461458,0.009137833441248551,0.009137833441248551,0.010295630140987012,0.010295630140987012,0.010295630140987012,0.010295630140987012,0.012409673645990868,0.012409673645990868,0.012409673645990868,0.012409673645990868,0.012409673645990868,0.012409673645990868,0.012041594578792307,0.009300537618869124,0.009300537618869124,0.009300537618869124,0.009300537618869124,0.009273618495495692,0.009273618495495692,0.013838352503098056,0.013838352503098056,0.01369306393762916,0.01369306393762916,0.01369306393762916,0.01369306393762916,0.01369306393762916,0.011768602295939855,0.011510864433221368,0.011510864433221368,0.011510864433221368,0.011510864433221368,0.011510864433221368,0.011510864433221368,0.011510864433221368,0.011510864433221368,0.011510864433221368,0.010770329614269021,0.01067707825203132,0.01067707825203132,0.01067707825203132,0.009273618495495713,0.008717797887081356,0.008717797887081356,0.008717797887081356,0.008717797887081356,0.008717797887081356,0.008717797887081356,0.008717797887081356,0.008717797887081356,0.008944271909999166,0.008944271909999166,0.009273618495495704,0.009273618495495704,0.009273618495495704,0.007968688725254634,0.007968688725254634,0.007968688725254634,0.007968688725254634,0.007968688725254634,0.007968688725254634,0.007968688725254634,0.0033911649915626275,0.0033911649915626275,0.0033911649915626275,0.0033911649915626275,0.0033911649915626275,0.0033911649915626275,0.0033911649915626275,0.0033911649915626275,0.0033911649915626275

mean_time: , 3592.905378770828
best_solution: , 0.9875
worst_solution: , 0.9975
mean_solution: , 0.9935
std_solution: , 0.0033911649915626275



solutions runs are : 



0.9875

0.995

0.9925

0.9975

0.995

