# Scenario 215
Mean curve: 0.7945,0.8115,0.8314999999999999,0.8370000000000001,0.8375,0.8405000000000001,0.842,0.8584999999999999,0.8640000000000001,0.8675,0.8690000000000001,0.876,0.8825,0.884,0.8895,0.891,0.8920000000000001,0.898,0.9,0.9065,0.9065,0.907,0.9094999999999999,0.915,0.9155000000000001,0.9190000000000002,0.9190000000000002,0.9255000000000001,0.9285,0.9285,0.9334999999999999,0.9355,0.9365,0.9385,0.9405000000000001,0.942,0.9484999999999999,0.9484999999999999,0.9490000000000001,0.9490000000000001,0.9490000000000001,0.9490000000000001,0.954,0.954,0.9549999999999998,0.9549999999999998,0.9559999999999998,0.9574999999999999,0.9574999999999999,0.958,0.958,0.961,0.9635,0.966,0.966,0.9665000000000001,0.9670000000000002,0.9685,0.9685,0.9685,0.9715000000000001,0.9715000000000001,0.9715000000000001,0.9715000000000001,0.975,0.976,0.9765,0.9795,0.9795,0.9795,0.9795,0.9795,0.9800000000000001,0.9800000000000001,0.9810000000000001,0.982,0.984,0.984,0.984,0.984,0.984,0.984,0.984,0.9845,0.9855,0.986,0.9880000000000001,0.99,0.9905000000000002,0.9905000000000002,0.9905000000000002,0.9905000000000002,0.9905000000000002,0.9905000000000002,0.991,0.991,0.991,0.991,0.9930000000000001,0.9930000000000001
Std curve: 0.02111871208194286,0.014456832294800928,0.013379088160259652,0.012083045973594584,0.011832159566199239,0.008426149773176355,0.009669539802906867,0.017507141400011614,0.02294558781116755,0.01903943276465977,0.019659603251337497,0.014543039572248997,0.01635542723379613,0.01617096162879623,0.009539392014169479,0.008000000000000007,0.007483314773547889,0.013910427743243546,0.012549900398011123,0.014456832294800959,0.014456832294800959,0.01408900280360538,0.014265342617687136,0.009082951062292496,0.009539392014169486,0.0037416573867739447,0.0037416573867739447,0.00927361849549567,0.0076811457478685756,0.0076811457478685756,0.008602325267042589,0.0059999999999999585,0.005385164807134467,0.00888819441731556,0.007483314773547853,0.006964194138592038,0.008306623862918038,0.008306623862918038,0.007516648189186434,0.007516648189186434,0.007516648189186434,0.007516648189186434,0.006442049363362563,0.006442049363362563,0.006892024376045109,0.006892024376045109,0.007842193570679059,0.009486832980505129,0.009486832980505129,0.009407443861113378,0.009407443861113378,0.005612486080160903,0.006244997998398393,0.0051478150704935,0.0051478150704935,0.005147815070493501,0.005099019513592783,0.0025495097567964035,0.0025495097567964035,0.0025495097567964035,0.008154753215150063,0.008154753215150063,0.008154753215150063,0.008154753215150063,0.00758287544405158,0.0071763500472036895,0.008000000000000009,0.005567764362830023,0.005567764362830023,0.005567764362830023,0.005567764362830023,0.005567764362830023,0.006519202405202671,0.006519202405202671,0.006041522986797306,0.006204836822995444,0.008154753215150055,0.008154753215150055,0.008154753215150055,0.008154753215150055,0.008154753215150055,0.008154753215150055,0.008154753215150055,0.007648529270389176,0.0073143694191638905,0.00681909084849293,0.004847679857416331,0.004183300132670395,0.004582575694955849,0.004582575694955849,0.004582575694955849,0.004582575694955849,0.004582575694955849,0.004582575694955849,0.004062019202317978,0.004062019202317978,0.004062019202317978,0.004062019202317978,0.004301162633521327,0.004301162633521327

mean_time: , 3604.3293541908265
best_solution: , 0.985
worst_solution: , 0.9975
mean_solution: , 0.9930000000000001
std_solution: , 0.004301162633521327



solutions runs are : 



0.995

0.9975

0.995

0.9925

0.985

