# Scenario 377
Mean curve: 0.7295,0.7336250000000001,0.7340000000000001,0.73775,0.7398750000000001,0.7405000000000002,0.7426250000000001,0.7436250000000001,0.7450000000000001,0.7450000000000001,0.7450000000000001,0.749,0.749,0.749,0.749,0.749,0.749,0.749125,0.749125,0.752375,0.754125,0.754125,0.754875,0.757,0.757,0.7581249999999999,0.7587499999999999,0.76025,0.76025,0.76025,0.7605000000000001,0.7605000000000001,0.76075,0.76075,0.76075,0.7635,0.76525,0.768375,0.768625,0.7703749999999999,0.771875,0.773375,0.77425,0.774625,0.774625,0.774625,0.7753749999999999,0.7753749999999999,0.7776249999999999,0.7776249999999999,0.7776249999999999,0.7776249999999999,0.78,0.7807499999999999,0.7807499999999999,0.7807499999999999,0.7807499999999999,0.7813749999999999,0.7819999999999999,0.782125,0.782125,0.782125,0.782375,0.782375,0.782375,0.782375,0.782375,0.7842500000000001,0.784375,0.7846249999999999,0.7849999999999999,0.7849999999999999,0.7849999999999999,0.78575,0.7858750000000001,0.7858750000000001,0.789375,0.7907500000000001,0.791,0.7911249999999999,0.7911249999999999,0.7911249999999999,0.7911249999999999,0.7914999999999999,0.7914999999999999,0.7922499999999999,0.7922499999999999,0.7922499999999999,0.7928750000000001,0.7928750000000001,0.7933749999999999,0.794875,0.794875,0.794875,0.794875,0.794875,0.794875,0.794875,0.794875,0.794875
Std curve: 0.0016007810593582112,0.0035663356544217827,0.004023369234857766,0.008145167278822467,0.011218010073092297,0.010871407452579465,0.012483739423746395,0.012076578571764434,0.012048080760021482,0.012048080760021482,0.012048080760021482,0.013208661930718055,0.013208661930718055,0.013208661930718055,0.013208661930718055,0.013208661930718055,0.013208661930718055,0.013089833841573407,0.013089833841573407,0.01157448702967004,0.012200153687556555,0.012200153687556555,0.012756125979308915,0.014627670696320715,0.014627670696320715,0.01575694291415691,0.014784916300067452,0.01631046443238207,0.01631046443238207,0.01631046443238207,0.016608544487702718,0.016608544487702718,0.016916153522594908,0.016916153522594908,0.016916153522594908,0.014435200033252046,0.01627690081065803,0.01709623496562913,0.017416766347402145,0.015276616117452199,0.01697424519676795,0.017045893933730804,0.016034143257436625,0.01593737745050924,0.01593737745050924,0.01593737745050924,0.015848895860595475,0.015848895860595475,0.016169995361780397,0.016169995361780397,0.016169995361780397,0.016169995361780397,0.013618691199964814,0.01281722473860857,0.01281722473860857,0.01281722473860857,0.01281722473860857,0.01228184635956662,0.01185458771952866,0.012038999127834524,0.012038999127834524,0.012038999127834524,0.011900630235411925,0.011900630235411925,0.011900630235411925,0.011900630235411925,0.011900630235411925,0.010295630140986995,0.010488088481701506,0.010880027573494454,0.011173349990043267,0.011173349990043267,0.011173349990043267,0.010587433588929837,0.010507437841833745,0.010507437841833745,0.010672687103068268,0.008860022573334672,0.0085841423566947,0.008453919209455462,0.008453919209455462,0.008453919209455462,0.008453919209455462,0.008097067370350814,0.008097067370350814,0.008492643875731495,0.008492643875731495,0.008492643875731495,0.007990228407248435,0.007990228407248435,0.008297213387638029,0.009789982124600633,0.009789982124600633,0.009789982124600633,0.009789982124600633,0.009789982124600633,0.009789982124600633,0.009789982124600633,0.009789982124600633,0.009789982124600633

mean_time: , 9483.954824209213
best_solution: , 0.78
worst_solution: , 0.806875
mean_solution: , 0.794875
std_solution: , 0.009789982124600633



solutions runs are : 



0.806875

0.801875

0.7875

0.798125

0.78

