# Scenario 364
Mean curve: 0.5162433317109374,0.5208307381557512,0.5255142776108972,0.5299858100637233,0.5314769132721153,0.5341182725007698,0.5370032669084022,0.5380289684460288,0.5407676055298531,0.542606817298125,0.5437781281768663,0.5437781281768663,0.5469813164979735,0.5483356363100105,0.5526326810366505,0.5526326810366505,0.5533574630701247,0.5540119600963813,0.5573312829768716,0.5587843279739915,0.5592895532648138,0.5592895532648138,0.5593432430359504,0.5604998953664876,0.5609392460746563,0.5615800129093811,0.5621759848546221,0.5634495358571313,0.5642807673826422,0.56524594662036,0.5658863149073734,0.569043351246141,0.5722883322585034,0.5726346130721074,0.5726346130721074,0.5726346130721074,0.5726728555730759,0.5731632974786491,0.5749190130416847,0.576277773454306,0.5773577766283331,0.5778674201844185,0.579484439698845,0.5799205630294125,0.5799205630294125,0.5799205630294125,0.5801803709805206,0.5803248358433739,0.5815652181767794,0.5815652181767794,0.5843716479404947,0.5843764599713185,0.5843764599713185,0.5855416932040807,0.5865499338948322,0.5865499338948322,0.5873186493223879,0.5885399785074193,0.5902052247718121,0.5902052247718121,0.5902140355997344,0.5902431747098907,0.5913382768005644,0.5940363286474458,0.5947928290213376,0.5950963301441157,0.5953581130178345,0.5956717494691166,0.5960477734986411,0.5960477734986411,0.5967417101176821,0.5967417101176821,0.5970027526015993,0.5973050433380683,0.5973130310400215,0.5975478388252764,0.5975478388252764,0.5976873992885998,0.5976873992885998,0.598042017072405,0.5982413181926651,0.5984533267419764,0.5991574221588548,0.599667754344462,0.5998139488601881,0.5998139488601881,0.600410280547295,0.600410280547295,0.600410280547295,0.600410280547295,0.6007181661190276,0.6016443839792227,0.6038615616404062,0.6041139210281845,0.6041548633666168,0.6055565912527785,0.6062695625210744,0.6063937725794747,0.6065524570168962,0.6075820084387071
Std curve: 0.0007070517251313796,0.00476180355046815,0.0069907891650392235,0.010430886366834738,0.008724803432523156,0.007622328542865631,0.006010353009859793,0.004679093832142688,0.005417209125527309,0.007570473447446369,0.008048343728724457,0.008048343728724457,0.011776466553946608,0.010935951394121641,0.010601169950506252,0.010601169950506252,0.011515233827518906,0.010834710915390768,0.008294018505243176,0.007498036954104706,0.00763458344807219,0.00763458344807219,0.007665999839541013,0.007193459879084073,0.0067993122350120455,0.006009999766878376,0.006548611334270902,0.006305173604733797,0.006686638679392066,0.0063413324127033505,0.006817285571267706,0.005992167512426843,0.00827038333655976,0.008134846784926065,0.008134846784926065,0.008134846784926065,0.008129767970296303,0.007660709903806754,0.007846241357883943,0.008433692918199285,0.006907608804067641,0.006733165799931162,0.006725113268866831,0.0067040165306605426,0.0067040165306605426,0.0067040165306605426,0.006685594456040131,0.006692804317367847,0.00710226948570461,0.00710226948570461,0.005581603947940658,0.005582321527104249,0.005582321527104249,0.006324922023269539,0.005074023091763965,0.005074023091763965,0.005258788842486131,0.006076712084120276,0.0042768749240039185,0.0042768749240039185,0.0042789890886820205,0.004251507989199337,0.005354920762257468,0.007206711964369188,0.00657654809827314,0.006407277270299789,0.0063608443804292454,0.006622502580468897,0.006524048168263579,0.006524048168263579,0.006708148391908445,0.006708148391908445,0.00684998847453351,0.0070590696891740965,0.0070650815800008,0.007255310532187146,0.007255310532187146,0.007359417963435825,0.007359417963435825,0.006724010695626058,0.00637374146539192,0.006557376739123553,0.005874227298595422,0.006167222736067032,0.006287008607107686,0.006287008607107686,0.006850489116264874,0.006850489116264874,0.006850489116264874,0.006850489116264874,0.007115007205563922,0.00577297638892622,0.008203271364164154,0.007964788945201912,0.007978087362954425,0.007523481816300245,0.007648803875694937,0.00750053237150207,0.007537986459372469,0.007300360174202311

mean_time: , 81720.15114274024
best_solution: , 0.5978551000953289
worst_solution: , 0.6191412808827057
mean_solution: , 0.6075820084387071
std_solution: , 0.007300360174202311



solutions runs are : 



0.6191412808827057

0.6080598455598456

0.5978551000953289

0.6106310679611651

0.6022227476944905

