# Scenario 78
Mean curve: 0.73325,0.751125,0.759875,0.771875,0.7808749999999999,0.791875,0.8025,0.8104999999999999,0.819125,0.82325,0.8316250000000001,0.836,0.8435,0.8502500000000002,0.8536249999999999,0.854875,0.8598750000000001,0.867,0.8710000000000001,0.8717500000000001,0.8745,0.8778750000000001,0.8778750000000001,0.8800000000000001,0.8838750000000001,0.889375,0.89,0.891875,0.8939999999999999,0.895875,0.896875,0.898125,0.898125,0.89825,0.899,0.9005000000000001,0.90075,0.9012500000000001,0.9018750000000001,0.9027499999999999,0.9033749999999999,0.9045,0.9065,0.907375,0.907875,0.907875,0.9088749999999999,0.9088749999999999,0.9088749999999999,0.9099999999999999,0.9099999999999999,0.91375,0.915625,0.9172499999999999,0.9179999999999999,0.9179999999999999,0.9179999999999999,0.9181249999999999,0.9192499999999999,0.9195,0.9195,0.9207500000000002,0.9215000000000002,0.9221250000000001,0.9221250000000001,0.9221250000000001,0.9221250000000001,0.9221250000000001,0.9223750000000001,0.9235,0.9235,0.9235,0.9235,0.9235,0.9235,0.9235,0.9235,0.9241249999999999,0.9241249999999999,0.9241249999999999,0.9254999999999999,0.9254999999999999,0.9254999999999999,0.9257500000000001,0.9266249999999999,0.9269999999999999,0.9269999999999999,0.9269999999999999,0.9269999999999999,0.9269999999999999,0.9269999999999999,0.9269999999999999,0.9269999999999999,0.9269999999999999,0.9269999999999999,0.9269999999999999,0.9269999999999999,0.9269999999999999,0.9269999999999999,0.9269999999999999
Std curve: 0.010265232583823907,0.01781151313055687,0.013213392826976733,0.013381423691072621,0.01296991711615767,0.012636751956100105,0.010147351871301183,0.009916841735149345,0.005499999999999989,0.00691917625154903,0.00707769383344603,0.003177066256784716,0.005556527692723227,0.006131374234215337,0.0038405728739343294,0.005539629951540107,0.005068283733178333,0.0067708012819754256,0.004914900812834383,0.004190763653560052,0.004077376607575034,0.0038242646351946204,0.0038242646351946204,0.005968668193156689,0.009733961166965885,0.010882899429839485,0.01034559084827927,0.009013878188659959,0.009275303229544566,0.009735566239310392,0.008338540040078972,0.007964766161037005,0.007964766161037005,0.007958878689865811,0.006898822363273316,0.007346342627457557,0.007388758353065823,0.006892024376045119,0.006422616289332583,0.006144102863722269,0.006257495505391929,0.0065479004268544075,0.007454025757937797,0.007820246159808536,0.008125961481572507,0.008125961481572507,0.0075249584716461934,0.0075249584716461934,0.0075249584716461934,0.005390964663211947,0.005390964663211947,0.004873397172404489,0.0051082041854256565,0.005024937810560466,0.0037165171868296346,0.0037165171868296346,0.0037165171868296346,0.003513367330638811,0.003432382554436509,0.002942150573984979,0.002942150573984979,0.004134458852135324,0.0038037810136757363,0.0029474565306379145,0.0029474565306379145,0.0029474565306379145,0.0029474565306379145,0.0029474565306379145,0.003316624790355405,0.0034820970692960385,0.0034820970692960385,0.0034820970692960385,0.0034820970692960385,0.0034820970692960385,0.0034820970692960385,0.0034820970692960385,0.0034820970692960385,0.004322904116447663,0.004322904116447663,0.004322904116447663,0.006642665127793214,0.006642665127793214,0.006642665127793214,0.006403124237432834,0.0058309518948452925,0.0057336724705898436,0.0057336724705898436,0.0057336724705898436,0.0057336724705898436,0.0057336724705898436,0.0057336724705898436,0.0057336724705898436,0.0057336724705898436,0.0057336724705898436,0.0057336724705898436,0.0057336724705898436,0.0057336724705898436,0.0057336724705898436,0.0057336724705898436,0.0057336724705898436

mean_time: , 9420.059337091447
best_solution: , 0.92
worst_solution: , 0.9375
mean_solution: , 0.9269999999999999
std_solution: , 0.0057336724705898436



solutions runs are : 



0.9375

0.92

0.925

0.92625

0.92625

