# Scenario 396
Mean curve: 0.7228,0.7302,0.7304,0.7308,0.7351,0.7389,0.741,0.7421,0.7461,0.7472,0.7515,0.7515,0.7515,0.7516,0.752,0.7557,0.7565000000000001,0.7565000000000001,0.7565000000000001,0.7565000000000001,0.7565999999999999,0.7565999999999999,0.7565999999999999,0.7565999999999999,0.7574,0.7598,0.7606,0.7606,0.7606,0.761,0.7614,0.7635000000000001,0.7636000000000001,0.7636000000000001,0.7636000000000001,0.7636000000000001,0.7636000000000001,0.7648,0.7658,0.7672000000000001,0.7676000000000001,0.7681,0.7689,0.7698,0.7722,0.7722,0.7731,0.7731,0.7731,0.7731,0.7736,0.7737,0.7757000000000001,0.7774,0.7774,0.7786,0.7796,0.7796,0.7798999999999999,0.7804,0.7807999999999999,0.7807999999999999,0.7816,0.7816,0.7825,0.7825,0.7827,0.7827,0.7828,0.7828,0.7831,0.7831,0.7831,0.7833,0.7833,0.7841,0.7841,0.7841,0.7845000000000001,0.7845000000000001,0.7845000000000001,0.7845000000000001,0.7845000000000001,0.7845000000000001,0.7845000000000001,0.7845000000000001,0.7849999999999999,0.7851,0.7858,0.7858,0.7858,0.7858,0.7859999999999999,0.7872,0.7872,0.7882999999999999,0.7892999999999999,0.7899999999999999,0.7899999999999999,0.7899999999999999
Std curve: 0.008738420909981386,0.013002307487519286,0.012725564820470646,0.01314001522069134,0.013566134305689308,0.014454757002454235,0.012218837915284744,0.012780453826057974,0.016190738093119775,0.015289211882893098,0.010733126291998955,0.010733126291998955,0.010733126291998955,0.010892199043352063,0.011135528725660026,0.008880315309717323,0.008549853799919611,0.008549853799919611,0.008549853799919611,0.008549853799919611,0.008558037158133854,0.008558037158133854,0.008558037158133854,0.008558037158133854,0.00729657453878187,0.008316249154516744,0.008440379138403703,0.008440379138403703,0.008440379138403703,0.009132360045464727,0.008697125962063587,0.012601587201618702,0.012571396103854186,0.012571396103854186,0.012571396103854186,0.012571396103854186,0.012571396103854186,0.012998461447417568,0.013128594745821079,0.013647710430691323,0.01392623423614585,0.013503332921912315,0.013672600337902097,0.013128594745821075,0.010824047302187874,0.010824047302187874,0.009966945369570376,0.009966945369570376,0.009966945369570376,0.009966945369570376,0.010379788051786056,0.010471867073258728,0.009785703858180077,0.009366963221877205,0.009366963221877205,0.010683632341109474,0.009377632963600153,0.009377632963600153,0.009183681179135103,0.009743715923609461,0.010240117186829484,0.010240117186829484,0.011337548235840088,0.011337548235840088,0.011211601134539182,0.011211601134539182,0.01151781229227149,0.01151781229227149,0.011600000000000003,0.011600000000000003,0.012063996021219523,0.012063996021219523,0.012063996021219523,0.01186001686339444,0.01186001686339444,0.013158267363144762,0.013158267363144762,0.013158267363144762,0.013831124321616107,0.013831124321616107,0.013831124321616107,0.013831124321616107,0.013831124321616107,0.013831124321616107,0.013831124321616107,0.013831124321616107,0.01353883303686106,0.013709121051329293,0.014921796138535084,0.014921796138535084,0.014921796138535084,0.014921796138535084,0.015274161188098002,0.017431580536486052,0.017431580536486052,0.017588632692736493,0.01711023085758924,0.01775105630659762,0.01775105630659762,0.01775105630659762

mean_time: , 13225.856218862533
best_solution: , 0.775
worst_solution: , 0.823
mean_solution: , 0.7899999999999999
std_solution: , 0.01775105630659762



solutions runs are : 



0.7845

0.7925

0.775

0.775

0.823

