# Scenario 87
Mean curve: 0.6822,0.6942333333333334,0.7069,0.7150333333333332,0.7246333333333335,0.7314333333333334,0.7381666666666666,0.7424666666666667,0.7493,0.7577,0.7621333333333333,0.7664666666666666,0.7708,0.7744666666666666,0.7768666666666666,0.7826000000000001,0.7875000000000001,0.7929666666666667,0.7966666666666666,0.7985333333333333,0.8018000000000001,0.8037666666666666,0.8073666666666666,0.8097333333333333,0.8108666666666666,0.8125666666666668,0.8132999999999999,0.8149000000000001,0.8185333333333332,0.8196,0.8229999999999998,0.8242666666666667,0.8258333333333333,0.8264999999999999,0.8286999999999999,0.829,0.8290333333333333,0.8313666666666666,0.8322666666666667,0.8325666666666667,0.8333,0.8338666666666666,0.8338666666666666,0.8338666666666666,0.836,0.8366666666666667,0.8401333333333334,0.8401333333333334,0.8405666666666667,0.8415666666666667,0.8429333333333332,0.8429333333333332,0.8429333333333332,0.8455,0.8459333333333333,0.8459333333333333,0.8474,0.8474,0.8475999999999999,0.8499666666666666,0.8503000000000001,0.8503000000000001,0.8504666666666667,0.8535999999999999,0.8547666666666667,0.8547666666666667,0.8547666666666667,0.8550666666666666,0.8550666666666666,0.8550666666666666,0.8554333333333333,0.8554333333333333,0.8555999999999999,0.8559333333333333,0.8583666666666667,0.8583666666666667,0.8591666666666666,0.8591666666666666,0.8592000000000001,0.8592000000000001,0.8593,0.8593,0.8605666666666668,0.8605666666666668,0.8605666666666668,0.8605666666666668,0.8605666666666668,0.8605666666666668,0.8605666666666668,0.8605666666666668,0.8605666666666668,0.8605666666666668,0.8605666666666668,0.8605666666666668,0.8605666666666668,0.8608,0.8617000000000001,0.8617000000000001,0.8617000000000001,0.8617000000000001
Std curve: 0.0061086459674428205,0.004596617113583511,0.006289850731314861,0.0023342855200015533,0.004400000000000001,0.006145097413566545,0.002949576240750547,0.003053959178945684,0.005248703543627604,0.008594184079946145,0.007379701890998019,0.00854751425854322,0.007824037036949352,0.00790808306593813,0.007067452786463365,0.00662956341783613,0.008554401076508976,0.0069429420597067245,0.005116422361159977,0.004643274706497561,0.004762585665604564,0.006563027756556655,0.00799263549914682,0.006344376337443324,0.006063918791599296,0.00436857464677489,0.004748567035315903,0.005018410549610762,0.008024545677690006,0.006818764958227794,0.005121848624601598,0.004432957377542781,0.004944132324730438,0.006164414002968961,0.004992661280986992,0.0050957498630394655,0.005154717364813623,0.005786382481501041,0.00517322164827896,0.005095313751107199,0.00519978632039603,0.0047015363919089585,0.0047015363919089585,0.0047015363919089585,0.004319207746283511,0.004806245936279169,0.0019983326383096085,0.0019983326383096085,0.002281812145349999,0.0037067505985701413,0.005912886116121492,0.005912886116121492,0.005912886116121492,0.007286974680894681,0.007077821384829909,0.007077821384829909,0.006263296966365922,0.006263296966365922,0.006220575178836379,0.008988511185582006,0.008533203124006567,0.008533203124006567,0.008452087184700453,0.008429182114007928,0.006513746148637422,0.006513746148637422,0.006513746148637422,0.006513746148637422,0.006513746148637422,0.006513746148637422,0.005955016559357505,0.005955016559357505,0.0057141150768173134,0.005540356988097005,0.003261560635306003,0.003261560635306003,0.002842143166305606,0.002842143166305606,0.0028015868519267423,0.0028015868519267423,0.002686178615720766,0.002686178615720766,0.0024734141945452134,0.0024734141945452134,0.0024734141945452134,0.0024734141945452134,0.0024734141945452134,0.0024734141945452134,0.0024734141945452134,0.0024734141945452134,0.0024734141945452134,0.0024734141945452134,0.0024734141945452134,0.0024734141945452134,0.0024734141945452134,0.002283759084394745,0.002411546299691446,0.002411546299691446,0.002411546299691446,0.002411546299691446

mean_time: , 33376.08039727211
best_solution: , 0.8585
worst_solution: , 0.8643333333333333
mean_solution: , 0.8617000000000001
std_solution: , 0.002411546299691446



solutions runs are : 



0.8626666666666667

0.8638333333333333

0.8585

0.8591666666666666

0.8643333333333333

