# Scenario 49
Mean curve: 0.6872222222222223,0.7028333333333333,0.7211666666666666,0.7302777777777777,0.7431666666666666,0.7486666666666668,0.7599444444444444,0.7697777777777778,0.7764999999999999,0.7806666666666666,0.7930555555555555,0.7982777777777778,0.8001111111111111,0.8062777777777776,0.8117777777777778,0.8154999999999999,0.8194444444444444,0.8265555555555555,0.829111111111111,0.8348333333333333,0.8363888888888888,0.840388888888889,0.842388888888889,0.842388888888889,0.8447222222222223,0.8472777777777779,0.850611111111111,0.8522777777777778,0.8573333333333334,0.8593333333333332,0.8618888888888888,0.8637777777777778,0.8643333333333334,0.8655000000000002,0.8655000000000002,0.8678888888888888,0.8681666666666666,0.8719444444444445,0.8734999999999999,0.8752777777777776,0.8755,0.8773888888888889,0.8773888888888889,0.8781666666666667,0.8799444444444445,0.8804444444444444,0.8809444444444445,0.8837222222222222,0.8851666666666667,0.8853888888888889,0.8858888888888888,0.8861666666666667,0.8875555555555555,0.8875555555555555,0.8887777777777778,0.8887777777777778,0.8898333333333334,0.8898333333333334,0.8898333333333334,0.8907222222222224,0.8910555555555556,0.8913333333333334,0.8920555555555556,0.8935555555555557,0.8945555555555555,0.8945555555555555,0.8945555555555555,0.8945555555555555,0.8945555555555555,0.8945555555555555,0.8945555555555555,0.8945555555555555,0.8956111111111111,0.8956111111111111,0.8956111111111111,0.8959999999999999,0.8961111111111111,0.8961111111111111,0.897111111111111,0.897111111111111,0.8971666666666666,0.8971666666666666,0.8971666666666666,0.898,0.898,0.898,0.898,0.898,0.898,0.898,0.898,0.898,0.8987222222222224,0.8987222222222224,0.8987222222222224,0.8987222222222224,0.8992777777777778,0.9012777777777778,0.9017777777777777,0.9017777777777777
Std curve: 0.007051398600435407,0.009518338375583114,0.006266706067646014,0.008004628290812386,0.00751254095529191,0.006656010001179564,0.00936799120725779,0.007614151866227482,0.0076287306194541575,0.007477538381507208,0.005305482838361456,0.006729793715767969,0.005881021999030992,0.0053014090835932426,0.005260498028340347,0.00671142383377351,0.004328344706840531,0.0036666666666666905,0.006354739652368348,0.0034898441721198468,0.003205897343611909,0.0028899570674755623,0.0019132417064136207,0.0019132417064136207,0.0028490847566573344,0.003965125751123454,0.003862609621281914,0.0030600976342045143,0.0038192171649549097,0.003395712619985826,0.003965125751123462,0.004460388069259794,0.004233172933677481,0.0038385632600277044,0.0038385632600277044,0.004819584532065849,0.004481098851127952,0.0050521966863953825,0.005390893098092526,0.008527370601933263,0.00829695764559753,0.007199965706365506,0.007199965706365506,0.0070483340120683045,0.006337717780610508,0.0059019770698752584,0.005888888888888912,0.005928066742930812,0.006061923257535289,0.0062028468175488235,0.006764102780099754,0.006941999569626281,0.007758706777820507,0.007758706777820507,0.005899361756648132,0.005899361756648132,0.005379430416404529,0.005379430416404529,0.005379430416404529,0.005470459388929408,0.004876246279442622,0.004799691348101175,0.004898979485566379,0.005859465277082329,0.006633249580710816,0.006633249580710816,0.006633249580710816,0.006633249580710816,0.006633249580710816,0.006633249580710816,0.006633249580710816,0.006633249580710816,0.004796475043144304,0.004796475043144304,0.004796475043144304,0.004185512933741642,0.004021546904634203,0.004021546904634203,0.00291653438853482,0.00291653438853482,0.0028835420605246567,0.0028835420605246567,0.0028835420605246567,0.0028995529668221884,0.0028995529668221884,0.0028995529668221884,0.0028995529668221884,0.0028995529668221884,0.0028995529668221884,0.0028995529668221884,0.0028995529668221884,0.0028995529668221884,0.00392286743197994,0.00392286743197994,0.00392286743197994,0.00392286743197994,0.004211243035166045,0.002974168625405386,0.0036834632120557294,0.0036834632120557294

mean_time: , 13536.664795970917
best_solution: , 0.8966666666666666
worst_solution: , 0.9075
mean_solution: , 0.9017777777777777
std_solution: , 0.0036834632120557294



solutions runs are : 



0.9075

0.8966666666666666

0.9030555555555555

0.8991666666666667

0.9025

