# Scenario 91
Mean curve: 0.7227999999999999,0.7388,0.7478666666666667,0.7625333333333334,0.7694666666666666,0.7777333333333333,0.7829333333333333,0.7912,0.7958000000000001,0.8052666666666667,0.8095333333333332,0.8171999999999999,0.8208666666666666,0.8284666666666667,0.8300666666666666,0.8332666666666666,0.8347999999999999,0.8396000000000001,0.8466666666666667,0.8482,0.8485999999999999,0.8519333333333332,0.8554666666666666,0.8589333333333332,0.8614,0.8634666666666666,0.8650666666666668,0.8654,0.8688666666666667,0.8695999999999999,0.8704666666666666,0.8734,0.8739333333333332,0.8740666666666665,0.8752666666666666,0.8782666666666665,0.8782666666666665,0.8794666666666668,0.8799333333333333,0.883,0.8830666666666668,0.8832000000000001,0.8853333333333333,0.8869999999999999,0.8874000000000001,0.8900666666666668,0.8912666666666669,0.8918666666666667,0.8920666666666668,0.8920666666666668,0.8923333333333334,0.8927333333333334,0.8927333333333334,0.8927333333333334,0.8928666666666667,0.8946,0.8952,0.8952,0.8952,0.8952,0.8952,0.8952,0.8962666666666668,0.8975333333333333,0.8984,0.8984,0.8991999999999999,0.8991999999999999,0.8991999999999999,0.8991999999999999,0.8991999999999999,0.8991999999999999,0.8991999999999999,0.8991999999999999,0.8995999999999998,0.8995999999999998,0.8995999999999998,0.8995999999999998,0.8995999999999998,0.8995999999999998,0.8995999999999998,0.8995999999999998,0.8995999999999998,0.8995999999999998,0.8996666666666666,0.9007999999999999,0.9007999999999999,0.9007999999999999,0.9007999999999999,0.9007999999999999,0.9007999999999999,0.9007999999999999,0.9027999999999998,0.9027999999999998,0.9027999999999998,0.9027999999999998,0.9027999999999998,0.9027999999999998,0.9027999999999998,0.9029333333333334
Std curve: 0.004524501200255258,0.009662297863344943,0.005323323940713913,0.011478675881825405,0.009611567105432001,0.011974788330302768,0.010503755941989913,0.004851574772976043,0.007197530440675067,0.00810322295276527,0.004450218471540975,0.0030666666666666624,0.002872087897138401,0.0038447655614123285,0.004800000000000009,0.00588557558782487,0.004344089215371981,0.0051527770290505665,0.006243218543169707,0.004645667037382513,0.005131168374638354,0.002322833518691242,0.003997777160150648,0.005728680282384239,0.003991101212558883,0.003383620677453227,0.0034666666666666964,0.002823709144606331,0.005393823628311678,0.005507167047483584,0.004919801260665362,0.006567258856546528,0.006060436361260523,0.006311893535223797,0.006216108107168022,0.005701461800860082,0.005701461800860082,0.004445222154178573,0.004260412082312124,0.002859681411936976,0.0027920522121829446,0.002671661987935198,0.002054804667656337,0.0009888264649460768,0.0008273115763993852,0.0036356261878495648,0.003289039035611698,0.00281740621454869,0.002760032205931227,0.002760032205931227,0.002882899774725278,0.0035987652203375324,0.0035987652203375324,0.0035987652203375324,0.003630733014450687,0.004051885706406055,0.0033373309362090065,0.0033373309362090065,0.0033373309362090065,0.0033373309362090065,0.0033373309362090065,0.0033373309362090065,0.0026449112566502998,0.004509742540076719,0.004149431018558766,0.004149431018558766,0.0044352126342612885,0.0044352126342612885,0.0044352126342612885,0.0044352126342612885,0.0044352126342612885,0.0044352126342612885,0.0044352126342612885,0.0044352126342612885,0.0038838697769678536,0.0038838697769678536,0.0038838697769678536,0.0038838697769678536,0.0038838697769678536,0.0038838697769678536,0.0038838697769678536,0.0038838697769678536,0.0038838697769678536,0.0038838697769678536,0.0038815804341358878,0.004494935421610003,0.004494935421610003,0.004494935421610003,0.004494935421610003,0.004494935421610003,0.004494935421610003,0.004494935421610003,0.006506748633363487,0.006506748633363487,0.006506748633363487,0.006506748633363487,0.006506748633363487,0.006506748633363487,0.006506748633363487,0.006704558979613133

mean_time: , 18198.998567008974
best_solution: , 0.8946666666666667
worst_solution: , 0.913
mean_solution: , 0.9029333333333334
std_solution: , 0.006704558979613133



solutions runs are : 



0.9053333333333333

0.8963333333333333

0.9053333333333333

0.913

0.8946666666666667

