# Scenario 296
Mean curve: 0.7388,0.7438,0.7482,0.7487,0.7591999999999999,0.7591999999999999,0.7639999999999999,0.7640999999999999,0.7646999999999999,0.7699,0.7727,0.7750999999999999,0.7766,0.7767,0.78,0.7827000000000001,0.783,0.7836000000000001,0.7859999999999999,0.7859999999999999,0.7859999999999999,0.7871,0.7872,0.7926,0.7926,0.7926,0.7926,0.7947000000000001,0.7957000000000001,0.7961,0.7962,0.8023,0.8036000000000001,0.8044,0.8044,0.8049,0.8049,0.8049,0.8061,0.8074999999999999,0.8099999999999999,0.8099999999999999,0.8106,0.8108000000000001,0.8108000000000001,0.8114000000000001,0.8114000000000001,0.8114000000000001,0.8126000000000001,0.8145,0.8148,0.8154999999999999,0.8167,0.8167,0.8167,0.8169000000000001,0.8169000000000001,0.8173999999999999,0.8173999999999999,0.8192999999999999,0.8213000000000001,0.8229,0.8229,0.8229,0.8229,0.8229,0.8229,0.8229,0.8229,0.8230000000000001,0.8251000000000002,0.8251000000000002,0.8271000000000001,0.8271000000000001,0.8271000000000001,0.8282999999999999,0.8282999999999999,0.8282999999999999,0.8282999999999999,0.8286,0.8286,0.8286,0.829,0.829,0.829,0.829,0.8294,0.8294,0.8296999999999999,0.8296999999999999,0.8296999999999999,0.8296999999999999,0.8296999999999999,0.8305,0.8309,0.8325999999999999,0.8336,0.8336,0.8336,0.8336
Std curve: 0.013504073459515827,0.011417530380953663,0.007124605252222723,0.006675327707311415,0.006690291473471058,0.006690291473471058,0.002756809750418043,0.0027092434368288067,0.0027313000567495333,0.004737087712930805,0.006764613810115118,0.004247352116319073,0.004554119014694287,0.004643274706497577,0.005839520528262578,0.0030594117081556523,0.002949576240750509,0.0030886890422960785,0.003911521443121587,0.003911521443121587,0.003911521443121587,0.0036796738985948197,0.0037229020937972613,0.00222261107708931,0.00222261107708931,0.00222261107708931,0.00222261107708931,0.0042379240200834355,0.004069397989875181,0.004176122603564241,0.00431972221329104,0.007507329751649349,0.006351377803280139,0.005825804665451777,0.005825804665451777,0.005435071296680459,0.005435071296680459,0.005435071296680459,0.004465422712353198,0.006220932405998309,0.006496152707564681,0.006496152707564681,0.005782732917920379,0.0055821142947811405,0.0055821142947811405,0.005122499389946274,0.005122499389946274,0.005122499389946274,0.00389101529166872,0.003209361307176225,0.0028213471959331747,0.0023021728866442696,0.004273172123844309,0.004273172123844309,0.004273172123844309,0.00425910788780938,0.00425910788780938,0.00432897216438268,0.00432897216438268,0.004905099387372299,0.002976575213227471,0.004442971978304641,0.004442971978304641,0.004442971978304641,0.004442971978304641,0.004442971978304641,0.004442971978304641,0.004442971978304641,0.004442971978304641,0.004483302354292003,0.008064738061462387,0.008064738061462387,0.00697423830966508,0.00697423830966508,0.00697423830966508,0.007025667228100118,0.007025667228100118,0.007025667228100118,0.007025667228100118,0.006643794096749222,0.006643794096749222,0.006643794096749222,0.0061886993787063065,0.0061886993787063065,0.0061886993787063065,0.0061886993787063065,0.006110646446980859,0.006110646446980859,0.005895761189193462,0.005895761189193462,0.005895761189193462,0.005895761189193462,0.005895761189193462,0.00560357029044875,0.005695612346359246,0.004029888335921981,0.0036110940170535617,0.0036110940170535617,0.0036110940170535617,0.0036110940170535617

mean_time: , 13187.228973293304
best_solution: , 0.829
worst_solution: , 0.84
mean_solution: , 0.8336
std_solution: , 0.0036110940170535617



solutions runs are : 



0.829

0.84

0.833

0.834

0.832

