# Scenario 449
Mean curve: 0.683,0.6873333333333334,0.6887777777777778,0.6887777777777778,0.6887777777777778,0.6887777777777778,0.6887777777777778,0.6887777777777778,0.6887777777777778,0.6895,0.6912222222222221,0.6912222222222221,0.6912222222222221,0.6912222222222221,0.6912222222222221,0.6912222222222221,0.6912222222222221,0.6914999999999999,0.6914999999999999,0.6918888888888889,0.6918888888888889,0.6921666666666666,0.6921666666666666,0.6943333333333332,0.6945555555555554,0.6945555555555554,0.6945555555555554,0.6988333333333332,0.6988333333333332,0.6988333333333332,0.6988333333333332,0.6988333333333332,0.6988333333333332,0.6988333333333332,0.6988333333333332,0.6988333333333332,0.6998888888888889,0.6998888888888889,0.6998888888888889,0.6998888888888889,0.7005,0.7005,0.7005,0.7005,0.7005,0.7005,0.7005,0.7005,0.7005,0.7005,0.7005,0.7005,0.7005,0.7005,0.7005,0.7005,0.7005,0.7005,0.7005,0.7012222222222222,0.7012222222222222,0.7012222222222222,0.7012222222222222,0.7012222222222222,0.7012222222222222,0.7012222222222222,0.7012222222222222,0.7012222222222222,0.7012222222222222,0.7012222222222222,0.7012222222222222,0.7012222222222222,0.7012222222222222,0.7012222222222222,0.7012222222222222,0.7012222222222222,0.7012222222222222,0.7012222222222222,0.7012222222222222,0.7012222222222222,0.7012222222222222,0.7012222222222222,0.7012222222222222,0.7012222222222222,0.7012222222222222,0.7012222222222222,0.7012222222222222,0.7012222222222222,0.7012222222222222,0.7012222222222222,0.7012222222222222,0.7012222222222222,0.7012222222222222,0.7012222222222222,0.7012222222222222,0.7012222222222222,0.7012222222222222,0.7012222222222222,0.7012222222222222,0.7012222222222222
Std curve: 0.00815437472529275,0.0069424441563614445,0.0055265911624203645,0.0055265911624203645,0.0055265911624203645,0.0055265911624203645,0.0055265911624203645,0.0055265911624203645,0.0055265911624203645,0.005289168993516374,0.002667823823009542,0.002667823823009542,0.002667823823009542,0.002667823823009542,0.002667823823009542,0.002667823823009542,0.002667823823009542,0.002537374943704267,0.002537374943704267,0.002286568403028523,0.002286568403028523,0.0022249982660556447,0.0022249982660556447,0.006000514381243179,0.00589674528348238,0.00589674528348238,0.00589674528348238,0.009381160527328495,0.009381160527328495,0.009381160527328495,0.009381160527328495,0.009381160527328495,0.009381160527328495,0.009381160527328495,0.009381160527328495,0.009381160527328495,0.008419187374645053,0.008419187374645053,0.008419187374645053,0.008419187374645053,0.007937642776007624,0.007937642776007624,0.007937642776007624,0.007937642776007624,0.007937642776007624,0.007937642776007624,0.007937642776007624,0.007937642776007624,0.007937642776007624,0.007937642776007624,0.007937642776007624,0.007937642776007624,0.007937642776007624,0.007937642776007624,0.007937642776007624,0.007937642776007624,0.007937642776007624,0.007937642776007624,0.007937642776007624,0.007452731705659546,0.007452731705659546,0.007452731705659546,0.007452731705659546,0.007452731705659546,0.007452731705659546,0.007452731705659546,0.007452731705659546,0.007452731705659546,0.007452731705659546,0.007452731705659546,0.007452731705659546,0.007452731705659546,0.007452731705659546,0.007452731705659546,0.007452731705659546,0.007452731705659546,0.007452731705659546,0.007452731705659546,0.007452731705659546,0.007452731705659546,0.007452731705659546,0.007452731705659546,0.007452731705659546,0.007452731705659546,0.007452731705659546,0.007452731705659546,0.007452731705659546,0.007452731705659546,0.007452731705659546,0.007452731705659546,0.007452731705659546,0.007452731705659546,0.007452731705659546,0.007452731705659546,0.007452731705659546,0.007452731705659546,0.007452731705659546,0.007452731705659546,0.007452731705659546,0.007452731705659546

mean_time: , 17162.970705270767
best_solution: , 0.6938888888888889
worst_solution: , 0.7136111111111111
mean_solution: , 0.7012222222222222
std_solution: , 0.007452731705659546



solutions runs are : 



0.6938888888888889

0.7058333333333333

0.6975

0.6952777777777778

0.7136111111111111

