# Scenario 313
Mean curve: 0.768,0.787,0.7883333333333333,0.7946666666666667,0.8033333333333333,0.8046666666666666,0.8046666666666666,0.808,0.808,0.808,0.8123333333333334,0.8123333333333334,0.8140000000000001,0.8163333333333334,0.8163333333333334,0.8163333333333334,0.818,0.8223333333333332,0.8233333333333333,0.8253333333333334,0.8266666666666668,0.8283333333333334,0.8310000000000001,0.835,0.835,0.8356666666666668,0.849,0.8493333333333333,0.8493333333333333,0.85,0.8553333333333333,0.8613333333333333,0.8613333333333333,0.8613333333333333,0.8613333333333333,0.8613333333333333,0.866,0.8673333333333334,0.8713333333333333,0.8726666666666667,0.8726666666666667,0.8733333333333333,0.8773333333333333,0.8786666666666667,0.8786666666666667,0.8786666666666667,0.8786666666666667,0.8786666666666667,0.8793333333333333,0.8806666666666667,0.8806666666666667,0.8813333333333334,0.8813333333333334,0.8853333333333333,0.8859999999999999,0.8876666666666667,0.8876666666666667,0.8876666666666667,0.8876666666666667,0.8876666666666667,0.8883333333333333,0.8886666666666667,0.8886666666666667,0.892,0.892,0.892,0.892,0.8946666666666667,0.8946666666666667,0.8946666666666667,0.8953333333333333,0.8973333333333333,0.8973333333333333,0.8973333333333333,0.8973333333333333,0.8986666666666666,0.8986666666666666,0.8986666666666666,0.8986666666666666,0.8986666666666666,0.8986666666666666,0.8986666666666666,0.8986666666666666,0.9,0.9,0.9,0.9,0.901,0.901,0.901,0.9033333333333333,0.9053333333333333,0.9053333333333333,0.9053333333333333,0.9073333333333332,0.9079999999999998,0.9099999999999999,0.9106666666666667,0.9133333333333333,0.9133333333333333
Std curve: 0.014659088951530683,0.019590247006553478,0.01974841765813149,0.01924693337766939,0.010327955589886433,0.0102415276638248,0.0102415276638248,0.012400716825158831,0.012400716825158831,0.012400716825158831,0.014742229591663976,0.014742229591663976,0.014854853303438118,0.017587874611030535,0.017587874611030535,0.017587874611030535,0.019703355608175526,0.01787611690372255,0.016898389140848753,0.01811690432226824,0.01935056703159998,0.020055478608655083,0.022987919532755537,0.027888667551135816,0.027888667551135816,0.027071920672329247,0.02572504184209964,0.026110874703421518,0.026110874703421518,0.025905812303633924,0.028174062145487247,0.031524241113431696,0.031524241113431696,0.031524241113431696,0.031524241113431696,0.031524241113431696,0.02453115932396547,0.025940101944458283,0.030302181806302692,0.02870540018881466,0.02870540018881466,0.028828997747252887,0.033092463055975636,0.03330665599145814,0.03330665599145814,0.03330665599145814,0.03330665599145814,0.03330665599145814,0.034149995932975206,0.03592584956081997,0.03592584956081997,0.036429536246171366,0.036429536246171366,0.03856307963727888,0.03878143885933067,0.03951933422741052,0.03951933422741052,0.03951933422741052,0.03951933422741052,0.03951933422741052,0.04024922359499624,0.04042001704326434,0.04042001704326434,0.043543082114154495,0.043543082114154495,0.043543082114154495,0.043543082114154495,0.04612061481714128,0.04612061481714128,0.04612061481714128,0.04679031238764426,0.0445421149026402,0.0445421149026402,0.0445421149026402,0.0445421149026402,0.04597583906551113,0.04597583906551113,0.04597583906551113,0.04597583906551113,0.04597583906551113,0.04597583906551113,0.04597583906551113,0.04597583906551113,0.046380072349136235,0.046380072349136235,0.046380072349136235,0.046380072349136235,0.04678081278093023,0.04678081278093023,0.04678081278093023,0.04802776974487435,0.04548992562461862,0.04548992562461862,0.04548992562461862,0.04317406628984581,0.04359408726472484,0.04152643067305983,0.041973536636525845,0.03966526608171605,0.03966526608171605

mean_time: , 3801.893675804138
best_solution: , 0.85
worst_solution: , 0.95
mean_solution: , 0.9133333333333333
std_solution: , 0.03966526608171605



solutions runs are : 



0.9433333333333334

0.8833333333333333

0.95

0.94

0.85

