# Scenario 36
Mean curve: 0.76675,0.7889999999999999,0.8087499999999999,0.82,0.834,0.8472500000000001,0.8574999999999999,0.8664999999999999,0.8789999999999999,0.8905,0.8967500000000002,0.90725,0.91325,0.92175,0.923,0.92825,0.9337500000000001,0.9377500000000001,0.9405000000000001,0.9465,0.9487499999999999,0.953,0.9567499999999999,0.961,0.9657500000000001,0.9662499999999999,0.96875,0.9712500000000001,0.9727499999999999,0.97575,0.97725,0.97725,0.97725,0.9782499999999998,0.9782499999999998,0.9795,0.9797499999999999,0.9802500000000001,0.98125,0.9814999999999999,0.98275,0.98275,0.98275,0.98475,0.98475,0.98475,0.9852500000000001,0.9852500000000001,0.986,0.986,0.986,0.9877499999999999,0.9877499999999999,0.9877499999999999,0.9877499999999999,0.9882500000000001,0.9882500000000001,0.9894999999999999,0.9894999999999999,0.9894999999999999,0.9894999999999999,0.9894999999999999,0.9894999999999999,0.99,0.99,0.99,0.99,0.99,0.99,0.99,0.99,0.99025,0.99025,0.99025,0.991,0.991,0.9915,0.9915,0.9915,0.9915,0.9915,0.9915,0.9915,0.9915,0.9915,0.9915,0.9915,0.9915,0.9915,0.9915,0.9915,0.9915,0.9915,0.9915,0.9915,0.9915,0.9915,0.9915,0.9915,0.9915
Std curve: 0.01594129856692985,0.021380481753225284,0.01987460691435181,0.014979152178945247,0.01777287258717625,0.0131434394280949,0.015512092057488573,0.017772872587176244,0.01842891749398212,0.017581950972517264,0.01422146265332789,0.017345748758701665,0.01564448784716203,0.019805302320338364,0.01927757764865699,0.017758800635178044,0.015732132722552278,0.011895377253370316,0.011554220008291325,0.01149456393257266,0.011124297730643499,0.012186057606953973,0.010712142642814296,0.010167349703831376,0.01273773920285701,0.011937336386313318,0.01239959676763724,0.008944271909999147,0.009233092656309687,0.009733961166965925,0.007516648189186471,0.007516648189186471,0.007516648189186471,0.007968688725254629,0.007968688725254629,0.0065479004268544205,0.0063442887702247885,0.006041522986797308,0.006708203932499392,0.006585969936159771,0.006538348415311033,0.006538348415311033,0.006538348415311033,0.0027838821814150333,0.0027838821814150333,0.0027838821814150333,0.003391164991562642,0.003391164991562642,0.004568916720624281,0.004568916720624281,0.004568916720624281,0.005442885264269322,0.005442885264269322,0.005442885264269322,0.005442885264269322,0.005159941860137591,0.005159941860137591,0.003500000000000021,0.003500000000000021,0.003500000000000021,0.003500000000000021,0.003500000000000021,0.003500000000000021,0.003162277660168391,0.003162277660168391,0.003162277660168391,0.003162277660168391,0.003162277660168391,0.003162277660168391,0.003162277660168391,0.003162277660168391,0.0031024184114977265,0.0031024184114977265,0.0031024184114977265,0.0024238399287081634,0.0024238399287081634,0.002423839928708163,0.002423839928708163,0.002423839928708163,0.002423839928708163,0.002423839928708163,0.002423839928708163,0.002423839928708163,0.002423839928708163,0.002423839928708163,0.002423839928708163,0.002423839928708163,0.002423839928708163,0.002423839928708163,0.002423839928708163,0.002423839928708163,0.002423839928708163,0.002423839928708163,0.002423839928708163,0.002423839928708163,0.002423839928708163,0.002423839928708163,0.002423839928708163,0.002423839928708163,0.002423839928708163

mean_time: , 4646.67927107811
best_solution: , 0.9875
worst_solution: , 0.99375
mean_solution: , 0.9915
std_solution: , 0.002423839928708163



solutions runs are : 



0.99

0.9875

0.9925

0.99375

0.99375

