# Scenario 437
Mean curve: 0.7675000000000001,0.7777499999999999,0.7789999999999999,0.7789999999999999,0.78025,0.78125,0.7827500000000001,0.7827500000000001,0.7834999999999999,0.7834999999999999,0.7837500000000001,0.7847500000000001,0.7847500000000001,0.7847500000000001,0.7852499999999999,0.7872499999999999,0.7872499999999999,0.7872499999999999,0.7872499999999999,0.7872499999999999,0.7872499999999999,0.7872499999999999,0.7872499999999999,0.7872499999999999,0.7872499999999999,0.7872499999999999,0.7872499999999999,0.7872499999999999,0.7872499999999999,0.7872499999999999,0.7872499999999999,0.7872499999999999,0.7872499999999999,0.7872499999999999,0.7872499999999999,0.7872499999999999,0.7872499999999999,0.78875,0.78875,0.78875,0.78875,0.78875,0.78875,0.78875,0.78875,0.78875,0.78875,0.78875,0.78875,0.78875,0.78925,0.7922499999999999,0.7922499999999999,0.7922499999999999,0.7927500000000001,0.7927500000000001,0.7927500000000001,0.7927500000000001,0.7927500000000001,0.7927500000000001,0.7927500000000001,0.7927500000000001,0.7927500000000001,0.7927500000000001,0.7927500000000001,0.7927500000000001,0.7927500000000001,0.7927500000000001,0.7927500000000001,0.7927500000000001,0.7927500000000001,0.7927500000000001,0.7927500000000001,0.7927500000000001,0.7927500000000001,0.7927500000000001,0.7927500000000001,0.7927500000000001,0.7927500000000001,0.7927500000000001,0.7927500000000001,0.7927500000000001,0.7927500000000001,0.7927500000000001,0.7927500000000001,0.7927500000000001,0.7927500000000001,0.7927500000000001,0.7927500000000001,0.7927500000000001,0.7927500000000001,0.7927500000000001,0.7927500000000001,0.7927500000000001,0.7927500000000001,0.7927500000000001,0.7927500000000001,0.7927500000000001,0.7927500000000001,0.7927500000000001
Std curve: 0.015083103128998354,0.011219402836158446,0.010706306552681927,0.010706306552681927,0.011107429945761527,0.009842509842514757,0.008492643875731511,0.008492643875731511,0.007305819598101253,0.007305819598101253,0.007416198487095685,0.006041522986797307,0.006041522986797307,0.006041522986797307,0.006344288770224788,0.008674675786448767,0.008674675786448767,0.008674675786448767,0.008674675786448767,0.008674675786448767,0.008674675786448767,0.008674675786448767,0.008674675786448767,0.008674675786448767,0.008674675786448767,0.008674675786448767,0.008674675786448767,0.008674675786448767,0.008674675786448767,0.008674675786448767,0.008674675786448767,0.008674675786448767,0.008674675786448767,0.008674675786448767,0.008674675786448767,0.008674675786448767,0.008674675786448767,0.007416198487095685,0.007416198487095685,0.007416198487095685,0.007416198487095685,0.007416198487095685,0.007416198487095685,0.007416198487095685,0.007416198487095685,0.007416198487095685,0.007416198487095685,0.007416198487095685,0.007416198487095685,0.007416198487095685,0.0072284161474005055,0.012359207094308263,0.012359207094308263,0.012359207094308263,0.012206555615733689,0.012206555615733689,0.012206555615733689,0.012206555615733689,0.012206555615733689,0.012206555615733689,0.012206555615733689,0.012206555615733689,0.012206555615733689,0.012206555615733689,0.012206555615733689,0.012206555615733689,0.012206555615733689,0.012206555615733689,0.012206555615733689,0.012206555615733689,0.012206555615733689,0.012206555615733689,0.012206555615733689,0.012206555615733689,0.012206555615733689,0.012206555615733689,0.012206555615733689,0.012206555615733689,0.012206555615733689,0.012206555615733689,0.012206555615733689,0.012206555615733689,0.012206555615733689,0.012206555615733689,0.012206555615733689,0.012206555615733689,0.012206555615733689,0.012206555615733689,0.012206555615733689,0.012206555615733689,0.012206555615733689,0.012206555615733689,0.012206555615733689,0.012206555615733689,0.012206555615733689,0.012206555615733689,0.012206555615733689,0.012206555615733689,0.012206555615733689,0.012206555615733689

mean_time: , 5992.823281812668
best_solution: , 0.7775
worst_solution: , 0.815
mean_solution: , 0.7927500000000001
std_solution: , 0.012206555615733689



solutions runs are : 



0.7775

0.79

0.79

0.815

0.79125

