# Scenario 52
Mean curve: 0.735,0.7498888888888888,0.7583333333333333,0.7762222222222223,0.7874444444444445,0.7969999999999999,0.8061111111111112,0.8172222222222221,0.8332222222222223,0.8347777777777777,0.8481111111111111,0.8564444444444443,0.8616666666666667,0.8683333333333334,0.8711111111111111,0.8743333333333332,0.875,0.8788888888888889,0.8832222222222222,0.8887777777777778,0.8902222222222222,0.8948888888888888,0.8975555555555556,0.9037777777777778,0.9067777777777778,0.9082222222222223,0.9113333333333333,0.9126666666666667,0.913,0.914,0.9212222222222222,0.9231111111111112,0.9283333333333333,0.929111111111111,0.9296666666666666,0.9321111111111111,0.9321111111111111,0.9321111111111111,0.9343333333333333,0.9343333333333333,0.9349999999999999,0.9349999999999999,0.9349999999999999,0.9349999999999999,0.9362222222222222,0.9366666666666668,0.9382222222222222,0.9394444444444444,0.9412222222222223,0.9412222222222223,0.9412222222222223,0.9412222222222223,0.9412222222222223,0.9434444444444445,0.9434444444444445,0.9434444444444445,0.9434444444444445,0.9446666666666668,0.9446666666666668,0.9446666666666668,0.945,0.946,0.946,0.946,0.946,0.946,0.946,0.946,0.946,0.9473333333333332,0.9473333333333332,0.9473333333333332,0.9473333333333332,0.9473333333333332,0.9483333333333333,0.9487777777777777,0.9521111111111111,0.9521111111111111,0.9521111111111111,0.9521111111111111,0.9521111111111111,0.9521111111111111,0.9521111111111111,0.9521111111111111,0.9521111111111111,0.9521111111111111,0.9521111111111111,0.9521111111111111,0.9521111111111111,0.9521111111111111,0.9528888888888888,0.9528888888888888,0.9528888888888888,0.9528888888888888,0.9528888888888888,0.9528888888888888,0.9528888888888888,0.9528888888888888,0.9528888888888888,0.9528888888888888
Std curve: 0.007217947452849641,0.008544726190991258,0.0070096934647055536,0.0064444444444444315,0.0030751894451329117,0.0070149751634064755,0.0029606472432164954,0.005270462766947316,0.004898979485566333,0.006041012097363612,0.006261779023824629,0.004254264382017025,0.005363341504954297,0.006440611887195294,0.006431020501550131,0.004042978977480056,0.003478327964999699,0.003296088216486983,0.005820355934981677,0.004365973934308546,0.005726266100766725,0.007221367470787506,0.0060410120973636485,0.005526591162420381,0.007531005867924692,0.0061302729885038655,0.00441098516472871,0.005680810236072987,0.005147215476400199,0.005011098792790999,0.008645272739523072,0.01006521942012737,0.00558878948442638,0.004602736706046245,0.004850862211765131,0.0026620330112691096,0.0026620330112691096,0.0026620330112691096,0.0031700761372637893,0.0031700761372637893,0.003565957007973593,0.003565957007973593,0.003565957007973593,0.003565957007973593,0.0037251232476089124,0.0035486043161491545,0.0022333056935824047,0.0026057865332352295,0.004408185427750531,0.004408185427750531,0.004408185427750531,0.004408185427750531,0.004408185427750531,0.004626813958590444,0.004626813958590444,0.004626813958590444,0.004626813958590444,0.0038586123009300708,0.0038586123009300708,0.0038586123009300708,0.003896817314833369,0.002177324215807271,0.002177324215807271,0.002177324215807271,0.002177324215807271,0.002177324215807271,0.002177324215807271,0.002177324215807271,0.002177324215807271,0.0034854193647462267,0.0034854193647462267,0.0034854193647462267,0.0034854193647462267,0.0034854193647462267,0.002788866755113574,0.0026620330112690875,0.007229910437776622,0.007229910437776622,0.007229910437776622,0.007229910437776622,0.007229910437776622,0.007229910437776622,0.007229910437776622,0.007229910437776622,0.007229910437776622,0.007229910437776622,0.007229910437776622,0.007229910437776622,0.007229910437776622,0.007229910437776622,0.006539528430916489,0.006539528430916489,0.006539528430916489,0.006539528430916489,0.006539528430916489,0.006539528430916489,0.006539528430916489,0.006539528430916489,0.006539528430916489,0.006539528430916489

mean_time: , 8336.23759226799
best_solution: , 0.9483333333333334
worst_solution: , 0.9655555555555555
mean_solution: , 0.9528888888888888
std_solution: , 0.006539528430916489



solutions runs are : 



0.9527777777777777

0.9494444444444444

0.9655555555555555

0.9483333333333334

0.9483333333333334

