# Scenario 205
Mean curve: 0.7828333333333333,0.7901666666666667,0.7950000000000002,0.818,0.8298333333333332,0.8368333333333334,0.8380000000000001,0.8404999999999999,0.8408333333333333,0.8508333333333333,0.8558333333333333,0.8636666666666667,0.8678333333333335,0.8705,0.8721666666666668,0.8826666666666668,0.8826666666666668,0.8841666666666667,0.8856666666666666,0.8891666666666665,0.8891666666666665,0.8923333333333334,0.8961666666666668,0.898,0.9033333333333333,0.9033333333333333,0.9043333333333333,0.9058333333333334,0.9099999999999999,0.9109999999999999,0.9116666666666667,0.9133333333333334,0.915,0.915,0.925,0.9266666666666667,0.9291666666666668,0.9316666666666669,0.9316666666666669,0.9316666666666669,0.9316666666666669,0.9323333333333335,0.9323333333333335,0.9323333333333335,0.9323333333333335,0.9323333333333335,0.9331666666666667,0.9366666666666668,0.9408333333333333,0.9414999999999999,0.9416666666666667,0.944,0.944,0.9448333333333332,0.9448333333333332,0.9448333333333332,0.9496666666666667,0.9496666666666667,0.9513333333333334,0.9558333333333333,0.9558333333333333,0.9558333333333333,0.9564999999999999,0.9574999999999999,0.9584999999999999,0.9584999999999999,0.9630000000000001,0.9630000000000001,0.9630000000000001,0.9630000000000001,0.9630000000000001,0.9630000000000001,0.9643333333333333,0.9656666666666667,0.9656666666666667,0.9656666666666667,0.9656666666666667,0.9656666666666667,0.966,0.966,0.966,0.9666666666666666,0.9666666666666666,0.9678333333333333,0.9678333333333333,0.9678333333333333,0.9678333333333333,0.9683333333333334,0.9683333333333334,0.9683333333333334,0.9683333333333334,0.9686666666666668,0.9721666666666667,0.9746666666666666,0.9746666666666666,0.9746666666666666,0.9763333333333334,0.9763333333333334,0.9763333333333334,0.977
Std curve: 0.012721373091507577,0.008339997335464524,0.00867627672321358,0.012884098726725137,0.013399834161494512,0.011883695646650587,0.010077477638553968,0.008844332774281056,0.0085309892613798,0.018150604520082634,0.012538828582536028,0.012959338117529164,0.011721300648344833,0.00744610263456291,0.006964194138592072,0.01352364185006719,0.01352364185006719,0.013652431610848254,0.012957194483717866,0.01534781924429512,0.01534781924429512,0.01527888884848778,0.011839200423452026,0.008891319112232761,0.007359800721939854,0.007359800721939854,0.007947746011710898,0.007359800721939854,0.0128560405171179,0.01268638815599002,0.012791055902899905,0.0103949774196751,0.008644201653259945,0.008644201653259945,0.011879019787470314,0.01064581294844755,0.011855612829185826,0.008349983366583581,0.008349983366583581,0.008349983366583581,0.008349983366583581,0.008965985104208518,0.008965985104208518,0.008965985104208518,0.008965985104208518,0.008965985104208518,0.008086339647138813,0.006302556800396353,0.008547254269972077,0.008714610974934265,0.00841625411530174,0.006398784606817488,0.006398784606817488,0.00631136540958716,0.00631136540958716,0.00631136540958716,0.009640769909319688,0.009640769909319688,0.009980536614386552,0.0132392514054903,0.0132392514054903,0.0132392514054903,0.012217928538740812,0.012053123154509675,0.010533016872883282,0.010533016872883282,0.010627532377953218,0.010627532377953218,0.010627532377953218,0.010627532377953218,0.010627532377953218,0.010627532377953218,0.009935905707192591,0.007663042621715089,0.007663042621715089,0.007663042621715089,0.007663042621715089,0.007663042621715089,0.0075535127957497665,0.0075535127957497665,0.0075535127957497665,0.00647645307590849,0.00647645307590849,0.004904646323187394,0.004904646323187394,0.004904646323187394,0.004904646323187394,0.00471404520791032,0.00471404520791032,0.00471404520791032,0.00471404520791032,0.004702245326555297,0.008637772346566637,0.008038103701191675,0.008038103701191675,0.008038103701191675,0.006381396573025543,0.006381396573025543,0.006381396573025543,0.006293735862833058

mean_time: , 4390.433374357223
best_solution: , 0.9683333333333334
worst_solution: , 0.9866666666666667
mean_solution: , 0.977
std_solution: , 0.006293735862833058



solutions runs are : 



0.98

0.9775

0.9683333333333334

0.9866666666666667

0.9725

