# Scenario 167
Mean curve: 0.695125,0.695125,0.6971666666666667,0.6971666666666667,0.7000833333333334,0.701,0.7034583333333334,0.7039166666666666,0.7039166666666666,0.7039166666666666,0.7039166666666666,0.7039166666666666,0.7039166666666666,0.7039166666666666,0.7039166666666666,0.7045416666666666,0.7045416666666666,0.709625,0.710375,0.710375,0.710375,0.710375,0.7127916666666667,0.7153333333333334,0.7153333333333334,0.7153333333333334,0.7153333333333334,0.7153333333333334,0.7162083333333333,0.7162083333333333,0.7162083333333333,0.7162083333333333,0.7162083333333333,0.7162083333333333,0.7162083333333333,0.7162083333333333,0.7162083333333333,0.7162083333333333,0.7162083333333333,0.7162083333333333,0.7162083333333333,0.7162083333333333,0.7162083333333333,0.7162083333333333,0.7186666666666668,0.7186666666666668,0.7186666666666668,0.7186666666666668,0.7186666666666668,0.7186666666666668,0.7186666666666668,0.7186666666666668,0.7186666666666668,0.7186666666666668,0.7204999999999998,0.7204999999999998,0.7209999999999999,0.7209999999999999,0.7209999999999999,0.7220416666666667,0.7220416666666667,0.7220416666666667,0.7220416666666667,0.7220416666666667,0.7220416666666667,0.7220416666666667,0.7220416666666667,0.7227916666666667,0.7227916666666667,0.723625,0.724375,0.724375,0.724375,0.724375,0.724375,0.724375,0.72525,0.72525,0.72525,0.72525,0.72525,0.72525,0.72525,0.72525,0.72525,0.72525,0.72525,0.7265416666666666,0.7265416666666666,0.7265416666666666,0.7275416666666666,0.7275416666666666,0.7275416666666666,0.7275416666666666,0.7275416666666666,0.7275416666666666,0.7289999999999999,0.7305833333333333,0.7305833333333333,0.7305833333333333
Std curve: 0.008004555994348904,0.008004555994348904,0.005078549661730868,0.005078549661730868,0.005148152311482457,0.006505072806834827,0.006248055252992269,0.005718209218511225,0.005718209218511225,0.005718209218511225,0.005718209218511225,0.005718209218511225,0.005718209218511225,0.005718209218511225,0.005718209218511225,0.0050197526499486675,0.0050197526499486675,0.007199295876063934,0.006956461824168312,0.006956461824168312,0.006956461824168312,0.006956461824168312,0.005138025452988286,0.0051380254529883075,0.0051380254529883075,0.0051380254529883075,0.0051380254529883075,0.0051380254529883075,0.004404464275658926,0.004404464275658926,0.004404464275658926,0.004404464275658926,0.004404464275658926,0.004404464275658926,0.004404464275658926,0.004404464275658926,0.004404464275658926,0.004404464275658926,0.004404464275658926,0.004404464275658926,0.004404464275658926,0.004404464275658926,0.004404464275658926,0.004404464275658926,0.008016476089210819,0.008016476089210819,0.008016476089210819,0.008016476089210819,0.008016476089210819,0.008016476089210819,0.008016476089210819,0.008016476089210819,0.008016476089210819,0.008016476089210819,0.007677980782008313,0.007677980782008313,0.007322435083737891,0.007322435083737891,0.007322435083737891,0.006381124509050101,0.006381124509050101,0.006381124509050101,0.006381124509050101,0.006381124509050101,0.006381124509050101,0.006381124509050101,0.006381124509050101,0.005411215205478322,0.005411215205478322,0.00467447263811056,0.0044624202451634155,0.0044624202451634155,0.0044624202451634155,0.0044624202451634155,0.0044624202451634155,0.0044624202451634155,0.004478730598928405,0.004478730598928405,0.004478730598928405,0.004478730598928405,0.004478730598928405,0.004478730598928405,0.004478730598928405,0.004478730598928405,0.004478730598928405,0.004478730598928405,0.004478730598928405,0.004369242242972757,0.004369242242972757,0.004369242242972757,0.0030287969742310203,0.0030287969742310203,0.0030287969742310203,0.0030287969742310203,0.0030287969742310203,0.0030287969742310203,0.00300866803308928,0.002256933760658487,0.002256933760658487,0.002256933760658487

mean_time: , 21701.932520389557
best_solution: , 0.7270833333333333
worst_solution: , 0.7327083333333333
mean_solution: , 0.7305833333333333
std_solution: , 0.002256933760658487



solutions runs are : 



0.731875

0.7270833333333333

0.72875

0.7325

0.7327083333333333

