# Scenario 416
Mean curve: 0.7865,0.7955,0.7965,0.8059999999999998,0.8225,0.8234999999999999,0.8240000000000001,0.827,0.8480000000000001,0.8480000000000001,0.8480000000000001,0.8480000000000001,0.8480000000000001,0.8480000000000001,0.8495000000000001,0.8495000000000001,0.8495000000000001,0.8495000000000001,0.8495000000000001,0.8495000000000001,0.8495000000000001,0.8495000000000001,0.8495000000000001,0.8495000000000001,0.8495000000000001,0.8495000000000001,0.8495000000000001,0.8495000000000001,0.8495000000000001,0.8495000000000001,0.8495000000000001,0.8495000000000001,0.8495000000000001,0.8495000000000001,0.8495000000000001,0.8755000000000001,0.8755000000000001,0.8755000000000001,0.8755000000000001,0.8755000000000001,0.8755000000000001,0.8755000000000001,0.8755000000000001,0.8755000000000001,0.8755000000000001,0.8755000000000001,0.8755000000000001,0.8755000000000001,0.8755000000000001,0.8755000000000001,0.8755000000000001,0.8755000000000001,0.8755000000000001,0.8755000000000001,0.8755000000000001,0.8755000000000001,0.8755000000000001,0.8755000000000001,0.8755000000000001,0.8755000000000001,0.8755000000000001,0.8755000000000001,0.8755000000000001,0.8755000000000001,0.8755000000000001,0.8755000000000001,0.8755000000000001,0.8755000000000001,0.8755000000000001,0.8755000000000001,0.8755000000000001,0.8755000000000001,0.8755000000000001,0.8755000000000001,0.8755000000000001,0.8755000000000001,0.8755000000000001,0.8755000000000001,0.8755000000000001,0.8755000000000001,0.8755000000000001,0.8755000000000001,0.8755000000000001,0.8755000000000001,0.8755000000000001,0.8755000000000001,0.8755000000000001,0.8755000000000001,0.8755000000000001,0.8755000000000001,0.8755000000000001,0.8755000000000001,0.8755000000000001,0.8755000000000001,0.8755000000000001,0.8755000000000001,0.8755000000000001,0.8755000000000001,0.8755000000000001,0.8755000000000001
Std curve: 0.009949874371066201,0.005999999999999992,0.006244997998398393,0.010793516572461442,0.021389249636207433,0.020408331631958546,0.019849433241279215,0.017776388834631198,0.04226109321823089,0.04226109321823089,0.04226109321823089,0.04226109321823089,0.04226109321823089,0.04226109321823089,0.04072468538859447,0.04072468538859447,0.04072468538859447,0.04072468538859447,0.04072468538859447,0.04072468538859447,0.04072468538859447,0.04072468538859447,0.04072468538859447,0.04072468538859447,0.04072468538859447,0.04072468538859447,0.04072468538859447,0.04072468538859447,0.04072468538859447,0.04072468538859447,0.04072468538859447,0.04072468538859447,0.04072468538859447,0.04072468538859447,0.04072468538859447,0.05673182528352141,0.05673182528352141,0.05673182528352141,0.05673182528352141,0.05673182528352141,0.05673182528352141,0.05673182528352141,0.05673182528352141,0.05673182528352141,0.05673182528352141,0.05673182528352141,0.05673182528352141,0.05673182528352141,0.05673182528352141,0.05673182528352141,0.05673182528352141,0.05673182528352141,0.05673182528352141,0.05673182528352141,0.05673182528352141,0.05673182528352141,0.05673182528352141,0.05673182528352141,0.05673182528352141,0.05673182528352141,0.05673182528352141,0.05673182528352141,0.05673182528352141,0.05673182528352141,0.05673182528352141,0.05673182528352141,0.05673182528352141,0.05673182528352141,0.05673182528352141,0.05673182528352141,0.05673182528352141,0.05673182528352141,0.05673182528352141,0.05673182528352141,0.05673182528352141,0.05673182528352141,0.05673182528352141,0.05673182528352141,0.05673182528352141,0.05673182528352141,0.05673182528352141,0.05673182528352141,0.05673182528352141,0.05673182528352141,0.05673182528352141,0.05673182528352141,0.05673182528352141,0.05673182528352141,0.05673182528352141,0.05673182528352141,0.05673182528352141,0.05673182528352141,0.05673182528352141,0.05673182528352141,0.05673182528352141,0.05673182528352141,0.05673182528352141,0.05673182528352141,0.05673182528352141,0.05673182528352141

mean_time: , 4603.1541204452515
best_solution: , 0.81
worst_solution: , 0.9575
mean_solution: , 0.8755000000000001
std_solution: , 0.05673182528352141



solutions runs are : 



0.8575

0.9575

0.925

0.81

0.8275

