# Scenario 217
Mean curve: 0.783,0.8039999999999999,0.8140000000000001,0.8185,0.827,0.8334999999999999,0.8394999999999999,0.8560000000000001,0.866,0.8705,0.8720000000000001,0.8825,0.8879999999999999,0.893,0.8965,0.8965,0.8985,0.9045,0.907,0.9105000000000001,0.9155,0.9155,0.9155,0.9155,0.9215,0.9369999999999999,0.9369999999999999,0.9375,0.9425000000000001,0.9435,0.9435,0.9435,0.9445,0.9445,0.9445,0.9445,0.9460000000000001,0.9475,0.9475,0.9490000000000001,0.9490000000000001,0.952,0.952,0.952,0.9545,0.9545,0.9545,0.9545,0.9555,0.9555,0.9575000000000001,0.9575000000000001,0.959,0.959,0.959,0.9595,0.9595,0.9629999999999999,0.9640000000000001,0.9640000000000001,0.9640000000000001,0.9644999999999999,0.9754999999999999,0.9754999999999999,0.978,0.978,0.978,0.9789999999999999,0.9799999999999999,0.9799999999999999,0.9810000000000001,0.9810000000000001,0.9810000000000001,0.9815000000000002,0.9815000000000002,0.9815000000000002,0.9815000000000002,0.9825000000000002,0.983,0.984,0.984,0.984,0.985,0.985,0.985,0.985,0.985,0.985,0.985,0.985,0.9869999999999999,0.9869999999999999,0.9869999999999999,0.9875,0.9875,0.9875,0.9875,0.9875,0.9894999999999999,0.9894999999999999
Std curve: 0.007968688725254608,0.009433981132056596,0.0076811457478686085,0.00982344135219423,0.007648529270389193,0.006819090848492954,0.012884098726725137,0.01124722187920199,0.004062019202317978,0.009137833441248513,0.00781024967590662,0.013509256086106291,0.023473389188610996,0.0217025344142107,0.018614510468986288,0.018614510468986288,0.018069310999592653,0.015033296378372923,0.012884098726725132,0.012884098726725137,0.01363818169698587,0.01363818169698587,0.01363818169698587,0.01363818169698587,0.0200997512422418,0.012389511693363844,0.012389511693363844,0.011726039399558566,0.010954451150103286,0.010440306508910525,0.010440306508910525,0.010440306508910525,0.00927361849549568,0.00927361849549568,0.00927361849549568,0.00927361849549568,0.009027735042633867,0.007582875444051535,0.007582875444051535,0.007516648189186449,0.007516648189186449,0.0057879184513951205,0.0057879184513951205,0.0057879184513951205,0.00796868872525462,0.00796868872525462,0.00796868872525462,0.00796868872525462,0.008426149773176355,0.008426149773176355,0.00741619848709567,0.00741619848709567,0.006442049363362563,0.006442049363362563,0.006442049363362563,0.005787918451395097,0.005787918451395097,0.008276472678623411,0.009300537618869124,0.009300537618869124,0.009300537618869124,0.009924716620639606,0.00927361849549572,0.00927361849549572,0.005787918451395116,0.005787918451395116,0.005787918451395116,0.0051478150704935095,0.005244044240850773,0.005244044240850773,0.003391164991562647,0.003391164991562647,0.003391164991562647,0.003391164991562647,0.003391164991562647,0.003391164991562647,0.003391164991562647,0.001581138830084191,0.002449489742783194,0.0030000000000000174,0.0030000000000000174,0.0030000000000000174,0.004472135954999596,0.004472135954999596,0.004472135954999596,0.004472135954999596,0.004472135954999596,0.004472135954999596,0.004472135954999596,0.004472135954999596,0.003999999999999995,0.003999999999999995,0.003999999999999995,0.0035355339059327407,0.0035355339059327407,0.0035355339059327407,0.0035355339059327407,0.0035355339059327407,0.002915475947422668,0.002915475947422668

mean_time: , 3605.475738620758
best_solution: , 0.985
worst_solution: , 0.9925
mean_solution: , 0.9894999999999999
std_solution: , 0.002915475947422668



solutions runs are : 



0.9875

0.9925

0.985

0.99

0.9925

