# Scenario 360
Mean curve: 0.5982991206674277,0.604477583200083,0.6089552042293416,0.6150746052019306,0.6176076899218438,0.6191022670982322,0.6207985202952568,0.6211537274581629,0.6234011368177452,0.6236559978915421,0.6250863624550919,0.6278245810466964,0.6287037106472606,0.6321461154190489,0.632224896021498,0.6331948574022579,0.6370863239517881,0.6372054778868919,0.6387886906662785,0.6387886906662785,0.6403000657215318,0.642487076322943,0.642487076322943,0.6426729349864984,0.6471288124264536,0.6479093056915326,0.6485796140219737,0.6485796140219737,0.6498371018870442,0.6498371018870442,0.650784758296941,0.6515725595221282,0.6515725595221282,0.6516956751373219,0.6523763511249523,0.6537388649761426,0.6540206186727208,0.6540837834606352,0.6543969784381636,0.6569853476151358,0.6569853476151358,0.6575591743683996,0.6609595690416288,0.6617402304002575,0.6634917976014221,0.6636566424348506,0.6638289700696128,0.6638289700696128,0.6643443799824736,0.6656646186277152,0.6656672428086727,0.6684050457781623,0.6684050457781623,0.6684841799129345,0.6691852508112943,0.6691852508112943,0.6695867461180257,0.6703259891472167,0.6703259891472167,0.6707486894319182,0.670977054178082,0.6713399183226517,0.6714320686940805,0.6716853308466909,0.6722950860512185,0.6722950860512185,0.6730129950013242,0.6730715306020709,0.6733319568462561,0.6741948259160975,0.6745754517740579,0.6745754517740579,0.6745754517740579,0.6746354122245036,0.6747994147337327,0.6747994147337327,0.6748082878481959,0.6751430150240336,0.6766220544906443,0.6766220544906443,0.6773689747582171,0.6784924295986687,0.6799168921670538,0.6799168921670538,0.6801783357392972,0.6801783357392972,0.6801783357392972,0.681133413346265,0.6813568077275182,0.6813568077275182,0.6813584600950582,0.6813584600950582,0.6818979825536221,0.6818979825536221,0.6818979825536221,0.6824133159441661,0.6828499002786081,0.6828499002786081,0.6832189013744444,0.6832189013744444
Std curve: 0.009367538661561401,0.007160032574138073,0.0031651214321515592,0.005690067867096708,0.003920668544144246,0.005475211799844692,0.004510160446532157,0.004246213561117292,0.004232655478732504,0.004044476895548582,0.0027282785217780914,0.001892121672772041,0.0024758019380065562,0.0070325313956452725,0.007042815996244751,0.006917070791976587,0.008727179068148246,0.008839003173307361,0.007954068368408146,0.007954068368408146,0.008184776142074844,0.009322538020697059,0.009322538020697059,0.009132616114939315,0.0023822210028981673,0.0024256354211084066,0.0031535270280457,0.0031535270280457,0.0023940019645646467,0.0023940019645646467,0.003368288403730352,0.002800588740115264,0.002800588740115264,0.002699535454927162,0.0027502633975779608,0.0035665402220454207,0.003895352512650956,0.003976300841612482,0.004409300361247622,0.003988110685157303,0.003988110685157303,0.003273496775481493,0.007574323421445134,0.007263303000660305,0.006273056320989999,0.006163791627154819,0.006066642436206202,0.006066642436206202,0.005887982056422319,0.00582790430000529,0.005826843288016422,0.005919714900104539,0.005919714900104539,0.005916930399377034,0.00480051448637575,0.00480051448637575,0.004804856518425095,0.0037597077114287216,0.0037597077114287216,0.00386625219268239,0.003997697366918158,0.003565802756862438,0.0036684578964533542,0.003835424833565427,0.004585582722948478,0.004585582722948478,0.003846438631456882,0.003764429550541788,0.003887851584768681,0.0047033703202488345,0.004779789768680627,0.004779789768680627,0.004779789768680627,0.0048486022397309005,0.00504658966890824,0.00504658966890824,0.005057687076857104,0.005070575569334775,0.003410333237220954,0.003410333237220954,0.0033671054414049677,0.0046296400887142364,0.003787231528904699,0.003787231528904699,0.004229933906698807,0.004229933906698807,0.004229933906698807,0.0041779594169743615,0.0045270906736322196,0.0045270906736322196,0.004527041951488395,0.004527041951488395,0.004953962441153282,0.004953962441153282,0.004953962441153282,0.005816064660427511,0.005899378274811378,0.005899378274811378,0.006221508166288487,0.006221508166288487

mean_time: , 88785.52256512642
best_solution: , 0.6742940603700097
worst_solution: , 0.6931803192191004
mean_solution: , 0.6832189013744444
std_solution: , 0.006221508166288487



solutions runs are : 



0.6742940603700097

0.6931803192191004

0.6859581694672864

0.6812282785623158

0.6814336792535101

