# Scenario 67
Mean curve: 0.7026666666666667,0.7126666666666667,0.7293333333333333,0.73625,0.7469166666666667,0.7621249999999999,0.7671250000000001,0.7764166666666668,0.781125,0.7855833333333333,0.790375,0.7941666666666667,0.8022083333333333,0.8043333333333333,0.8123333333333335,0.813375,0.8147916666666667,0.8166666666666667,0.8223333333333332,0.8236666666666667,0.8270833333333334,0.8304583333333333,0.8338750000000001,0.835625,0.8362499999999999,0.842125,0.8435833333333334,0.8461666666666666,0.849,0.8509166666666668,0.8531666666666666,0.8544166666666667,0.8565833333333334,0.8565833333333334,0.857625,0.861125,0.8633750000000001,0.86675,0.8670833333333332,0.86725,0.86725,0.8680833333333334,0.8682916666666667,0.8682916666666667,0.8684583333333334,0.8686250000000001,0.8703750000000001,0.8703750000000001,0.8703750000000001,0.8712500000000001,0.8712500000000001,0.8721250000000002,0.8767916666666666,0.8769583333333333,0.8769583333333333,0.8782916666666667,0.8792916666666667,0.8792916666666667,0.8797499999999999,0.8797499999999999,0.8797499999999999,0.8800416666666667,0.88125,0.8813333333333333,0.8813333333333333,0.8813333333333333,0.8817916666666665,0.8825833333333332,0.8825833333333332,0.8825833333333332,0.8825833333333332,0.8825833333333332,0.8825833333333332,0.8825833333333332,0.8825833333333332,0.8825833333333332,0.8825833333333332,0.8825833333333332,0.8825833333333332,0.8825833333333332,0.8825833333333332,0.8828333333333334,0.8828333333333334,0.8828333333333334,0.8828333333333334,0.8828333333333334,0.8828333333333334,0.8828333333333334,0.8828333333333334,0.8828333333333334,0.8828333333333334,0.882875,0.8841249999999998,0.8841666666666667,0.8845833333333335,0.8845833333333335,0.8845833333333335,0.8845833333333335,0.8845833333333335,0.8845833333333335
Std curve: 0.014464035859100072,0.012103001234771852,0.006176512410378153,0.0064212645864259975,0.006589922862472173,0.016742224563460292,0.014733983771464447,0.009201071797471299,0.007927185993640977,0.005793614780275108,0.0027462095088806857,0.005142078589658278,0.006080478782318246,0.005216493607353075,0.008153688667645397,0.006737127643802576,0.005403830945624488,0.005152197481549886,0.004316875799309809,0.004748172162936902,0.006102424381615345,0.007659643522311535,0.00796650976135584,0.007648983229452424,0.008046091183508509,0.00695271729453872,0.0073307287041148445,0.008480574207498509,0.010091938476934065,0.008809913923151192,0.0064353084187507665,0.006948970747128272,0.0055786672044295625,0.0055786672044295625,0.0045292260805670755,0.0053709610147740314,0.005859168977859517,0.004709623716981595,0.004433145359423456,0.004390646624106489,0.004390646624106489,0.0035438718624941443,0.0033056139117164543,0.0033056139117164543,0.0035663356544217845,0.003406998516126608,0.0037532393416295296,0.0037532393416295296,0.0037532393416295296,0.004876958296133188,0.004876958296133188,0.004649895458800965,0.0043433378101793135,0.0040108360170362746,0.0040108360170362746,0.002310152712604845,0.003629068597986119,0.003629068597986119,0.0037277115410575133,0.0037277115410575133,0.0037277115410575133,0.003902901342448838,0.005293470821052406,0.005266508436441646,0.005266508436441646,0.005266508436441646,0.004650268809434558,0.004578785622605373,0.004578785622605373,0.004578785622605373,0.004578785622605373,0.004578785622605373,0.004578785622605373,0.004578785622605373,0.004578785622605373,0.004578785622605373,0.004578785622605373,0.004578785622605373,0.004578785622605373,0.004578785622605373,0.004578785622605373,0.004404858428800812,0.004404858428800812,0.004404858428800812,0.004404858428800812,0.004404858428800812,0.004404858428800812,0.004404858428800812,0.004404858428800812,0.004404858428800812,0.004404858428800812,0.00438075018943355,0.002890958126450272,0.002838231060987721,0.0024080305461332977,0.0024080305461332977,0.0024080305461332977,0.0024080305461332977,0.0024080305461332977,0.0024080305461332977

mean_time: , 22001.263973379137
best_solution: , 0.8822916666666667
worst_solution: , 0.8889583333333333
mean_solution: , 0.8845833333333335
std_solution: , 0.0024080305461332977



solutions runs are : 



0.8822916666666667

0.8827083333333333

0.8889583333333333

0.88375

0.8852083333333334

