# Scenario 371
Mean curve: 0.7228333333333333,0.7268333333333332,0.7298333333333333,0.7329166666666668,0.7359166666666667,0.7376666666666667,0.7408333333333333,0.7408333333333333,0.7408333333333333,0.7458333333333332,0.7467499999999999,0.748,0.748,0.7505833333333334,0.7510833333333333,0.7510833333333333,0.7524166666666666,0.755,0.755,0.7565833333333334,0.757,0.7583333333333333,0.7616666666666666,0.7616666666666666,0.7616666666666666,0.7636666666666666,0.7655,0.7701666666666667,0.7703333333333332,0.77125,0.77125,0.77125,0.7720833333333332,0.7720833333333332,0.7720833333333332,0.7720833333333332,0.7720833333333332,0.7720833333333332,0.7720833333333332,0.7720833333333332,0.7729999999999999,0.7729999999999999,0.7729999999999999,0.77325,0.77325,0.7735000000000001,0.7763333333333333,0.7763333333333333,0.7769166666666667,0.7795,0.7803333333333333,0.7803333333333333,0.7803333333333333,0.7811666666666668,0.782,0.7821666666666667,0.78225,0.78225,0.7829166666666667,0.7829166666666667,0.7841666666666667,0.7841666666666667,0.7845000000000001,0.7847500000000001,0.7847500000000001,0.7852499999999999,0.7852499999999999,0.7864166666666665,0.7864166666666665,0.7869166666666667,0.7869166666666667,0.7869999999999999,0.7875,0.7885833333333334,0.78925,0.7924166666666668,0.7924166666666668,0.79325,0.79325,0.79325,0.79425,0.7943333333333333,0.7949166666666667,0.7949166666666667,0.7949166666666667,0.7949166666666667,0.7956666666666667,0.7964166666666667,0.7966666666666666,0.7966666666666666,0.7973333333333333,0.7978333333333333,0.7984166666666666,0.7990833333333333,0.7991666666666666,0.7991666666666666,0.7991666666666666,0.8,0.8011666666666667,0.8011666666666667
Std curve: 0.007863417408056963,0.006980130530457292,0.004644291597697583,0.004082482904638629,0.007427426651719049,0.0073437426122894365,0.005761462005814559,0.005761462005814559,0.005761462005814559,0.009082951062292477,0.007787989328304037,0.008661857640124171,0.008661857640124171,0.010886408447641884,0.010376924185689874,0.010376924185689874,0.011338846698163112,0.012113468170227354,0.012113468170227354,0.012031209415515944,0.011351089032433046,0.009343000945449305,0.0076919871728095505,0.0076919871728095505,0.0076919871728095505,0.009407443861113399,0.007261963309678122,0.012118053565743234,0.011941407882750768,0.011099299277181632,0.011099299277181632,0.011099299277181632,0.012511106177224214,0.012511106177224214,0.012511106177224214,0.012511106177224214,0.012511106177224214,0.012511106177224214,0.012511106177224214,0.012511106177224214,0.01261447581154287,0.01261447581154287,0.01261447581154287,0.012313610356024737,0.012313610356024737,0.01235920709430826,0.010221165404307956,0.010221165404307956,0.009540119961975775,0.009288583195395174,0.008098353742170888,0.008098353742170888,0.008098353742170888,0.0071024252508874765,0.00758470683532182,0.007408703590297626,0.007343742612289438,0.007343742612289438,0.006947221666888779,0.006947221666888779,0.006992058987801004,0.006992058987801004,0.007464731892186234,0.007837764704018327,0.007837764704018327,0.007594771593376299,0.007594771593376299,0.009474380659910653,0.009474380659910653,0.008884287003218402,0.008884287003218402,0.008918613494633942,0.00980008503364471,0.010390299963587849,0.010080922576827984,0.007720823214600337,0.007720823214600337,0.00850000000000001,0.00850000000000001,0.00850000000000001,0.00739932429347438,0.007423685817106701,0.007371114795832,0.007371114795832,0.007371114795832,0.007371114795832,0.007793337610492122,0.008508982182245899,0.008494279120548027,0.008494279120548027,0.008598287943280105,0.009469981813897833,0.008887413071929941,0.009103570728016565,0.009245869948853428,0.009245869948853428,0.009245869948853428,0.008482007099999639,0.007738791177495922,0.007738791177495922

mean_time: , 12552.804864311218
best_solution: , 0.7925
worst_solution: , 0.815
mean_solution: , 0.8011666666666667
std_solution: , 0.007738791177495922



solutions runs are : 



0.7983333333333333

0.7966666666666666

0.815

0.8033333333333333

0.7925

