# Scenario 219
Mean curve: 0.7965,0.806,0.8135000000000001,0.829,0.8305,0.8320000000000001,0.8335000000000001,0.8414999999999999,0.8470000000000001,0.8474999999999999,0.852,0.86,0.8619999999999999,0.8674999999999999,0.8695,0.8775000000000001,0.889,0.889,0.8960000000000001,0.9005000000000001,0.9029999999999999,0.9029999999999999,0.9045,0.9084999999999999,0.9135,0.9145,0.9145,0.9215,0.923,0.923,0.924,0.9265000000000001,0.9265000000000001,0.9265000000000001,0.9369999999999999,0.9369999999999999,0.9375,0.9395,0.9424999999999999,0.945,0.9465,0.9465,0.9484999999999999,0.9484999999999999,0.9484999999999999,0.9484999999999999,0.9484999999999999,0.9489999999999998,0.9489999999999998,0.9489999999999998,0.9495000000000001,0.9495000000000001,0.9495000000000001,0.9535,0.9555,0.9555,0.9574999999999999,0.958,0.9594999999999999,0.9594999999999999,0.96,0.9605,0.9605,0.9605,0.9605,0.9605,0.9615,0.9625,0.9644999999999999,0.9644999999999999,0.9664999999999999,0.97,0.97,0.97,0.97,0.9710000000000001,0.9710000000000001,0.9710000000000001,0.9715,0.9724999999999999,0.9730000000000001,0.976,0.9775,0.9790000000000001,0.9790000000000001,0.9790000000000001,0.9795,0.9800000000000001,0.9800000000000001,0.9800000000000001,0.9800000000000001,0.9800000000000001,0.9800000000000001,0.9810000000000001,0.9810000000000001,0.9810000000000001,0.9810000000000001,0.9810000000000001,0.9814999999999999,0.9814999999999999
Std curve: 0.009949874371066172,0.011135528725660017,0.011789826122551571,0.011467344941179685,0.01166190378969057,0.009137833441248518,0.009949874371066201,0.007,0.00992471662063962,0.010723805294763609,0.008124038404635967,0.010124228365658313,0.006204836822995444,0.010606601717798212,0.013729530217745974,0.014404860290887911,0.011575836902790205,0.011575836902790205,0.005385164807134518,0.009669539802906853,0.008124038404635964,0.008124038404635964,0.008124038404635967,0.015297058540778367,0.015378556499229716,0.014089002803605387,0.014089002803605387,0.01102270384252432,0.011224972160321842,0.011224972160321842,0.012000000000000021,0.009300537618869148,0.009300537618869148,0.009300537618869148,0.010770329614269004,0.010770329614269004,0.010368220676663847,0.013171939872319478,0.013038404810405262,0.011832159566199206,0.009433981132056596,0.009433981132056596,0.006999999999999997,0.006999999999999997,0.006999999999999997,0.006999999999999997,0.006999999999999997,0.0071763500472036635,0.0071763500472036635,0.0071763500472036635,0.007483314773547879,0.007483314773547879,0.007483314773547879,0.011575836902790225,0.011661903789690599,0.011661903789690599,0.010488088481701508,0.011335784048754648,0.012083045973594567,0.012083045973594567,0.0129421791055448,0.012288205727444539,0.012288205727444539,0.012288205727444539,0.012288205727444539,0.012288205727444539,0.012409673645990887,0.01172603939955859,0.009669539802906876,0.009669539802906876,0.008455767262643892,0.009354143466934868,0.009354143466934868,0.009354143466934868,0.009354143466934868,0.009565563234854484,0.009565563234854484,0.009565563234854484,0.009165151389911677,0.008660254037844381,0.008124038404635967,0.0058309518948453055,0.004472135954999571,0.004636809247747872,0.004636809247747872,0.004636809247747872,0.004301162633521328,0.0052440442408507515,0.0052440442408507515,0.0052440442408507515,0.0052440442408507515,0.0052440442408507515,0.0052440442408507515,0.004636809247747839,0.004636809247747839,0.004636809247747839,0.004636809247747839,0.004636809247747839,0.004358898943540667,0.004358898943540667

mean_time: , 3624.9956399440766
best_solution: , 0.9775
worst_solution: , 0.99
mean_solution: , 0.9814999999999999
std_solution: , 0.004358898943540667



solutions runs are : 



0.9775

0.98

0.98

0.98

0.99

