# Scenario 353
Mean curve: 0.7136666666666667,0.7136666666666667,0.7185555555555555,0.7236666666666667,0.7260000000000001,0.7263333333333333,0.7295555555555556,0.7304444444444445,0.7321111111111112,0.7331111111111112,0.7343333333333333,0.7343333333333333,0.7435555555555555,0.7458888888888888,0.7458888888888888,0.7493333333333333,0.7497777777777779,0.7504444444444445,0.7548888888888888,0.7548888888888888,0.7548888888888888,0.7548888888888888,0.7558888888888888,0.7558888888888888,0.7558888888888888,0.7558888888888888,0.7561111111111111,0.7561111111111111,0.7561111111111111,0.7561111111111111,0.7561111111111111,0.7592222222222222,0.7601111111111111,0.7608888888888888,0.7614444444444445,0.7614444444444445,0.7616666666666667,0.7641111111111112,0.7654444444444444,0.7654444444444444,0.7654444444444444,0.7658888888888888,0.7677777777777777,0.7677777777777777,0.7686666666666666,0.7723333333333334,0.772888888888889,0.772888888888889,0.7742222222222223,0.7747777777777778,0.7747777777777778,0.7747777777777778,0.7753333333333334,0.7753333333333334,0.7756666666666667,0.7756666666666667,0.7762222222222223,0.7762222222222223,0.7765555555555557,0.7765555555555557,0.7781111111111112,0.7801111111111112,0.7801111111111112,0.7805555555555557,0.7812222222222223,0.7812222222222223,0.7816666666666667,0.7817777777777779,0.7817777777777779,0.7822222222222223,0.7827777777777778,0.7827777777777778,0.7827777777777778,0.7843333333333334,0.7846666666666666,0.7871111111111112,0.7881111111111112,0.7881111111111112,0.7881111111111112,0.7905555555555556,0.790888888888889,0.7915555555555557,0.7925555555555557,0.7933333333333334,0.7933333333333334,0.7937777777777779,0.7941111111111112,0.795,0.795,0.795,0.795,0.795,0.795,0.795,0.795,0.796,0.796,0.797,0.797,0.7977777777777779
Std curve: 0.00740036702459854,0.00740036702459854,0.009639169064131686,0.010485733988803574,0.013682466025655246,0.013455917969245433,0.012940509654702831,0.01357375827028931,0.012224242257311196,0.01313557040545038,0.013432042029655075,0.013432042029655075,0.017689363477720575,0.01923410037625757,0.01923410037625757,0.01375894770595881,0.013149660841516558,0.013857297404545551,0.011360533807663366,0.011360533807663366,0.011360533807663366,0.011360533807663366,0.011202953755126666,0.011202953755126666,0.011202953755126666,0.011202953755126666,0.010892289718357755,0.010892289718357755,0.010892289718357755,0.010892289718357755,0.010892289718357755,0.010923979738782638,0.01009461413665237,0.01090135341014316,0.010301623987999362,0.010301623987999362,0.010587670444063647,0.011042007332270985,0.010728984626287399,0.010728984626287399,0.010728984626287399,0.011158786606012275,0.009108400680852993,0.009108400680852993,0.009119237568303655,0.011387669311394646,0.011943281597142462,0.011943281597142462,0.01365627427816584,0.014087907431640413,0.014087907431640413,0.014087907431640413,0.01362912639972765,0.01362912639972765,0.01365084902166696,0.01365084902166696,0.013758947705958795,0.013758947705958795,0.01327952103851436,0.01327952103851436,0.011296235579678958,0.009790395898626958,0.009790395898626958,0.010122703976826984,0.010740485309861842,0.010740485309861842,0.01077262190536962,0.010894556348226909,0.010894556348226909,0.011083298524033324,0.01173261782330161,0.01173261782330161,0.01173261782330161,0.011018502956727275,0.011312617232187046,0.013879552417446397,0.014223090251288442,0.014223090251288442,0.014223090251288442,0.014431618236991706,0.01458732749535672,0.015106208354984297,0.015581724020684957,0.016070830872679603,0.016070830872679603,0.0159412501639653,0.015342187459726287,0.015206398912998253,0.015206398912998253,0.015206398912998253,0.015206398912998253,0.015206398912998253,0.015206398912998253,0.015206398912998253,0.015206398912998253,0.015553174420930958,0.015553174420930958,0.01580201581139897,0.01580201581139897,0.014315665251916809

mean_time: , 8376.77591266632
best_solution: , 0.7705555555555555
worst_solution: , 0.8105555555555556
mean_solution: , 0.7977777777777779
std_solution: , 0.014315665251916809



solutions runs are : 



0.8105555555555556

0.8033333333333333

0.7972222222222223

0.8072222222222222

0.7705555555555555

