# Scenario 484
Mean curve: 0.4772191934578906,0.4773525574258777,0.47813731069083965,0.47813731069083965,0.47813731069083965,0.4789650994520825,0.4793976405275771,0.4802400048730965,0.4820534774823142,0.4820534774823142,0.4820534774823142,0.4820534774823142,0.4820534774823142,0.4820534774823142,0.4826657326187929,0.4826657326187929,0.4826657326187929,0.4826657326187929,0.4836052673165655,0.4836052673165655,0.4836052673165655,0.4836052673165655,0.4836052673165655,0.4836052673165655,0.4836052673165655,0.4836052673165655,0.48381677280318414,0.48381677280318414,0.48381677280318414,0.4851839428911326,0.4851839428911326,0.4851839428911326,0.4851839428911326,0.4859327770368874,0.4859327770368874,0.4859327770368874,0.4859327770368874,0.4859327770368874,0.4859327770368874,0.4859327770368874,0.4859327770368874,0.4859327770368874,0.4859327770368874,0.4859327770368874,0.4859327770368874,0.4859327770368874,0.4859327770368874,0.4859327770368874,0.4859327770368874,0.4859327770368874,0.4859327770368874,0.4862319589133205,0.4862319589133205,0.4862319589133205,0.4862319589133205,0.4862319589133205,0.4862319589133205,0.4862319589133205,0.4862319589133205,0.4862319589133205,0.48775001820364217,0.48775001820364217,0.48775001820364217,0.48775001820364217,0.48775001820364217,0.48775001820364217,0.48775001820364217,0.48775001820364217,0.48775001820364217,0.48775001820364217,0.48775001820364217,0.48775001820364217,0.48775001820364217,0.48775001820364217,0.48775001820364217,0.48775001820364217,0.48775001820364217,0.48775001820364217,0.4879094124045242,0.4879094124045242,0.4879094124045242,0.48804978002591926,0.48804978002591926,0.48804978002591926,0.48804978002591926,0.48804978002591926,0.48804978002591926,0.48804978002591926,0.48804978002591926,0.48804978002591926,0.48804978002591926,0.48804978002591926,0.48804978002591926,0.48804978002591926,0.48804978002591926,0.48804978002591926,0.48804978002591926,0.48804978002591926,0.48804978002591926,0.48804978002591926
Std curve: 0.006809685769423036,0.006584293420157705,0.005923249926242714,0.005923249926242714,0.005923249926242714,0.006083726890283249,0.0061620215788377375,0.006709932956017547,0.0041229227573405525,0.0041229227573405525,0.0041229227573405525,0.0041229227573405525,0.0041229227573405525,0.0041229227573405525,0.004202648423889533,0.004202648423889533,0.004202648423889533,0.004202648423889533,0.0026621430632086467,0.0026621430632086467,0.0026621430632086467,0.0026621430632086467,0.0026621430632086467,0.0026621430632086467,0.0026621430632086467,0.0026621430632086467,0.0029745273843024703,0.0029745273843024703,0.0029745273843024703,0.0031216915246175163,0.0031216915246175163,0.0031216915246175163,0.0031216915246175163,0.003418467197675139,0.003418467197675139,0.003418467197675139,0.003418467197675139,0.003418467197675139,0.003418467197675139,0.003418467197675139,0.003418467197675139,0.003418467197675139,0.003418467197675139,0.003418467197675139,0.003418467197675139,0.003418467197675139,0.003418467197675139,0.003418467197675139,0.003418467197675139,0.003418467197675139,0.003418467197675139,0.002899669759662009,0.002899669759662009,0.002899669759662009,0.002899669759662009,0.002899669759662009,0.002899669759662009,0.002899669759662009,0.002899669759662009,0.002899669759662009,0.0016765928493048547,0.0016765928493048547,0.0016765928493048547,0.0016765928493048547,0.0016765928493048547,0.0016765928493048547,0.0016765928493048547,0.0016765928493048547,0.0016765928493048547,0.0016765928493048547,0.0016765928493048547,0.0016765928493048547,0.0016765928493048547,0.0016765928493048547,0.0016765928493048547,0.0016765928493048547,0.0016765928493048547,0.0016765928493048547,0.0013619623423388955,0.0013619623423388955,0.0013619623423388955,0.0010868970539024804,0.0010868970539024804,0.0010868970539024804,0.0010868970539024804,0.0010868970539024804,0.0010868970539024804,0.0010868970539024804,0.0010868970539024804,0.0010868970539024804,0.0010868970539024804,0.0010868970539024804,0.0010868970539024804,0.0010868970539024804,0.0010868970539024804,0.0010868970539024804,0.0010868970539024804,0.0010868970539024804,0.0010868970539024804,0.0010868970539024804

mean_time: , 88892.0938229084
best_solution: , 0.48593111500291886
worst_solution: , 0.4889426247526929
mean_solution: , 0.48804978002591926
std_solution: , 0.0010868970539024804



solutions runs are : 



0.4887264332435552

0.48840234120962495

0.48593111500291886

0.48824638592080455

0.4889426247526929

