# Scenario 14
Mean curve: 0.7846666666666666,0.8183333333333334,0.841,0.8576666666666666,0.875,0.8866666666666667,0.9086666666666666,0.9216666666666666,0.9313333333333335,0.9443333333333334,0.9513333333333331,0.9616666666666667,0.968,0.9693333333333334,0.974,0.9783333333333333,0.9826666666666666,0.9893333333333334,0.9896666666666668,0.9963333333333335,0.9986666666666666,0.9986666666666666,0.9986666666666666,0.999,0.999,0.999,0.9996666666666666,0.9996666666666666,0.9996666666666666,1.0,1.0,1.0,1.0,1.0,1.0,1.0,1.0,1.0,1.0,1.0,1.0,1.0,1.0,1.0,1.0,1.0,1.0,1.0,1.0,1.0,1.0,1.0,1.0,1.0,1.0,1.0,1.0,1.0,1.0,1.0,1.0,1.0,1.0,1.0,1.0,1.0,1.0,1.0,1.0,1.0,1.0,1.0,1.0,1.0,1.0,1.0,1.0,1.0,1.0,1.0,1.0,1.0,1.0,1.0,1.0,1.0,1.0,1.0,1.0,1.0,1.0,1.0,1.0,1.0,1.0,1.0,1.0,1.0,1.0,1.0
Std curve: 0.010241527663824834,0.007601169500660911,0.007423685817106712,0.012274635093014663,0.011879019787470307,0.0023570226039551657,0.006091888960832333,0.004216370213557832,0.011709445380166878,0.005537749241945423,0.007257180352359095,0.011879019787470326,0.008524474568362958,0.009695359714832655,0.009695359714832668,0.008027729719194845,0.008730533902472516,0.006463573143221775,0.005999999999999992,0.003858612300930057,0.001943650631615103,0.001943650631615103,0.001943650631615103,0.0013333333333333253,0.0013333333333333253,0.0013333333333333253,0.000666666666666682,0.000666666666666682,0.000666666666666682,0.0,0.0,0.0,0.0,0.0,0.0,0.0,0.0,0.0,0.0,0.0,0.0,0.0,0.0,0.0,0.0,0.0,0.0,0.0,0.0,0.0,0.0,0.0,0.0,0.0,0.0,0.0,0.0,0.0,0.0,0.0,0.0,0.0,0.0,0.0,0.0,0.0,0.0,0.0,0.0,0.0,0.0,0.0,0.0,0.0,0.0,0.0,0.0,0.0,0.0,0.0,0.0,0.0,0.0,0.0,0.0,0.0,0.0,0.0,0.0,0.0,0.0,0.0,0.0,0.0,0.0,0.0,0.0,0.0,0.0,0.0

mean_time: , 3727.0294654369354
best_solution: , 1.0
worst_solution: , 1.0
mean_solution: , 1.0
std_solution: , 0.0



solutions runs are : 



1.0

1.0

1.0

1.0

1.0

