# Scenario 47
Mean curve: 0.7105555555555555,0.7253888888888889,0.7368888888888889,0.7483333333333333,0.7661666666666667,0.7762222222222223,0.7848888888888889,0.7927777777777778,0.8029999999999999,0.8106666666666668,0.8147222222222222,0.8202222222222222,0.8275,0.8366111111111112,0.843,0.8456111111111111,0.8473333333333335,0.8515,0.8558333333333333,0.8582777777777778,0.8616666666666667,0.8639444444444443,0.8674999999999999,0.8716666666666665,0.8722777777777777,0.8751666666666666,0.8775555555555556,0.8805555555555555,0.8823333333333334,0.8832222222222222,0.8877222222222223,0.8903888888888888,0.8906666666666666,0.8921666666666667,0.8948333333333333,0.8948888888888888,0.8953888888888889,0.8964444444444444,0.8996666666666666,0.9001111111111111,0.9003888888888889,0.9012222222222223,0.9025000000000001,0.9025555555555556,0.9025555555555556,0.9025555555555556,0.9025555555555556,0.9025555555555556,0.9025555555555556,0.9033888888888889,0.9055,0.9060555555555556,0.9060555555555556,0.9060555555555556,0.9065,0.9065,0.9065,0.9075,0.9075,0.9075555555555554,0.9077222222222222,0.9092222222222223,0.9100555555555555,0.9101111111111111,0.9101111111111111,0.9113333333333333,0.9113333333333333,0.9113333333333333,0.9113333333333333,0.913111111111111,0.913111111111111,0.913111111111111,0.913111111111111,0.913111111111111,0.913111111111111,0.913111111111111,0.913111111111111,0.9131666666666668,0.9131666666666668,0.9131666666666668,0.9145555555555556,0.9145555555555556,0.9145555555555556,0.9145555555555556,0.9145555555555556,0.9152777777777779,0.9152777777777779,0.9152777777777779,0.9152777777777779,0.9152777777777779,0.9152777777777779,0.9152777777777779,0.9152777777777779,0.9171666666666667,0.9171666666666667,0.9171666666666667,0.9184444444444445,0.9184444444444445,0.9184444444444445,0.9184444444444445
Std curve: 0.009817784316682093,0.00464346082088154,0.004767430656205531,0.005360463403590659,0.01076889668454801,0.010562278560758642,0.007955509000484499,0.0075256762134133705,0.008528094456660768,0.00795744856435283,0.005160988516663843,0.009078532540362436,0.009367332255249992,0.005102045099519501,0.0040990814990437005,0.006386231331331806,0.00565357965920381,0.004589978347941095,0.004238273582835712,0.004715354483093967,0.0060680299648502994,0.00577724356504695,0.0010686324478706357,0.004544023343706352,0.0038305142613195998,0.003125956643696733,0.0023530909538385836,0.002415229457698242,0.002803216847009516,0.003189488909868284,0.0059948537600960855,0.007229910437776666,0.006975707406934502,0.005512051891027776,0.005310134731266024,0.005242866994401794,0.005699794234969171,0.0058541954988086675,0.0021401511426953393,0.0022743877211620555,0.0019293061504650085,0.00175330375978435,0.001229774645621043,0.0013193713430041994,0.0013193713430041994,0.0013193713430041994,0.0013193713430041994,0.0013193713430041994,0.0013193713430041994,0.0012838022231435064,0.002752103572555757,0.0032744804507314354,0.0032744804507314354,0.0032744804507314354,0.0038753733392434216,0.0038753733392434216,0.0038753733392434216,0.0030580797654495458,0.0030580797654495458,0.0029989710169479587,0.0032650411677588934,0.0029627314724385207,0.0028674417556808773,0.0028952920490656355,0.0028952920490656355,0.004181086160494836,0.004181086160494836,0.004181086160494836,0.004181086160494836,0.0049391357268650975,0.0049391357268650975,0.0049391357268650975,0.0049391357268650975,0.0049391357268650975,0.0049391357268650975,0.0049391357268650975,0.0049391357268650975,0.004939760577993774,0.004939760577993774,0.004939760577993774,0.002942871697366476,0.002942871697366476,0.002942871697366476,0.002942871697366476,0.002942871697366476,0.002996911990946956,0.002996911990946956,0.002996911990946956,0.002996911990946956,0.002996911990946956,0.002996911990946956,0.002996911990946956,0.002996911990946956,0.0031001792062897286,0.0031001792062897286,0.0031001792062897286,0.0014444444444444457,0.0014444444444444457,0.0014444444444444457,0.0014444444444444457

mean_time: , 13539.765163469314
best_solution: , 0.9169444444444445
worst_solution: , 0.9211111111111111
mean_solution: , 0.9184444444444445
std_solution: , 0.0014444444444444457



solutions runs are : 



0.9180555555555555

0.9169444444444445

0.9175

0.9186111111111112

0.9211111111111111

