# Scenario 123
Mean curve: 0.6088259162870957,0.6136878827424475,0.6136878827424475,0.6136878827424475,0.6178289732025128,0.6210978027418028,0.6210978027418028,0.6224714592447995,0.6224714592447995,0.6225176609831848,0.6225176609831848,0.6225176609831848,0.6225176609831848,0.6225176609831848,0.6225176609831848,0.6225176609831848,0.6306566160765531,0.6306566160765531,0.6306566160765531,0.6306566160765531,0.6306566160765531,0.6306566160765531,0.6306566160765531,0.632410223020279,0.632410223020279,0.6378015920141511,0.6378015920141511,0.6378015920141511,0.6378015920141511,0.6378015920141511,0.6408694497962228,0.6447276575268013,0.6447276575268013,0.6447276575268013,0.6447276575268013,0.6447276575268013,0.6447276575268013,0.6452850160922601,0.6452850160922601,0.6452850160922601,0.6452850160922601,0.6452850160922601,0.6452850160922601,0.6452850160922601,0.6452850160922601,0.6452850160922601,0.649355265760336,0.649355265760336,0.649355265760336,0.649355265760336,0.649355265760336,0.6505214568376848,0.6505214568376848,0.6505214568376848,0.6513334170002469,0.6513334170002469,0.6513334170002469,0.6513334170002469,0.6513334170002469,0.6513334170002469,0.6513334170002469,0.6513334170002469,0.6513334170002469,0.6513334170002469,0.6513334170002469,0.6513334170002469,0.6513334170002469,0.6513334170002469,0.6513334170002469,0.6513334170002469,0.6513334170002469,0.6513334170002469,0.6513334170002469,0.6513334170002469,0.6513334170002469,0.6513334170002469,0.6513334170002469,0.6513334170002469,0.6516880863840919,0.6516880863840919,0.6516880863840919,0.6516880863840919,0.6525577783110998,0.6525577783110998,0.6525577783110998,0.6525577783110998,0.6525577783110998,0.656063918464639,0.656063918464639,0.656063918464639,0.6575993592170336,0.6590300084540898,0.6590300084540898,0.6590300084540898,0.6590300084540898,0.6590300084540898,0.6590300084540898,0.6590300084540898,0.6590300084540898,0.6621486584301048
Std curve: 0.010505556436613743,0.009107922506116329,0.009107922506116329,0.009107922506116329,0.003932909754078071,0.006423294652105666,0.006423294652105666,0.004829567571153877,0.004829567571153877,0.004764180680329462,0.004764180680329462,0.004764180680329462,0.004764180680329462,0.004764180680329462,0.004764180680329462,0.004764180680329462,0.006131314929448692,0.006131314929448692,0.006131314929448692,0.006131314929448692,0.006131314929448692,0.006131314929448692,0.006131314929448692,0.004864040339275615,0.004864040339275615,0.011614816339094974,0.011614816339094974,0.011614816339094974,0.011614816339094974,0.011614816339094974,0.009970770291325254,0.008216159304332659,0.008216159304332659,0.008216159304332659,0.008216159304332659,0.008216159304332659,0.008216159304332659,0.00852875206989968,0.00852875206989968,0.00852875206989968,0.00852875206989968,0.00852875206989968,0.00852875206989968,0.00852875206989968,0.00852875206989968,0.00852875206989968,0.009730784306632384,0.009730784306632384,0.009730784306632384,0.009730784306632384,0.009730784306632384,0.00900870833441352,0.00900870833441352,0.00900870833441352,0.008840834608408451,0.008840834608408451,0.008840834608408451,0.008840834608408451,0.008840834608408451,0.008840834608408451,0.008840834608408451,0.008840834608408451,0.008840834608408451,0.008840834608408451,0.008840834608408451,0.008840834608408451,0.008840834608408451,0.008840834608408451,0.008840834608408451,0.008840834608408451,0.008840834608408451,0.008840834608408451,0.008840834608408451,0.008840834608408451,0.008840834608408451,0.008840834608408451,0.008840834608408451,0.008840834608408451,0.008859722460427915,0.008859722460427915,0.008859722460427915,0.008859722460427915,0.007289050753914317,0.007289050753914317,0.007289050753914317,0.007289050753914317,0.007289050753914317,0.010221688813613003,0.010221688813613003,0.010221688813613003,0.00993513364583337,0.010691687281915363,0.010691687281915363,0.010691687281915363,0.010691687281915363,0.010691687281915363,0.010691687281915363,0.010691687281915363,0.010691687281915363,0.0057219747505480095

mean_time: , 18600.325342559816
best_solution: , 0.6553079947575361
worst_solution: , 0.6703994458554606
mean_solution: , 0.6621486584301048
std_solution: , 0.0057219747505480095



solutions runs are : 



0.6553079947575361

0.6673452281163933

0.6589012894138043

0.6587893340073298

0.6703994458554606

