# Scenario 491
Mean curve: 0.7223333333333333,0.7256666666666667,0.7256666666666667,0.7256666666666667,0.7256666666666667,0.7256666666666667,0.7256666666666667,0.7256666666666667,0.7256666666666667,0.7256666666666667,0.7256666666666667,0.7256666666666667,0.7256666666666667,0.7256666666666667,0.7256666666666667,0.7256666666666667,0.7256666666666667,0.7256666666666667,0.7256666666666667,0.7256666666666667,0.7256666666666667,0.7256666666666667,0.7256666666666667,0.7256666666666667,0.7274,0.7274,0.7274,0.7274,0.7274,0.7274,0.7274,0.7274,0.7274,0.7276,0.7276,0.7276,0.7276,0.7276,0.7276,0.7284666666666667,0.7289333333333334,0.7289333333333334,0.7289333333333334,0.7289333333333334,0.7289333333333334,0.7290666666666668,0.7292666666666667,0.7294,0.7295333333333334,0.7295333333333334,0.7305333333333334,0.7305333333333334,0.731,0.731,0.7310666666666666,0.7310666666666666,0.7323333333333333,0.7323333333333333,0.7323333333333333,0.7323333333333333,0.7323333333333333,0.7323333333333333,0.7323333333333333,0.7323333333333333,0.7323333333333333,0.7323333333333333,0.7323333333333333,0.7323333333333333,0.7323333333333333,0.7323333333333333,0.7323333333333333,0.7323333333333333,0.7323333333333333,0.7323333333333333,0.7323333333333333,0.7323333333333333,0.7323333333333333,0.7323333333333333,0.7323333333333333,0.7323333333333333,0.7323333333333333,0.7323333333333333,0.7323333333333333,0.7323333333333333,0.7323333333333333,0.7342000000000001,0.7342000000000001,0.7342000000000001,0.7342000000000001,0.7342000000000001,0.7342000000000001,0.7342000000000001,0.7342000000000001,0.7342000000000001,0.7342000000000001,0.7342000000000001,0.7342000000000001,0.7342000000000001,0.7342000000000001,0.7342000000000001
Std curve: 0.0010954451150103196,0.0016865480854231518,0.0016865480854231518,0.0016865480854231518,0.0016865480854231518,0.0016865480854231518,0.0016865480854231518,0.0016865480854231518,0.0016865480854231518,0.0016865480854231518,0.0016865480854231518,0.0016865480854231518,0.0016865480854231518,0.0016865480854231518,0.0016865480854231518,0.0016865480854231518,0.0016865480854231518,0.0016865480854231518,0.0016865480854231518,0.0016865480854231518,0.0016865480854231518,0.0016865480854231518,0.0016865480854231518,0.0016865480854231518,0.003014041214788607,0.003014041214788607,0.003014041214788607,0.003014041214788607,0.003014041214788607,0.003014041214788607,0.003014041214788607,0.003014041214788607,0.003014041214788607,0.0030360793431295106,0.0030360793431295106,0.0030360793431295106,0.0030360793431295106,0.0030360793431295106,0.0030360793431295106,0.002196967607104535,0.0022251092357704672,0.0022251092357704672,0.0022251092357704672,0.0022251092357704672,0.0022251092357704672,0.0021437246921084605,0.002080598204576951,0.0020374275719914747,0.002028683207293716,0.002028683207293716,0.0026549743668986326,0.0026549743668986326,0.0027243755655603145,0.0027243755655603145,0.002611087470342139,0.002611087470342139,0.001445298892578576,0.001445298892578576,0.001445298892578576,0.001445298892578576,0.001445298892578576,0.001445298892578576,0.001445298892578576,0.001445298892578576,0.001445298892578576,0.001445298892578576,0.001445298892578576,0.001445298892578576,0.001445298892578576,0.001445298892578576,0.001445298892578576,0.001445298892578576,0.001445298892578576,0.001445298892578576,0.001445298892578576,0.001445298892578576,0.001445298892578576,0.001445298892578576,0.001445298892578576,0.001445298892578576,0.001445298892578576,0.001445298892578576,0.001445298892578576,0.001445298892578576,0.001445298892578576,0.004003331945600654,0.004003331945600654,0.004003331945600654,0.004003331945600654,0.004003331945600654,0.004003331945600654,0.004003331945600654,0.004003331945600654,0.004003331945600654,0.004003331945600654,0.004003331945600654,0.004003331945600654,0.004003331945600654,0.004003331945600654,0.004003331945600654

mean_time: , 20969.694357156754
best_solution: , 0.7296666666666667
worst_solution: , 0.7416666666666667
mean_solution: , 0.7342000000000001
std_solution: , 0.004003331945600654



solutions runs are : 



0.7416666666666667

0.7296666666666667

0.734

0.7326666666666667

0.733

