# Scenario 424
Mean curve: 0.582500684681452,0.584452980733369,0.5910350753358405,0.5910350753358405,0.5973756735005993,0.5973756735005993,0.5973756735005993,0.598805645477441,0.6001952065637746,0.6003323370629741,0.6003323370629741,0.6003323370629741,0.6003323370629741,0.6003524430931655,0.6003524430931655,0.600470357055274,0.600470357055274,0.600470357055274,0.6007793952027847,0.6007793952027847,0.6007793952027847,0.6007793952027847,0.6007793952027847,0.6007793952027847,0.6008091455865731,0.6008091455865731,0.6008091455865731,0.6008091455865731,0.6008091455865731,0.6008091455865731,0.6008091455865731,0.6013234981031241,0.6013234981031241,0.6013234981031241,0.6045003776994313,0.6045003776994313,0.6045003776994313,0.6045003776994313,0.606056667785512,0.606056667785512,0.606056667785512,0.606056667785512,0.606056667785512,0.606056667785512,0.606056667785512,0.606056667785512,0.606056667785512,0.606056667785512,0.606056667785512,0.606056667785512,0.606056667785512,0.606056667785512,0.606056667785512,0.606056667785512,0.6076735536500768,0.6076735536500768,0.6090605146045024,0.6090605146045024,0.6090605146045024,0.6090605146045024,0.6090605146045024,0.6090605146045024,0.6090605146045024,0.6090605146045024,0.6090605146045024,0.6090605146045024,0.6090605146045024,0.6090605146045024,0.6090605146045024,0.6090605146045024,0.6090605146045024,0.6090605146045024,0.6090605146045024,0.6097814855254258,0.6098895640392661,0.6098895640392661,0.6098895640392661,0.6098895640392661,0.6098895640392661,0.6098895640392661,0.6098895640392661,0.6098895640392661,0.6098895640392661,0.6098895640392661,0.6098895640392661,0.6098895640392661,0.6098895640392661,0.6098895640392661,0.6098895640392661,0.6098895640392661,0.6098895640392661,0.6098895640392661,0.6144885565343827,0.6144885565343827,0.6144885565343827,0.6144885565343827,0.6144885565343827,0.6144885565343827,0.6144885565343827,0.6144885565343827
Std curve: 0.010865815686754023,0.009191728724445038,0.013173193994544492,0.013173193994544492,0.012171526995610455,0.012171526995610455,0.012171526995610455,0.010688061332304299,0.00883825873882705,0.008682609748751699,0.008682609748751699,0.008682609748751699,0.008682609748751699,0.008658298481517931,0.008658298481517931,0.00852858351690309,0.00852858351690309,0.00852858351690309,0.008160323261878643,0.008160323261878643,0.008160323261878643,0.008160323261878643,0.008160323261878643,0.008160323261878643,0.008125735067660844,0.008125735067660844,0.008125735067660844,0.008125735067660844,0.008125735067660844,0.008125735067660844,0.008125735067660844,0.00757681083220282,0.00757681083220282,0.00757681083220282,0.007146774439670443,0.007146774439670443,0.007146774439670443,0.007146774439670443,0.004489594316455026,0.004489594316455026,0.004489594316455026,0.004489594316455026,0.004489594316455026,0.004489594316455026,0.004489594316455026,0.004489594316455026,0.004489594316455026,0.004489594316455026,0.004489594316455026,0.004489594316455026,0.004489594316455026,0.004489594316455026,0.004489594316455026,0.004489594316455026,0.0029249415498957664,0.0029249415498957664,0.003907517857292488,0.003907517857292488,0.003907517857292488,0.003907517857292488,0.003907517857292488,0.003907517857292488,0.003907517857292488,0.003907517857292488,0.003907517857292488,0.003907517857292488,0.003907517857292488,0.003907517857292488,0.003907517857292488,0.003907517857292488,0.003907517857292488,0.003907517857292488,0.003907517857292488,0.0028106591727765054,0.002674615327300225,0.002674615327300225,0.002674615327300225,0.002674615327300225,0.002674615327300225,0.002674615327300225,0.002674615327300225,0.002674615327300225,0.002674615327300225,0.002674615327300225,0.002674615327300225,0.002674615327300225,0.002674615327300225,0.002674615327300225,0.002674615327300225,0.002674615327300225,0.002674615327300225,0.002674615327300225,0.008441986456602888,0.008441986456602888,0.008441986456602888,0.008441986456602888,0.008441986456602888,0.008441986456602888,0.008441986456602888,0.008441986456602888

mean_time: , 26712.018615055084
best_solution: , 0.6066534260178749
worst_solution: , 0.6306569343065693
mean_solution: , 0.6144885565343827
std_solution: , 0.008441986456602888



solutions runs are : 



0.6142546245919478

0.6110201854882706

0.6306569343065693

0.6098576122672508

0.6066534260178749

