# Scenario 222
Mean curve: 0.6202687137559043,0.6267116420408769,0.6343297703469164,0.6410191624823318,0.6416424380184234,0.6416424380184234,0.6458780962454322,0.649331572310606,0.652076005652006,0.6553004839671075,0.6567401196153513,0.6604530728116742,0.660988084200331,0.6629464106067815,0.6629464106067815,0.6655951382894025,0.6677662286968914,0.6691645980357939,0.6709601936330426,0.6750581286022517,0.6827131095835515,0.6854922610632149,0.6854922610632149,0.6892017247583487,0.6892017247583487,0.691657229555761,0.6943117511647738,0.6950601961339604,0.6979455451256953,0.6979455451256953,0.7004368701580376,0.7013182507960991,0.7028744869228805,0.7039915600768044,0.7139243136959076,0.7139243136959076,0.713991905666342,0.713991905666342,0.7182449180453769,0.7182449180453769,0.7190040739471618,0.7213205576455991,0.7234042132454116,0.7234042132454116,0.7234042132454116,0.7234042132454116,0.7234042132454116,0.7269901412345184,0.728690798850311,0.728690798850311,0.728690798850311,0.7314396431204028,0.7324812813207873,0.7335068400904925,0.7335068400904925,0.7353402063888496,0.7353402063888496,0.7353402063888496,0.7361147913812326,0.7413139355957774,0.7447973629045072,0.7447973629045072,0.7447973629045072,0.7447973629045072,0.7447973629045072,0.7448613728315614,0.7483627743722799,0.7484513615905982,0.7498045375372218,0.7508774346397985,0.751226446256305,0.7514932624204727,0.7526163609077107,0.7540093428054916,0.7562813959063754,0.7562813959063754,0.7567111290327704,0.7574922896539781,0.7574922896539781,0.7574922896539781,0.7574922896539781,0.757719236297231,0.757719236297231,0.7601453564417415,0.7649951481134638,0.7649951481134638,0.7656862451010058,0.7670693120180326,0.7670693120180326,0.7670693120180326,0.7704186590743415,0.7722891455991739,0.7722891455991739,0.7733016005663058,0.7737434662012598,0.7737434662012598,0.7738440236739075,0.7761566377106146,0.7761566377106146,0.776669891089429
Std curve: 0.004524945180864711,0.005890814782707014,0.010227907127885311,0.008218152359973953,0.007243904842135023,0.007243904842135023,0.006147458451056841,0.00475060598119093,0.005279409479204074,0.003245641216683505,0.0038960649098936685,0.007724001684480612,0.007701658562650594,0.008808237989866052,0.008808237989866052,0.006686884078656634,0.009462275069996971,0.008197556993934468,0.0067706373306449215,0.008446540852656337,0.0072111856175731135,0.006648804974117601,0.006648804974117601,0.008955488286608583,0.008955488286608583,0.009290212083656256,0.011742294887942768,0.010887505668751378,0.008956427701615283,0.008956427701615283,0.009563098573092092,0.010031826166757917,0.01122548355760704,0.009915573772398694,0.009384253903184701,0.009384253903184701,0.009387627834037878,0.009387627834037878,0.0105066403062905,0.0105066403062905,0.011224424507811134,0.013848851250972061,0.01576842927485299,0.01576842927485299,0.01576842927485299,0.01576842927485299,0.01576842927485299,0.018563876334833796,0.01786426014705484,0.01786426014705484,0.01786426014705484,0.018322375644036576,0.016523994754949207,0.016472047732487873,0.016472047732487873,0.015925115059621665,0.015925115059621665,0.015925115059621665,0.016794674053851606,0.01881683699540757,0.01241105114601216,0.01241105114601216,0.01241105114601216,0.01241105114601216,0.01241105114601216,0.012478397219886462,0.016521123207392793,0.01656313079049723,0.014591777331798244,0.016385450294889164,0.01628887473860747,0.016170979351666368,0.015677023813382995,0.0152285686175798,0.01543066176708063,0.01543066176708063,0.01562462316056148,0.016089186101696407,0.016089186101696407,0.016089186101696407,0.016089186101696407,0.016293323063357464,0.016293323063357464,0.017555417595423957,0.024327615457477723,0.024327615457477723,0.023990276032688666,0.02220588745552346,0.02220588745552346,0.02220588745552346,0.021725958472992142,0.020046441056433408,0.020046441056433408,0.020269713910284405,0.02094554747376555,0.02094554747376555,0.020962221823753315,0.0194182788929277,0.0194182788929277,0.019481336112896357

mean_time: , 22248.31838335991
best_solution: , 0.7456521739130435
worst_solution: , 0.806146572104019
mean_solution: , 0.776669891089429
std_solution: , 0.019481336112896357



solutions runs are : 



0.806146572104019

0.7456521739130435

0.7705743043220841

0.7800859598853869

0.7808904452226113

