# Scenario 459
Mean curve: 0.7368333333333333,0.7431666666666666,0.7431666666666666,0.7431666666666666,0.7475,0.7475,0.7475,0.7475,0.7475,0.7475,0.7475,0.7475,0.7475,0.7475,0.7475,0.7475,0.7475,0.7478333333333333,0.7485,0.7485,0.7485,0.7485,0.7485,0.7485,0.7485,0.7485,0.7485,0.7485,0.7485,0.7485,0.7485,0.7485,0.7485,0.7485,0.7485,0.7485,0.7485,0.7485,0.7485,0.749,0.749,0.749,0.749,0.749,0.7493333333333334,0.7493333333333334,0.7493333333333334,0.7493333333333334,0.7493333333333334,0.7493333333333334,0.7493333333333334,0.7493333333333334,0.7493333333333334,0.7493333333333334,0.7493333333333334,0.7493333333333334,0.7493333333333334,0.7493333333333334,0.7493333333333334,0.7493333333333334,0.7493333333333334,0.7546666666666667,0.7546666666666667,0.7546666666666667,0.7546666666666667,0.7546666666666667,0.7546666666666667,0.7546666666666667,0.7546666666666667,0.7546666666666667,0.7546666666666667,0.7546666666666667,0.7546666666666667,0.7546666666666667,0.7546666666666667,0.7546666666666667,0.7546666666666667,0.7546666666666667,0.7546666666666667,0.7546666666666667,0.7546666666666667,0.7546666666666667,0.7546666666666667,0.7546666666666667,0.7546666666666667,0.7546666666666667,0.7551666666666667,0.7551666666666667,0.7551666666666667,0.7551666666666667,0.7551666666666667,0.7551666666666667,0.7551666666666667,0.7551666666666667,0.7551666666666667,0.7551666666666667,0.7551666666666667,0.7551666666666667,0.7551666666666667,0.7551666666666667
Std curve: 0.01325393023471403,0.009752492558885205,0.009752492558885205,0.009752492558885205,0.006032320356951314,0.006032320356951314,0.006032320356951314,0.006032320356951314,0.006032320356951314,0.006032320356951314,0.006032320356951314,0.006032320356951314,0.006032320356951314,0.006032320356951314,0.006032320356951314,0.006032320356951314,0.006032320356951314,0.005835713800003888,0.005661762583821031,0.005661762583821031,0.005661762583821031,0.005661762583821031,0.005661762583821031,0.005661762583821031,0.005661762583821031,0.005661762583821031,0.005661762583821031,0.005661762583821031,0.005661762583821031,0.005661762583821031,0.005661762583821031,0.005661762583821031,0.005661762583821031,0.005661762583821031,0.005661762583821031,0.005661762583821031,0.005661762583821031,0.005661762583821031,0.005661762583821031,0.005734883511361772,0.005734883511361772,0.005734883511361772,0.005734883511361772,0.005734883511361772,0.005878397362849478,0.005878397362849478,0.005878397362849478,0.005878397362849478,0.005878397362849478,0.005878397362849478,0.005878397362849478,0.005878397362849478,0.005878397362849478,0.005878397362849478,0.005878397362849478,0.005878397362849478,0.005878397362849478,0.005878397362849478,0.005878397362849478,0.005878397362849478,0.005878397362849478,0.011348029687032812,0.011348029687032812,0.011348029687032812,0.011348029687032812,0.011348029687032812,0.011348029687032812,0.011348029687032812,0.011348029687032812,0.011348029687032812,0.011348029687032812,0.011348029687032812,0.011348029687032812,0.011348029687032812,0.011348029687032812,0.011348029687032812,0.011348029687032812,0.011348029687032812,0.011348029687032812,0.011348029687032812,0.011348029687032812,0.011348029687032812,0.011348029687032812,0.011348029687032812,0.011348029687032812,0.011348029687032812,0.010690078473883048,0.010690078473883048,0.010690078473883048,0.010690078473883048,0.010690078473883048,0.010690078473883048,0.010690078473883048,0.010690078473883048,0.010690078473883048,0.010690078473883048,0.010690078473883048,0.010690078473883048,0.010690078473883048,0.010690078473883048

mean_time: , 8522.910254955292
best_solution: , 0.7416666666666667
worst_solution: , 0.7741666666666667
mean_solution: , 0.7551666666666667
std_solution: , 0.010690078473883048



solutions runs are : 



0.7508333333333334

0.7525

0.7741666666666667

0.7416666666666667

0.7566666666666667

