# Scenario 244
Mean curve: 0.5303659991641706,0.5359596651580387,0.544777655555311,0.5487594112776274,0.5517583409498167,0.5527378110443284,0.5528692702021762,0.5628580099420705,0.5694388829530193,0.5701108691574178,0.5709456970235307,0.5730194029750416,0.5730194029750416,0.5758074152807566,0.5778022309807291,0.5789004053086654,0.5789004053086654,0.5823237690173678,0.5823237690173678,0.583090633677588,0.583090633677588,0.583090633677588,0.5841737045233988,0.5882812470653145,0.591406617686331,0.591406617686331,0.5932049546006309,0.5937874577710506,0.5959300150596399,0.5975248082919061,0.5981626606805278,0.6003020906978601,0.600814135639834,0.6016635433164478,0.6025144169684536,0.6025144169684536,0.6049358636902868,0.6056380829735355,0.6075489839896602,0.6080796586525832,0.6107904376635978,0.6116123994179871,0.6134868255375916,0.6134868255375916,0.6134868255375916,0.6173375038094637,0.6173375038094637,0.6173375038094637,0.6200930923861737,0.6200930923861737,0.6200930923861737,0.6212196108530751,0.6214151026109448,0.6248116953102215,0.6248116953102215,0.6259575970531323,0.6267643307066273,0.629642751942245,0.6315690292960067,0.6315690292960067,0.6315690292960067,0.633514480602971,0.6342274367831566,0.6345476419896634,0.6372915852303189,0.6372915852303189,0.6372915852303189,0.6372915852303189,0.6375989626506671,0.6380382679465889,0.6394525500306131,0.6399679456203187,0.6400859099559154,0.6400859099559154,0.6400859099559154,0.6407334134720898,0.6416560811299632,0.6432541059151766,0.6436848500763009,0.6436848500763009,0.6440692244005941,0.6440692244005941,0.6440692244005941,0.6441736009438976,0.6441736009438976,0.6441736009438976,0.6462601432251182,0.6462601432251182,0.6496221619001188,0.6535613690944316,0.6539786933404415,0.6541451826392471,0.6542384742475884,0.6542384742475884,0.6558579829679573,0.6560266608197397,0.6560266608197397,0.6571047949990371,0.6571047949990371,0.6571047949990371
Std curve: 0.003482529544509998,0.005927714956525294,0.0054597720674220175,0.004495141157598215,0.005541465364711075,0.004693667181418851,0.0046292520810000135,0.014978684567569607,0.010385865874824218,0.009559381017239134,0.011041776166409834,0.012319456319265275,0.012319456319265275,0.011602844674524845,0.013589677389316596,0.012279298710212742,0.012279298710212742,0.010760149006896475,0.010760149006896475,0.010131794217388523,0.010131794217388523,0.010131794217388523,0.00873353131192877,0.007877057391706816,0.003666750876060504,0.003666750876060504,0.005511336688219002,0.005360197195318624,0.0067083530922609725,0.004775829737581488,0.004231001460765991,0.006890660560649999,0.006611060900093679,0.006810142185167406,0.0055798571533409065,0.0055798571533409065,0.006800515100084411,0.0073603391239688955,0.007735778639718144,0.008163171564756743,0.007977814936855674,0.00644208841198977,0.005007506059518157,0.005007506059518157,0.005007506059518157,0.007357545432072487,0.007357545432072487,0.007357545432072487,0.007942361854049946,0.007942361854049946,0.007942361854049946,0.008375580147976581,0.008533428936220572,0.004927197089513535,0.004927197089513535,0.006187606045558274,0.007242199773452765,0.01228409150521939,0.012274042702537263,0.012274042702537263,0.012274042702537263,0.011160158721021274,0.010209997389823502,0.010118943974075596,0.008146165971223947,0.008146165971223947,0.008146165971223947,0.008146165971223947,0.007935612821149608,0.0077101654378140885,0.007179246269517751,0.00665557673007683,0.006652307923435564,0.006652307923435564,0.006652307923435564,0.006682057045110188,0.006852401720527715,0.007912487721082601,0.007483367262729948,0.007483367262729948,0.007515628629279027,0.007515628629279027,0.007515628629279027,0.0075379128164947025,0.0075379128164947025,0.0075379128164947025,0.009077928116731623,0.009077928116731623,0.00803316455217574,0.00543526251222931,0.0053200443416477885,0.005284095817382231,0.005448772025393853,0.005448772025393853,0.006566003460942891,0.006645502782135849,0.006645502782135849,0.0065577941126098846,0.0065577941126098846,0.0065577941126098846

mean_time: , 45588.07932863235
best_solution: , 0.6469451156368657
worst_solution: , 0.6666899685424676
mean_solution: , 0.6571047949990371
std_solution: , 0.0065577941126098846



solutions runs are : 



0.6594773647405227

0.6469451156368657

0.6536875218455086

0.6666899685424676

0.6587240042298202

