# Scenario 413
Mean curve: 0.7876666666666666,0.7966666666666666,0.7966666666666666,0.7966666666666666,0.7966666666666666,0.7966666666666666,0.7966666666666666,0.8013333333333332,0.8013333333333332,0.8013333333333332,0.8043333333333333,0.8043333333333333,0.8043333333333333,0.8053333333333332,0.8053333333333332,0.8053333333333332,0.8083333333333332,0.8083333333333332,0.8113333333333334,0.813,0.813,0.813,0.813,0.813,0.813,0.813,0.8186666666666668,0.8186666666666668,0.8186666666666668,0.8286666666666666,0.8286666666666666,0.8286666666666666,0.8286666666666666,0.8286666666666666,0.8286666666666666,0.8286666666666666,0.8286666666666666,0.8286666666666666,0.8286666666666666,0.8286666666666666,0.8286666666666666,0.8286666666666666,0.8286666666666666,0.8286666666666666,0.8286666666666666,0.8286666666666666,0.8286666666666666,0.8286666666666666,0.8286666666666666,0.8286666666666666,0.8286666666666666,0.8286666666666666,0.8286666666666666,0.8286666666666666,0.8286666666666666,0.8286666666666666,0.8286666666666666,0.8286666666666666,0.8286666666666666,0.8286666666666666,0.8286666666666666,0.8286666666666666,0.8286666666666666,0.8286666666666666,0.8286666666666666,0.8286666666666666,0.8286666666666666,0.8286666666666666,0.8286666666666666,0.8286666666666666,0.8286666666666666,0.8286666666666666,0.8286666666666666,0.8286666666666666,0.8286666666666666,0.8306666666666667,0.8306666666666667,0.8306666666666667,0.8306666666666667,0.8306666666666667,0.8306666666666667,0.8306666666666667,0.8306666666666667,0.8306666666666667,0.8306666666666667,0.8306666666666667,0.8306666666666667,0.8306666666666667,0.8306666666666667,0.8306666666666667,0.8306666666666667,0.8306666666666667,0.8306666666666667,0.8306666666666667,0.8306666666666667,0.8306666666666667,0.8306666666666667,0.8306666666666667,0.8306666666666667,0.8306666666666667
Std curve: 0.017999999999999988,0.013498971154211047,0.013498971154211047,0.013498971154211047,0.013498971154211047,0.013498971154211047,0.013498971154211047,0.01326649916142159,0.01326649916142159,0.01326649916142159,0.01019803902718555,0.01019803902718555,0.01019803902718555,0.00979795897113269,0.00979795897113269,0.00979795897113269,0.010954451150103305,0.010954451150103305,0.011224972160321808,0.011518101695447317,0.011518101695447317,0.011518101695447317,0.011518101695447317,0.011518101695447317,0.011518101695447317,0.011518101695447317,0.0006666666666666377,0.0006666666666666377,0.0006666666666666377,0.019843834754849604,0.019843834754849604,0.019843834754849604,0.019843834754849604,0.019843834754849604,0.019843834754849604,0.019843834754849604,0.019843834754849604,0.019843834754849604,0.019843834754849604,0.019843834754849604,0.019843834754849604,0.019843834754849604,0.019843834754849604,0.019843834754849604,0.019843834754849604,0.019843834754849604,0.019843834754849604,0.019843834754849604,0.019843834754849604,0.019843834754849604,0.019843834754849604,0.019843834754849604,0.019843834754849604,0.019843834754849604,0.019843834754849604,0.019843834754849604,0.019843834754849604,0.019843834754849604,0.019843834754849604,0.019843834754849604,0.019843834754849604,0.019843834754849604,0.019843834754849604,0.019843834754849604,0.019843834754849604,0.019843834754849604,0.019843834754849604,0.019843834754849604,0.019843834754849604,0.019843834754849604,0.019843834754849604,0.019843834754849604,0.019843834754849604,0.019843834754849604,0.019843834754849604,0.019194906731850606,0.019194906731850606,0.019194906731850606,0.019194906731850606,0.019194906731850606,0.019194906731850606,0.019194906731850606,0.019194906731850606,0.019194906731850606,0.019194906731850606,0.019194906731850606,0.019194906731850606,0.019194906731850606,0.019194906731850606,0.019194906731850606,0.019194906731850606,0.019194906731850606,0.019194906731850606,0.019194906731850606,0.019194906731850606,0.019194906731850606,0.019194906731850606,0.019194906731850606,0.019194906731850606,0.019194906731850606

mean_time: , 4889.266905736923
best_solution: , 0.8183333333333334
worst_solution: , 0.8683333333333333
mean_solution: , 0.8306666666666667
std_solution: , 0.019194906731850606



solutions runs are : 



0.82

0.8183333333333334

0.8683333333333333

0.8283333333333334

0.8183333333333334

