# Scenario 422
Mean curve: 0.6157797288130605,0.6274052026769682,0.6290125915213716,0.6290125915213716,0.6306297366240338,0.6306297366240338,0.6306297366240338,0.6306297366240338,0.6323449625789537,0.6323449625789537,0.632379734288891,0.632379734288891,0.632379734288891,0.632379734288891,0.632379734288891,0.632379734288891,0.632379734288891,0.632379734288891,0.632379734288891,0.632379734288891,0.632379734288891,0.632379734288891,0.6326252988336496,0.6342682520388154,0.6342682520388154,0.6342682520388154,0.6342682520388154,0.6342682520388154,0.6342682520388154,0.636357080368439,0.636357080368439,0.636357080368439,0.636357080368439,0.636357080368439,0.636357080368439,0.636357080368439,0.636357080368439,0.636357080368439,0.636357080368439,0.636357080368439,0.6370574192096855,0.6370574192096855,0.6370574192096855,0.6370574192096855,0.6370574192096855,0.6370574192096855,0.6370574192096855,0.6370574192096855,0.6370574192096855,0.6370574192096855,0.6370574192096855,0.6370574192096855,0.6372985039153358,0.6372985039153358,0.6372985039153358,0.6372985039153358,0.6372985039153358,0.6372985039153358,0.6372985039153358,0.6372985039153358,0.6372985039153358,0.6372985039153358,0.6372985039153358,0.6372985039153358,0.6419247602155626,0.6419247602155626,0.6419247602155626,0.6419247602155626,0.6419247602155626,0.6419247602155626,0.6419247602155626,0.6419247602155626,0.6419247602155626,0.6419247602155626,0.6419247602155626,0.6419247602155626,0.6419247602155626,0.6419247602155626,0.6421705889093514,0.6421705889093514,0.6421705889093514,0.6421705889093514,0.6421705889093514,0.6421705889093514,0.6421705889093514,0.6421705889093514,0.6421705889093514,0.6421705889093514,0.6421705889093514,0.6421705889093514,0.6422222726454196,0.642968236337432,0.642968236337432,0.6489096266154604,0.6489096266154604,0.6489096266154604,0.6489096266154604,0.6489096266154604,0.6489096266154604,0.6489096266154604
Std curve: 0.01515966505443326,0.013153104202024582,0.01146697088767548,0.01146697088767548,0.010515934702994641,0.010515934702994641,0.010515934702994641,0.010515934702994641,0.00854104342518566,0.00854104342518566,0.008521171836623315,0.008521171836623315,0.008521171836623315,0.008521171836623315,0.008521171836623315,0.008521171836623315,0.008521171836623315,0.008521171836623315,0.008521171836623315,0.008521171836623315,0.008521171836623315,0.008521171836623315,0.008314512694476018,0.006956678541231935,0.006956678541231935,0.006956678541231935,0.006956678541231935,0.006956678541231935,0.006956678541231935,0.006154779764468393,0.006154779764468393,0.006154779764468393,0.006154779764468393,0.006154779764468393,0.006154779764468393,0.006154779764468393,0.006154779764468393,0.006154779764468393,0.006154779764468393,0.006154779764468393,0.005574646720003461,0.005574646720003461,0.005574646720003461,0.005574646720003461,0.005574646720003461,0.005574646720003461,0.005574646720003461,0.005574646720003461,0.005574646720003461,0.005574646720003461,0.005574646720003461,0.005574646720003461,0.005878795761408309,0.005878795761408309,0.005878795761408309,0.005878795761408309,0.005878795761408309,0.005878795761408309,0.005878795761408309,0.005878795761408309,0.005878795761408309,0.005878795761408309,0.005878795761408309,0.005878795761408309,0.011261721779791196,0.011261721779791196,0.011261721779791196,0.011261721779791196,0.011261721779791196,0.011261721779791196,0.011261721779791196,0.011261721779791196,0.011261721779791196,0.011261721779791196,0.011261721779791196,0.011261721779791196,0.011261721779791196,0.011261721779791196,0.010971301055659159,0.010971301055659159,0.010971301055659159,0.010971301055659159,0.010971301055659159,0.010971301055659159,0.010971301055659159,0.010971301055659159,0.010971301055659159,0.010971301055659159,0.010971301055659159,0.010971301055659159,0.010912077221779455,0.0101364571110893,0.0101364571110893,0.011473759445297996,0.011473759445297996,0.011473759445297996,0.011473759445297996,0.011473759445297996,0.011473759445297996,0.011473759445297996

mean_time: , 28345.023496198653
best_solution: , 0.6336
worst_solution: , 0.6632244467860906
mean_solution: , 0.6489096266154604
std_solution: , 0.011473759445297996



solutions runs are : 



0.6611492816989382

0.6336

0.6415689810640216

0.6632244467860906

0.6450054235282516

