# Scenario 177
Mean curve: 0.75925,0.76425,0.7725,0.77325,0.779,0.78025,0.7805,0.780875,0.78425,0.78425,0.787875,0.787875,0.787875,0.7881250000000001,0.790875,0.79375,0.7947500000000001,0.7992499999999999,0.7992499999999999,0.8005000000000001,0.802375,0.8025,0.8025,0.8025,0.804,0.804,0.804,0.804125,0.804125,0.8045,0.8045,0.8045,0.8056249999999998,0.8056249999999998,0.8056249999999998,0.8056249999999998,0.8078749999999999,0.8078749999999999,0.8078749999999999,0.8078749999999999,0.8078749999999999,0.8088749999999999,0.8088749999999999,0.8088749999999999,0.8088749999999999,0.8088749999999999,0.8091249999999999,0.8098749999999999,0.8098749999999999,0.8098749999999999,0.8098749999999999,0.8098749999999999,0.8119999999999999,0.8119999999999999,0.8119999999999999,0.8119999999999999,0.8119999999999999,0.8119999999999999,0.8119999999999999,0.812875,0.812875,0.8157500000000001,0.8157500000000001,0.8157500000000001,0.8163750000000001,0.817375,0.817375,0.817375,0.817375,0.817375,0.817375,0.817375,0.8186250000000002,0.8186250000000002,0.8186250000000002,0.8193750000000002,0.8193750000000002,0.8216249999999998,0.8216249999999998,0.8219999999999998,0.8219999999999998,0.8219999999999998,0.8225000000000001,0.8225000000000001,0.8225000000000001,0.8225000000000001,0.8230000000000001,0.8230000000000001,0.8230000000000001,0.8230000000000001,0.82325,0.8243750000000001,0.8243750000000001,0.8243750000000001,0.8243750000000001,0.8243750000000001,0.8243750000000001,0.8243750000000001,0.8243750000000001,0.82575
Std curve: 0.012639224659764536,0.01004987562112088,0.00678923780700015,0.005774404731225554,0.002222048604328901,0.0030000000000000165,0.0030720514318611416,0.002698379143115367,0.003409545424246475,0.003409545424246475,0.001159202311936967,0.001159202311936967,0.001159202311936967,0.0014252192813739408,0.0032258719751409805,0.004011701633970304,0.004340938838546329,0.003652909799050622,0.003652909799050622,0.004282960424752949,0.005083674851915679,0.004921254921257376,0.004921254921257376,0.004921254921257376,0.003803781013675736,0.003803781013675736,0.003803781013675736,0.0039449334595148735,0.0039449334595148735,0.003340097303971858,0.003340097303971858,0.003340097303971858,0.0036228441865473705,0.0036228441865473705,0.0036228441865473705,0.0036228441865473705,0.002291287847477938,0.002291287847477938,0.002291287847477938,0.002291287847477938,0.002291287847477938,0.002915475947422668,0.002915475947422668,0.002915475947422668,0.002915475947422668,0.002915475947422668,0.0031024184114977304,0.004000000000000028,0.004000000000000028,0.004000000000000028,0.004000000000000028,0.004000000000000028,0.0028339460121886775,0.0028339460121886775,0.0028339460121886775,0.0028339460121886775,0.0028339460121886775,0.0028339460121886775,0.0028339460121886775,0.0023251344047173004,0.0023251344047173004,0.006025985396596995,0.006025985396596995,0.006025985396596995,0.006141559248269143,0.00593453873523463,0.00593453873523463,0.00593453873523463,0.00593453873523463,0.00593453873523463,0.00593453873523463,0.00593453873523463,0.006292356474326632,0.006292356474326632,0.006292356474326632,0.006483151239944994,0.006483151239944994,0.009799553561259838,0.009799553561259838,0.00934913097565758,0.00934913097565758,0.00934913097565758,0.008812278366007299,0.008812278366007299,0.008812278366007299,0.008812278366007299,0.008868835887533394,0.008868835887533394,0.008868835887533394,0.008868835887533394,0.008904001909254075,0.009395810236483077,0.009395810236483077,0.009395810236483077,0.009395810236483077,0.009395810236483077,0.009395810236483077,0.009395810236483077,0.009395810236483077,0.008162413858657257

mean_time: , 9432.245749664307
best_solution: , 0.814375
worst_solution: , 0.838125
mean_solution: , 0.82575
std_solution: , 0.008162413858657257



solutions runs are : 



0.820625

0.838125

0.830625

0.814375

0.825

