# Scenario 299
Mean curve: 0.7213,0.7241000000000001,0.7262000000000001,0.7331000000000001,0.7343000000000001,0.7411000000000001,0.7419,0.7434000000000001,0.7449000000000001,0.7472000000000001,0.7486999999999999,0.7489999999999999,0.7518999999999999,0.7525999999999999,0.7543,0.7651,0.7651,0.7651,0.7651,0.7653000000000001,0.7658,0.7658,0.7664,0.767,0.767,0.7683,0.7683,0.7683,0.7698,0.7698,0.7704000000000001,0.7704000000000001,0.7717,0.7742,0.7743,0.7757,0.7760999999999999,0.7760999999999999,0.7762,0.7762,0.7762,0.7762,0.7777999999999999,0.7785,0.779,0.779,0.779,0.779,0.779,0.7818,0.7818,0.7818,0.782,0.7823,0.7823,0.7846,0.7862,0.7862,0.7871,0.7871,0.7872,0.7872,0.7872,0.7875,0.7891,0.7891,0.7894,0.7894,0.7898,0.7898,0.7898,0.7898,0.7898,0.7912000000000001,0.7912000000000001,0.7913,0.7913,0.7917,0.7917,0.7917,0.7917,0.7917,0.7917,0.7934,0.7937000000000001,0.7937000000000001,0.7937000000000001,0.7952000000000001,0.7952000000000001,0.7952000000000001,0.7954000000000001,0.7954000000000001,0.7954000000000001,0.7968999999999999,0.7968999999999999,0.7975,0.7975,0.7975,0.7975,0.7975
Std curve: 0.0143443368616329,0.011447270417003358,0.010322790320451167,0.009451983918733677,0.009298386956886668,0.0035411862419251774,0.0037603191353926596,0.0028178005607210816,0.004004996878900145,0.0069469417731833445,0.007117583859709679,0.006767569726275421,0.004993996395673496,0.0037999999999999683,0.0067867518003828595,0.00674091981854111,0.00674091981854111,0.00674091981854111,0.00674091981854111,0.006660330322138709,0.005878775382679633,0.005878775382679633,0.006118823416311347,0.006572670690062,0.006572670690062,0.00519230199429889,0.00519230199429889,0.00519230199429889,0.0040074929819027974,0.0040074929819027974,0.004619523784980461,0.004619523784980461,0.00507543101617983,0.004915282290977808,0.004791659420284393,0.003815756805667787,0.003261901286060023,0.003261901286060023,0.0031400636936215346,0.0031400636936215346,0.0031400636936215346,0.0031400636936215346,0.0044113490000225785,0.005486346689738086,0.0050099900199501324,0.0050099900199501324,0.0050099900199501324,0.0050099900199501324,0.0050099900199501324,0.006021627686929855,0.006021627686929855,0.006021627686929855,0.00582237065120387,0.005482700064749147,0.005482700064749147,0.004768647607026571,0.0026570660511173053,0.0026570660511173053,0.0023323807579381348,0.0023323807579381348,0.002501999200639356,0.002501999200639356,0.002501999200639356,0.0025495097567963857,0.004282522621072782,0.004282522621072782,0.004487761134463393,0.004487761134463393,0.004106093033529578,0.004106093033529578,0.004106093033529578,0.004106093033529578,0.004106093033529578,0.004589117562233512,0.004589117562233512,0.004489988864128723,0.004489988864128723,0.003969886648255834,0.003969886648255834,0.003969886648255834,0.003969886648255834,0.003969886648255834,0.003969886648255834,0.0033674916480965363,0.00338526217596214,0.00338526217596214,0.00338526217596214,0.003969886648255828,0.003969886648255828,0.003969886648255828,0.004294182110716765,0.004294182110716765,0.004294182110716765,0.004374928570845468,0.004374928570845468,0.004207136793592518,0.004207136793592518,0.004207136793592518,0.004207136793592518,0.004207136793592518

mean_time: , 13167.069991350174
best_solution: , 0.791
worst_solution: , 0.8035
mean_solution: , 0.7975
std_solution: , 0.004207136793592518



solutions runs are : 



0.7975

0.8035

0.8

0.791

0.7955

