# Scenario 293
Mean curve: 0.7028000000000001,0.7074,0.715,0.7188666666666667,0.7200666666666666,0.7220000000000001,0.7272666666666666,0.7316666666666667,0.7333333333333333,0.734,0.7352666666666666,0.7376666666666667,0.7383333333333333,0.7383333333333333,0.7427333333333334,0.7444,0.7454666666666665,0.7484,0.7484,0.7484,0.7501333333333333,0.7502666666666666,0.7525333333333334,0.7550666666666667,0.7574,0.7574,0.7580666666666668,0.7580666666666668,0.7598,0.7598,0.7599333333333333,0.7599333333333333,0.7605333333333334,0.7605333333333334,0.7605333333333334,0.7620666666666667,0.7623333333333333,0.7632,0.7647999999999999,0.7652666666666667,0.7652666666666667,0.7652666666666667,0.7653333333333334,0.7658666666666667,0.7658666666666667,0.7660666666666667,0.7660666666666667,0.7669333333333334,0.7676666666666667,0.7682666666666667,0.7708666666666668,0.7716666666666667,0.7726666666666666,0.7726666666666666,0.7726666666666666,0.7736666666666666,0.7737999999999999,0.7742,0.7752666666666668,0.7755333333333334,0.7761333333333333,0.7816666666666665,0.7816666666666665,0.7816666666666665,0.7817999999999999,0.7817999999999999,0.7817999999999999,0.7832,0.7832666666666667,0.7832666666666667,0.7846666666666666,0.7846666666666666,0.7846666666666666,0.7846666666666666,0.7874666666666666,0.7874666666666666,0.7896,0.7896,0.7903333333333333,0.7903333333333333,0.7903333333333333,0.7903333333333333,0.7925333333333333,0.7926666666666666,0.7926666666666666,0.7928666666666667,0.7954000000000001,0.7954000000000001,0.7954000000000001,0.7954000000000001,0.7956666666666667,0.796,0.796,0.797,0.797,0.7983333333333332,0.7987333333333333,0.7998000000000001,0.8006666666666667,0.8006666666666667
Std curve: 0.003618471132029854,0.001420485050177507,0.004802776974487437,0.003685406656289405,0.0034279893685820076,0.004330768471709782,0.0054053471468331945,0.004211096452627651,0.005865151319446075,0.005827139568909913,0.005343323975870364,0.0075395254787316845,0.006629898608240965,0.006629898608240965,0.008346389771764929,0.007564243371136194,0.008502548637516497,0.006714495099740876,0.006714495099740876,0.006714495099740876,0.006469071717711029,0.0062125321371849455,0.009308538493710465,0.008530728769181073,0.005794250023370878,0.005794250023370878,0.00623039146264324,0.00623039146264324,0.005667058809960909,0.005667058809960909,0.0055112007161174275,0.0055112007161174275,0.0057873425104561765,0.0057873425104561765,0.0057873425104561765,0.004673328578219164,0.004661902329879218,0.005829427263653104,0.0037034518432883033,0.004459197735517497,0.004459197735517497,0.004459197735517497,0.00442216638714053,0.0044301993935563,0.0044301993935563,0.0042551929059287796,0.0042551929059287796,0.0039009970235540756,0.004179314138308663,0.003929376540877708,0.006862458257310814,0.006470445631227163,0.006521758454077652,0.006521758454077652,0.006521758454077652,0.006439461675223044,0.00647250595467729,0.007157280675414811,0.008842825089051314,0.008890944206825766,0.008460627767619976,0.006572670690062004,0.006572670690062004,0.006572670690062004,0.006393051783859654,0.006393051783859654,0.006393051783859654,0.008683573253243421,0.0086085229085289,0.0086085229085289,0.007420691791650344,0.007420691791650344,0.007420691791650344,0.007420691791650344,0.005983681512617833,0.005983681512617833,0.0049995555358007026,0.0049995555358007026,0.006359594676112975,0.006359594676112975,0.006359594676112975,0.006359594676112975,0.006382615277280779,0.006236095644623246,0.006236095644623246,0.006031767752676023,0.010488935969762492,0.010488935969762492,0.010488935969762492,0.010488935969762492,0.010988883271541098,0.010733126291998994,0.010733126291998994,0.010059821071967439,0.010059821071967439,0.00952423808559568,0.010283535924530594,0.009386988630841938,0.009256829310778562,0.009256829310778562

mean_time: , 18062.95724668503
best_solution: , 0.7933333333333333
worst_solution: , 0.8183333333333334
mean_solution: , 0.8006666666666667
std_solution: , 0.009256829310778562



solutions runs are : 



0.801

0.7933333333333333

0.7936666666666666

0.797

0.8183333333333334

