# Scenario 210
Mean curve: 0.7933333333333333,0.8046666666666666,0.8076666666666666,0.8076666666666666,0.8210000000000001,0.8296666666666667,0.8400000000000001,0.85,0.8546666666666667,0.8566666666666667,0.8613333333333333,0.8746666666666666,0.8780000000000001,0.8789999999999999,0.8796666666666667,0.8806666666666667,0.885,0.8943333333333333,0.9013333333333333,0.907,0.9113333333333333,0.915,0.9153333333333334,0.9153333333333334,0.9153333333333334,0.9153333333333334,0.917,0.9193333333333333,0.9193333333333333,0.9203333333333334,0.9253333333333333,0.9253333333333333,0.9269999999999999,0.9280000000000002,0.9296666666666666,0.9313333333333332,0.9313333333333332,0.9313333333333332,0.9313333333333332,0.9313333333333332,0.9343333333333333,0.9359999999999999,0.9393333333333335,0.9393333333333335,0.9416666666666668,0.9436666666666668,0.9490000000000001,0.9523333333333334,0.9523333333333334,0.9533333333333334,0.9533333333333334,0.9533333333333334,0.9536666666666667,0.9536666666666667,0.9536666666666667,0.9573333333333334,0.959,0.9593333333333334,0.9593333333333334,0.9593333333333334,0.9593333333333334,0.9613333333333334,0.962,0.962,0.9643333333333333,0.9643333333333333,0.9650000000000001,0.9676666666666668,0.9676666666666668,0.9676666666666668,0.968,0.97,0.97,0.9706666666666666,0.9706666666666666,0.9706666666666666,0.9709999999999999,0.9766666666666666,0.9776666666666666,0.9793333333333333,0.9793333333333333,0.9796666666666667,0.9796666666666667,0.9796666666666667,0.9796666666666667,0.9813333333333334,0.984,0.9843333333333334,0.9846666666666668,0.9863333333333333,0.9863333333333333,0.9863333333333333,0.9863333333333333,0.9866666666666667,0.9866666666666667,0.9866666666666667,0.9866666666666667,0.9866666666666667,0.9870000000000001,0.9886666666666667
Std curve: 0.013824294235551834,0.006863753427324685,0.003887301263230203,0.003887301263230203,0.012319812408384196,0.014847371634213387,0.02248456260538672,0.013123346456686348,0.012797569213634973,0.010381607668264951,0.006944222218666552,0.011566234381931679,0.013432961119739956,0.01384838538522736,0.01450670343132599,0.013106402167558356,0.01145037602487846,0.018123036292090933,0.009510228411791395,0.01359738536958074,0.009153020145163983,0.011303883305208783,0.011709445380166876,0.011709445380166876,0.011709445380166876,0.011709445380166876,0.013638181696985885,0.012319812408384246,0.012319812408384246,0.013556466271775197,0.012310790208412942,0.012310790208412942,0.010022197585581932,0.008969082698049134,0.010456258094238733,0.008459051693633009,0.008459051693633009,0.008459051693633009,0.008459051693633009,0.008459051693633009,0.007498147919467975,0.007644896627453121,0.005830951894845291,0.005830951894845291,0.0034960294939005224,0.007408703590297647,0.007039570693980956,0.004784233364802446,0.004784233364802446,0.003944053188733083,0.003944053188733083,0.003944053188733083,0.0043969686527576286,0.0043969686527576286,0.0043969686527576286,0.004666666666666662,0.0034318767136623284,0.0030912061651652196,0.0030912061651652196,0.0030912061651652196,0.0030912061651652196,0.004642796092394718,0.004136557881996969,0.004136557881996969,0.005120763831912414,0.005120763831912414,0.004714045207910316,0.001699673171197604,0.001699673171197604,0.001699673171197604,0.0019436506316150993,0.004594682917363433,0.004594682917363433,0.004294699575575072,0.004294699575575072,0.004294699575575072,0.0038873012632302233,0.0058689389538863455,0.007423685817106704,0.006018490028422586,0.006018490028422586,0.006616477747093072,0.006616477747093072,0.006616477747093072,0.006616477747093072,0.007102425250887513,0.007348469228349539,0.007717224601860138,0.008124038404635957,0.005811865258054237,0.005811865258054237,0.005811865258054237,0.005811865258054237,0.006324555320336776,0.006324555320336776,0.006324555320336776,0.006324555320336776,0.006324555320336776,0.0060000000000000105,0.004876246279442601

mean_time: , 3789.303998756409
best_solution: , 0.9816666666666667
worst_solution: , 0.9966666666666667
mean_solution: , 0.9886666666666667
std_solution: , 0.004876246279442601



solutions runs are : 



0.9883333333333333

0.9866666666666667

0.9966666666666667

0.9816666666666667

0.99

