# Scenario 329
Mean curve: 0.7164999999999999,0.7353333333333334,0.743,0.748,0.7505,0.75275,0.75525,0.7585,0.7607499999999999,0.7607499999999999,0.7628333333333333,0.7631666666666665,0.7640833333333333,0.76575,0.7671666666666667,0.7675000000000001,0.7675000000000001,0.7716666666666667,0.7719999999999999,0.7744166666666666,0.7750833333333332,0.7750833333333332,0.7750833333333332,0.7750833333333332,0.7750833333333332,0.7755833333333333,0.7761666666666667,0.7782500000000001,0.7782500000000001,0.7787499999999999,0.7799166666666666,0.7824166666666666,0.78275,0.78275,0.78275,0.78275,0.7849166666666666,0.7849166666666666,0.7853333333333332,0.7853333333333332,0.7866666666666666,0.7866666666666666,0.7871666666666666,0.7875833333333333,0.7875833333333333,0.7876666666666666,0.7876666666666666,0.7886666666666666,0.7886666666666666,0.7886666666666666,0.7903333333333333,0.79175,0.7929999999999999,0.79375,0.79375,0.79475,0.797,0.7985000000000001,0.7991666666666667,0.7991666666666667,0.7999166666666667,0.7999166666666667,0.8011666666666667,0.8011666666666667,0.8015000000000001,0.8015000000000001,0.8015000000000001,0.8019166666666667,0.8019166666666667,0.8029166666666667,0.8029166666666667,0.8029166666666667,0.8029166666666667,0.8031666666666666,0.8031666666666666,0.8045833333333334,0.80525,0.80525,0.8081666666666667,0.8081666666666667,0.8081666666666667,0.8085000000000001,0.80975,0.80975,0.80975,0.80975,0.8118333333333332,0.8118333333333332,0.8135,0.8140833333333333,0.8151666666666666,0.8151666666666666,0.8156666666666667,0.8165833333333333,0.8165833333333333,0.8179166666666667,0.8185833333333334,0.8198333333333334,0.8198333333333334,0.82125
Std curve: 0.015180854170083224,0.0112342482317836,0.011224972160321827,0.016853947773609462,0.014299378385867747,0.013531342218058837,0.011019553328313959,0.010851267207105338,0.009111195799064381,0.009111195799064381,0.010786436956762973,0.01029630462296494,0.010214368964029722,0.009755340417774608,0.011323525167642026,0.011229920351948681,0.011229920351948681,0.007958224257542194,0.008393118874676104,0.012189476335484357,0.012383905325506612,0.012383905325506612,0.012383905325506612,0.012383905325506612,0.012383905325506612,0.012420860589257801,0.01268036539957215,0.014362373681873677,0.014362373681873677,0.014371074343199872,0.014659088951530681,0.012619979749939732,0.012975939272360988,0.012975939272360988,0.012975939272360988,0.012975939272360988,0.015788093263243937,0.015788093263243937,0.015276161530669635,0.015276161530669635,0.013849388273694805,0.013849388273694805,0.013749747472428547,0.013822787144582828,0.013822787144582828,0.013747727084867522,0.013747727084867522,0.01298075498574717,0.01298075498574717,0.01298075498574717,0.011125546178852426,0.009808584675340936,0.009080657098103241,0.008955910525085254,0.008955910525085254,0.01068682990101989,0.009698224350650759,0.009788031240017338,0.010117366807184114,0.010117366807184114,0.011009465624331327,0.011009465624331327,0.009604686356149273,0.009604686356149273,0.009773831274263836,0.009773831274263836,0.009773831274263836,0.009763167746405082,0.009763167746405082,0.011386517368264007,0.011386517368264007,0.011386517368264007,0.011386517368264007,0.011157334408859102,0.011157334408859102,0.01022999402628261,0.010181000823974913,0.010181000823974913,0.010523122688209558,0.010523122688209558,0.010523122688209558,0.010987998503417765,0.012890026290810179,0.012890026290810179,0.012890026290810179,0.012890026290810179,0.012548793656054038,0.012548793656054038,0.012189476335484355,0.01302614891499231,0.011336396644828948,0.011336396644828948,0.01144612986510677,0.010129028690956639,0.010129028690956639,0.010629492514278922,0.011169775686596814,0.00958369564532504,0.00958369564532504,0.009993053142614169

mean_time: , 7707.032288265228
best_solution: , 0.8091666666666667
worst_solution: , 0.8333333333333334
mean_solution: , 0.82125
std_solution: , 0.009993053142614169



solutions runs are : 



0.8091666666666667

0.8166666666666667

0.8333333333333334

0.8141666666666667

0.8329166666666666

