# Scenario 261
Mean curve: 0.5762509278374403,0.5810502553459783,0.583717857880085,0.5837191732572096,0.5856961322609356,0.5901036639328263,0.5902213699588115,0.5924202883640861,0.594756169197035,0.60017586052294,0.600626115474875,0.601552075738041,0.601552075738041,0.601552075738041,0.6036979625429277,0.6065000774343603,0.6067867337962861,0.6078168688740833,0.6081082568987208,0.6133919107158979,0.6152913615164213,0.6152913615164213,0.6166957515942204,0.6171770886943314,0.6188944209056446,0.6215832921894224,0.6248701419217136,0.6262098969110482,0.6262098969110482,0.6268343332200554,0.6268343332200554,0.630539635644072,0.6308196010305079,0.6309929602529173,0.6327891225351142,0.6327891225351142,0.6330371836566862,0.6330371836566862,0.6358659311025845,0.6362903984952155,0.6362903984952155,0.6362903984952155,0.6362903984952155,0.6380901631157945,0.6380901631157945,0.638721917200565,0.638721917200565,0.6391472400196561,0.640879185722364,0.640879185722364,0.6421840623277011,0.6430404276266202,0.6440247360776222,0.6450090916546886,0.6472228590939911,0.6472228590939911,0.6473946028240171,0.6503207765421084,0.6503207765421084,0.6503207765421084,0.6503207765421084,0.6503207765421084,0.650387760562193,0.6504197788158527,0.6521990221955427,0.654873629736232,0.654873629736232,0.654873629736232,0.6587298159583345,0.6609098795903543,0.6639861499203755,0.6647501960248251,0.6647501960248251,0.6652307668216308,0.6660040870210351,0.6660040870210351,0.6661345556293907,0.6671789989127827,0.6674451377301451,0.6701137390851842,0.6701137390851842,0.6705654521015243,0.6705654521015243,0.6705654521015243,0.6705654521015243,0.6713430509461782,0.6714085766651257,0.6714085766651257,0.6714085766651257,0.6718944067224301,0.6727909486417547,0.6727909486417547,0.6746023514328718,0.6747667630247104,0.6747877667123442,0.674845991067597,0.674845991067597,0.674845991067597,0.674845991067597,0.6751494016804134
Std curve: 0.005748626724330352,0.002725166101219782,0.005120489337518418,0.005118434577427372,0.006200911896027055,0.009350985714754848,0.009407139462046488,0.008536714705661672,0.011295581425355673,0.007449949746449913,0.006958062804613585,0.00607708979085856,0.00607708979085856,0.00607708979085856,0.004227261824605013,0.0031858707587657854,0.0031064891155038275,0.0047815587356332696,0.004600439525462843,0.005884957463981516,0.006840396729758891,0.006840396729758891,0.005645374989672283,0.0051105260971428595,0.004991513528684848,0.004707417455954006,0.0027158309310779624,0.0040630656648869305,0.0040630656648869305,0.004483743982468952,0.004483743982468952,0.004344019699521809,0.004180102283907497,0.004255690696860003,0.0021823310336226576,0.0021823310336226576,0.0022807938736078507,0.0022807938736078507,0.007171535283700873,0.007136058147600292,0.007136058147600292,0.007136058147600292,0.007136058147600292,0.00688321675213432,0.00688321675213432,0.00658675071255872,0.00658675071255872,0.006866520346140536,0.00590214220347458,0.00590214220347458,0.006439319801948081,0.007285824367660581,0.007546122141168922,0.007092559548236465,0.0068414029238438746,0.0068414029238438746,0.0066853132416036425,0.006706700777656685,0.006706700777656685,0.006706700777656685,0.006706700777656685,0.006706700777656685,0.006606115072042569,0.006577451285646656,0.007373014814047552,0.008087305079885749,0.008087305079885749,0.008087305079885749,0.014365452089934005,0.014643866016534498,0.011264335812035491,0.010714199645153055,0.010714199645153055,0.010354653597366594,0.009949529378967323,0.009949529378967323,0.009967598922479544,0.009775739199400805,0.009806400404760843,0.011554760419561801,0.011554760419561801,0.011093050865056102,0.011093050865056102,0.011093050865056102,0.011093050865056102,0.010983454633548578,0.010915726463543812,0.010915726463543812,0.010915726463543812,0.010451203617952622,0.010557139090852355,0.010557139090852355,0.008492218730510608,0.00852220667926219,0.008504054624719173,0.008421354523383188,0.008421354523383188,0.008421354523383188,0.008421354523383188,0.008790842992235951

mean_time: , 90262.19724459648
best_solution: , 0.6629422718808193
worst_solution: , 0.6862365888474466
mean_solution: , 0.6751494016804134
std_solution: , 0.008790842992235951



solutions runs are : 



0.6862365888474466

0.6824484274602638

0.6674724559527684

0.6629422718808193

0.6766472642607684

