# Scenario 452
Mean curve: 0.7364444444444445,0.7446666666666666,0.7452222222222222,0.7464444444444445,0.7475555555555555,0.7475555555555555,0.7475555555555555,0.7475555555555555,0.7475555555555555,0.7475555555555555,0.7475555555555555,0.7475555555555555,0.7476666666666667,0.7476666666666667,0.7476666666666667,0.7483333333333333,0.7483333333333333,0.7483333333333333,0.7483333333333333,0.7483333333333333,0.7487777777777778,0.7487777777777778,0.7487777777777778,0.7487777777777778,0.7487777777777778,0.7487777777777778,0.7487777777777778,0.7487777777777778,0.7487777777777778,0.7487777777777778,0.7487777777777778,0.7487777777777778,0.7487777777777778,0.7487777777777778,0.7487777777777778,0.7487777777777778,0.7487777777777778,0.7487777777777778,0.7487777777777778,0.7487777777777778,0.75,0.75,0.75,0.75,0.75,0.75,0.75,0.75,0.7521111111111111,0.7521111111111111,0.7521111111111111,0.7521111111111111,0.7526666666666666,0.7526666666666666,0.7526666666666666,0.7526666666666666,0.7526666666666666,0.7526666666666666,0.7526666666666666,0.7526666666666666,0.7526666666666666,0.7526666666666666,0.7526666666666666,0.7526666666666666,0.7526666666666666,0.7526666666666666,0.7526666666666666,0.7526666666666666,0.7526666666666666,0.7526666666666666,0.7526666666666666,0.7526666666666666,0.7526666666666666,0.7526666666666666,0.7526666666666666,0.7526666666666666,0.7526666666666666,0.7526666666666666,0.7526666666666666,0.7526666666666666,0.7526666666666666,0.7526666666666666,0.7526666666666666,0.7526666666666666,0.7526666666666666,0.7526666666666666,0.7526666666666666,0.7526666666666666,0.7526666666666666,0.7526666666666666,0.7526666666666666,0.7526666666666666,0.7526666666666666,0.7527777777777777,0.7527777777777777,0.7527777777777777,0.7527777777777777,0.7527777777777777,0.7527777777777777,0.7527777777777777
Std curve: 0.010637692128801269,0.007119786374933664,0.006926421055781625,0.005123174170399327,0.005050363634383783,0.005050363634383783,0.005050363634383783,0.005050363634383783,0.005050363634383783,0.005050363634383783,0.005050363634383783,0.005050363634383783,0.004886362983843567,0.004886362983843567,0.004886362983843567,0.004021546904634178,0.004021546904634178,0.004021546904634178,0.004021546904634178,0.004021546904634178,0.0036072629068328774,0.0036072629068328774,0.0036072629068328774,0.0036072629068328774,0.0036072629068328774,0.0036072629068328774,0.0036072629068328774,0.0036072629068328774,0.0036072629068328774,0.0036072629068328774,0.0036072629068328774,0.0036072629068328774,0.0036072629068328774,0.0036072629068328774,0.0036072629068328774,0.0036072629068328774,0.0036072629068328774,0.0036072629068328774,0.0036072629068328774,0.0036072629068328774,0.00454062594260057,0.00454062594260057,0.00454062594260057,0.00454062594260057,0.00454062594260057,0.00454062594260057,0.00454062594260057,0.00454062594260057,0.007867733763155766,0.007867733763155766,0.007867733763155766,0.007867733763155766,0.0075555555555555575,0.0075555555555555575,0.0075555555555555575,0.0075555555555555575,0.0075555555555555575,0.0075555555555555575,0.0075555555555555575,0.0075555555555555575,0.0075555555555555575,0.0075555555555555575,0.0075555555555555575,0.0075555555555555575,0.0075555555555555575,0.0075555555555555575,0.0075555555555555575,0.0075555555555555575,0.0075555555555555575,0.0075555555555555575,0.0075555555555555575,0.0075555555555555575,0.0075555555555555575,0.0075555555555555575,0.0075555555555555575,0.0075555555555555575,0.0075555555555555575,0.0075555555555555575,0.0075555555555555575,0.0075555555555555575,0.0075555555555555575,0.0075555555555555575,0.0075555555555555575,0.0075555555555555575,0.0075555555555555575,0.0075555555555555575,0.0075555555555555575,0.0075555555555555575,0.0075555555555555575,0.0075555555555555575,0.0075555555555555575,0.0075555555555555575,0.0075555555555555575,0.007511308347180259,0.007511308347180259,0.007511308347180259,0.007511308347180259,0.007511308347180259,0.007511308347180259,0.007511308347180259

mean_time: , 10674.14425983429
best_solution: , 0.7461111111111111
worst_solution: , 0.7661111111111111
mean_solution: , 0.7527777777777777
std_solution: , 0.007511308347180259



solutions runs are : 



0.7461111111111111

0.75

0.7461111111111111

0.7661111111111111

0.7555555555555555

