# Scenario 467
Mean curve: 0.6903333333333334,0.690375,0.6925833333333333,0.6927083333333334,0.69275,0.692875,0.6931666666666667,0.6940416666666667,0.6945833333333333,0.6945833333333333,0.695,0.69675,0.69675,0.6967916666666666,0.6972499999999998,0.6972499999999998,0.6972499999999998,0.6972499999999998,0.6972499999999998,0.6979166666666665,0.6979166666666665,0.6979166666666665,0.6979166666666665,0.6979166666666665,0.6979166666666665,0.6979166666666665,0.6979166666666665,0.6979166666666665,0.6980416666666664,0.6992916666666666,0.6992916666666666,0.6992916666666666,0.6992916666666666,0.6992916666666666,0.6992916666666666,0.6992916666666666,0.6992916666666666,0.6992916666666666,0.6997083333333333,0.6997083333333333,0.6997083333333333,0.6997916666666666,0.7008333333333332,0.7013749999999999,0.7013749999999999,0.7013749999999999,0.7013749999999999,0.7017916666666666,0.7017916666666666,0.7017916666666666,0.7017916666666666,0.7022499999999999,0.7022499999999999,0.7027916666666666,0.7027916666666666,0.7027916666666666,0.703125,0.703125,0.703125,0.703125,0.703125,0.703125,0.703125,0.7034166666666667,0.7034166666666667,0.7034166666666667,0.7034166666666667,0.7035416666666666,0.7035416666666666,0.7040833333333334,0.7040833333333334,0.7040833333333334,0.7040833333333334,0.7040833333333334,0.7044583333333333,0.7044583333333333,0.7044583333333333,0.7044583333333333,0.7044583333333333,0.7044583333333333,0.7045833333333332,0.70525,0.70525,0.70525,0.70525,0.70525,0.707875,0.707875,0.707875,0.707875,0.707875,0.7080833333333334,0.7080833333333334,0.7080833333333334,0.7080833333333334,0.70825,0.70825,0.70825,0.70825,0.70825
Std curve: 0.003427320787113152,0.0034013886053264413,0.003609882269548394,0.0034761089357690195,0.0034242801352173686,0.003276600541889563,0.0029854973529454543,0.0020352791236366292,0.0018493617517643295,0.0018493617517643295,0.002192949561156783,0.0019211903138997549,0.0019211903138997549,0.0018474832731163126,0.0025358540091171625,0.0025358540091171625,0.0025358540091171625,0.0025358540091171625,0.0025358540091171625,0.001806623615723224,0.001806623615723224,0.001806623615723224,0.001806623615723224,0.001806623615723224,0.001806623615723224,0.001806623615723224,0.001806623615723224,0.001806623615723224,0.0017509917824542183,0.0027278145505554713,0.0027278145505554713,0.0027278145505554713,0.0027278145505554713,0.0027278145505554713,0.0027278145505554713,0.0027278145505554713,0.0027278145505554713,0.0027278145505554713,0.0024029784758826836,0.0024029784758826836,0.0024029784758826836,0.0023311001217832168,0.004193662546695382,0.003892210882718926,0.003892210882718926,0.003892210882718926,0.003892210882718926,0.0036050697327205455,0.0036050697327205455,0.0036050697327205455,0.0036050697327205455,0.003546320471825541,0.003546320471825541,0.0035905934204684274,0.0035905934204684274,0.0035905934204684274,0.0032409060804383374,0.0032409060804383374,0.0032409060804383374,0.0032409060804383374,0.0032409060804383374,0.0032409060804383374,0.0032409060804383374,0.0030236337594211123,0.0030236337594211123,0.0030236337594211123,0.0030236337594211123,0.00288073100290726,0.00288073100290726,0.0027278145505554713,0.0027278145505554713,0.0027278145505554713,0.0027278145505554713,0.0027278145505554713,0.0022920454232458367,0.0022920454232458367,0.0022920454232458367,0.0022920454232458367,0.0022920454232458367,0.0022920454232458367,0.002185018433687808,0.002448780875819185,0.002448780875819185,0.002448780875819185,0.002448780875819185,0.002448780875819185,0.0031934177093932868,0.0031934177093932868,0.0031934177093932868,0.0031934177093932868,0.0031934177093932868,0.003519292068963095,0.003519292068963095,0.003519292068963095,0.003519292068963095,0.0032718284049001057,0.0032718284049001057,0.0032718284049001057,0.0032718284049001057,0.0032718284049001057

mean_time: , 27386.001492643358
best_solution: , 0.7035416666666666
worst_solution: , 0.71375
mean_solution: , 0.70825
std_solution: , 0.0032718284049001057



solutions runs are : 



0.70875

0.7077083333333334

0.7075

0.7035416666666666

0.71375

