# Scenario 127
Mean curve: 0.7508333333333332,0.7555,0.7628333333333334,0.766,0.766,0.7682499999999999,0.7719999999999999,0.7719999999999999,0.7719999999999999,0.7724166666666668,0.7724166666666668,0.7772499999999999,0.7772499999999999,0.7773333333333333,0.7791666666666666,0.7791666666666666,0.78225,0.7859166666666667,0.7903333333333332,0.7934166666666667,0.7934166666666667,0.7934166666666667,0.7966666666666666,0.7966666666666666,0.7966666666666666,0.7966666666666666,0.7966666666666666,0.7966666666666666,0.7966666666666666,0.7971666666666667,0.7971666666666667,0.7971666666666667,0.7971666666666667,0.7971666666666667,0.7971666666666667,0.7971666666666667,0.7971666666666667,0.7971666666666667,0.7971666666666667,0.7974166666666667,0.7974166666666667,0.7974166666666667,0.7991666666666666,0.7991666666666666,0.8001666666666665,0.8001666666666665,0.8001666666666665,0.8001666666666665,0.8001666666666665,0.8011666666666667,0.8015000000000001,0.8015000000000001,0.8015000000000001,0.8015000000000001,0.8048333333333332,0.8049166666666668,0.8049166666666668,0.8049166666666668,0.8064166666666667,0.8064166666666667,0.8064166666666667,0.8092499999999999,0.8092499999999999,0.8092499999999999,0.8095833333333333,0.8095833333333333,0.8095833333333333,0.8095833333333333,0.81175,0.81175,0.81175,0.81175,0.81175,0.81175,0.81175,0.81175,0.81175,0.81175,0.81175,0.8135,0.8135,0.8135,0.8135,0.8135,0.8135,0.8135,0.8135,0.8135,0.8135,0.8135,0.8135,0.8141666666666666,0.8164166666666667,0.8164166666666667,0.8164166666666667,0.8189166666666665,0.8189166666666665,0.8189166666666665,0.8189166666666665,0.8189166666666665
Std curve: 0.005502524673073054,0.006605973727535461,0.004768239833639997,0.005966340773222911,0.005966340773222911,0.004506168611531917,0.008785246470962318,0.008785246470962318,0.008785246470962318,0.00894582460021311,0.00894582460021311,0.007877534865397655,0.007877534865397655,0.007739688480667559,0.005157249482255264,0.005157249482255264,0.008758329368854163,0.010087808924086963,0.009130230616534878,0.004373213921133971,0.004373213921133971,0.004373213921133971,0.005809475019311119,0.005809475019311119,0.005809475019311119,0.005809475019311119,0.005809475019311119,0.005809475019311119,0.005809475019311119,0.005016638981097481,0.005016638981097481,0.005016638981097481,0.005016638981097481,0.005016638981097481,0.005016638981097481,0.005016638981097481,0.005016638981097481,0.005016638981097481,0.005016638981097481,0.004650268809434554,0.004650268809434554,0.004650268809434554,0.0035939764421412945,0.0035939764421412945,0.003570714214271424,0.003570714214271424,0.003570714214271424,0.003570714214271424,0.003570714214271424,0.005220153254455275,0.005819030083365378,0.005819030083365378,0.005819030083365378,0.005819030083365378,0.008594248722902495,0.00866586534757044,0.00866586534757044,0.00866586534757044,0.007456354486089173,0.007456354486089173,0.007456354486089173,0.011053531361314147,0.011053531361314147,0.011053531361314147,0.01085574604632138,0.01085574604632138,0.01085574604632138,0.01085574604632138,0.010552119323729342,0.010552119323729342,0.010552119323729342,0.010552119323729342,0.010552119323729342,0.010552119323729342,0.010552119323729342,0.010552119323729342,0.010552119323729342,0.010552119323729342,0.010552119323729342,0.009627074091101374,0.009627074091101374,0.009627074091101374,0.009627074091101374,0.009627074091101374,0.009627074091101374,0.009627074091101374,0.009627074091101374,0.009627074091101374,0.009627074091101374,0.009627074091101374,0.009627074091101374,0.008518770125108696,0.01038361422841028,0.01038361422841028,0.01038361422841028,0.01044363176507313,0.01044363176507313,0.01044363176507313,0.01044363176507313,0.01044363176507313

mean_time: , 7643.320139551162
best_solution: , 0.8004166666666667
worst_solution: , 0.82875
mean_solution: , 0.8189166666666665
std_solution: , 0.01044363176507313



solutions runs are : 



0.8145833333333333

0.8266666666666667

0.82875

0.8004166666666667

0.8241666666666667

