# Scenario 282
Mean curve: 0.5151018454238928,0.5222289441170922,0.5298632661414026,0.5328125662600649,0.5337031289712195,0.5386516615224984,0.539595198291727,0.5397143055662803,0.5426877254570546,0.5462116065128029,0.5480994474435572,0.5480994474435572,0.5480994474435572,0.5495042223476463,0.5498030296539761,0.550641712958218,0.5517761933458724,0.5541135993549188,0.5550511954895516,0.5554163845261386,0.5572981819740006,0.5572981819740006,0.559251997763855,0.5608520455985961,0.5611749251363299,0.5611749251363299,0.5617879063113106,0.5630538122003349,0.5652622616032632,0.5662555312238619,0.5670417080388173,0.5670417080388173,0.5690243413880898,0.5705579483856813,0.5720636801509841,0.5727665353439889,0.5740889843591719,0.5742803410562736,0.5742803410562736,0.5742803410562736,0.5742803410562736,0.5751060213109831,0.5755482014612454,0.5763852437504418,0.5770713600050769,0.5770713600050769,0.57973920756016,0.57973920756016,0.5813384415041254,0.5835254363562348,0.5840841702989097,0.5840841702989097,0.5840841702989097,0.5859123618423396,0.5859123618423396,0.5860531877742782,0.5882885784391122,0.5902087618068903,0.5902087618068903,0.5902087618068903,0.590627924490204,0.5909542220786921,0.5909542220786921,0.5936406325432234,0.5936406325432234,0.5941736250119714,0.5949923625911664,0.5949923625911664,0.5968382692020924,0.5970673922002221,0.5970673922002221,0.5980665423802329,0.5980665423802329,0.5988346256542079,0.5994383921097903,0.5994383921097903,0.5999362577915093,0.6019880196294781,0.6023955916561725,0.6023955916561725,0.6025716499585068,0.6025716499585068,0.6038715077747784,0.6052837225214157,0.6052837225214157,0.6052837225214157,0.6052837225214157,0.6064080161950154,0.6064080161950154,0.6064080161950154,0.6064080161950154,0.6064080161950154,0.6068535814855813,0.607847461637388,0.607847461637388,0.6079636674076981,0.6079636674076981,0.6083989781655121,0.6088031449426786,0.6133339878129771
Std curve: 0.005485837963563436,0.00872473226756808,0.01328462738750356,0.010296303339078616,0.010099240261938352,0.008807974004377632,0.007744675781947058,0.007612700617086895,0.006347674743278552,0.003889100138846015,0.0026684905147705495,0.0026684905147705495,0.0026684905147705495,0.0040591300295569725,0.004300769981162328,0.005225254432189619,0.004635653992074997,0.00582196639929654,0.006538192841412491,0.006776170225965272,0.004246911435005244,0.004246911435005244,0.003855560305752868,0.0033081772329205286,0.003486391740950848,0.003486391740950848,0.002838686840652544,0.0033058249992446347,0.0019104502405534857,0.0031460512037934964,0.0031763329362462745,0.0031763329362462745,0.0027527224756839492,0.0024210649785454505,0.0035837449510860058,0.0039057357765222094,0.004048069012651518,0.003862948107540396,0.003862948107540396,0.003862948107540396,0.003862948107540396,0.002811280799001197,0.0031265618787289767,0.00321420715411123,0.003970601959372493,0.003970601959372493,0.0045560756585582745,0.0045560756585582745,0.0023081837119482826,0.005003235084851637,0.004453763351569416,0.004453763351569416,0.004453763351569416,0.00440690772624085,0.00440690772624085,0.004378568580598138,0.005003828035455116,0.005249717582891638,0.005249717582891638,0.005249717582891638,0.004490703358225984,0.0048066351262076555,0.0048066351262076555,0.004687338077858505,0.004687338077858505,0.004318084252259253,0.004285797241209404,0.004285797241209404,0.006067680877130575,0.006083331741257345,0.006083331741257345,0.004784996632997216,0.004784996632997216,0.005334066895021304,0.0060013721121080655,0.0060013721121080655,0.006562837616090913,0.006231838333055554,0.0061030540027637945,0.0061030540027637945,0.0057789362284478216,0.0057789362284478216,0.006062159565047917,0.0033405158570134243,0.0033405158570134243,0.0033405158570134243,0.0033405158570134243,0.00472866868397756,0.00472866868397756,0.00472866868397756,0.00472866868397756,0.00472866868397756,0.004100064624636636,0.005852149768581033,0.005852149768581033,0.005792348888596786,0.005792348888596786,0.005783415312623692,0.005613854044941968,0.006683865662414995

mean_time: , 128991.83836112023
best_solution: , 0.6072207136573986
worst_solution: , 0.6238477988348942
mean_solution: , 0.6133339878129771
std_solution: , 0.006683865662414995



solutions runs are : 



0.6072207136573986

0.6186074702628988

0.6238477988348942

0.6078431372549019

0.609150819054792

