# Scenario 389
Mean curve: 0.6598333333333334,0.6651666666666667,0.6706000000000001,0.6746333333333334,0.6780666666666667,0.6784333333333333,0.6784333333333333,0.6784333333333333,0.6824,0.6824,0.6836,0.6854333333333333,0.6871,0.6881666666666666,0.6893333333333335,0.6893333333333335,0.6902000000000001,0.6907666666666665,0.6921333333333333,0.6921333333333333,0.6926,0.6952333333333334,0.6963000000000001,0.6971,0.6971,0.6978,0.6988333333333333,0.6988333333333333,0.7000333333333334,0.7006666666666668,0.7014000000000001,0.7040333333333335,0.7048333333333334,0.7053666666666667,0.7053666666666667,0.7054,0.7071666666666666,0.7076,0.7076,0.7087000000000001,0.7103,0.7107,0.7107,0.7107,0.7118666666666666,0.7123333333333334,0.7123333333333334,0.7133333333333334,0.7151666666666666,0.7176000000000001,0.7179,0.7198,0.7198,0.7201333333333333,0.7204,0.7205,0.7205666666666668,0.7205666666666668,0.7205666666666668,0.7205666666666668,0.7205666666666668,0.7205666666666668,0.7205666666666668,0.7210666666666667,0.7215666666666667,0.7215666666666667,0.7226000000000001,0.7228000000000001,0.7228000000000001,0.7231333333333333,0.7249333333333333,0.7249333333333333,0.7249333333333333,0.7249333333333333,0.7252,0.7252,0.7252,0.7252,0.7253666666666667,0.7258,0.7258,0.7258,0.7258,0.7260666666666667,0.7260666666666667,0.7267666666666667,0.7275,0.7294666666666667,0.7302666666666667,0.7302666666666667,0.7306333333333334,0.7306333333333334,0.7309333333333334,0.7309333333333334,0.7310000000000001,0.7310000000000001,0.7310000000000001,0.7310000000000001,0.7310000000000001,0.7334333333333334
Std curve: 0.005941380311005154,0.0062778269417937335,0.009069852381501159,0.006757218362610468,0.006542680388546161,0.006372336044706567,0.006372336044706567,0.006372336044706567,0.008432476899859646,0.008432476899859646,0.007597221714401763,0.009270982208542477,0.008306356334492013,0.007659416862050713,0.0072991628134860724,0.0072991628134860724,0.007004284403134999,0.006467525716136672,0.005673916930422374,0.005673916930422374,0.005532329226163878,0.007369305711304625,0.007033570296166194,0.007198456624706311,0.007198456624706311,0.007620440348897921,0.006644964676772606,0.006644964676772606,0.004890353316024879,0.00542934413882356,0.006002406924633563,0.005003776351694556,0.005757121194177203,0.005813203362461442,0.005813203362461442,0.005813394495091078,0.005040943474302298,0.004335384130103747,0.004335384130103747,0.004159861108792516,0.006936537721050457,0.007692998259600907,0.007692998259600907,0.007692998259600907,0.009023056885310833,0.009929193768322235,0.009929193768322235,0.009461618372256526,0.009461618372256522,0.008249309735433086,0.008375626013087679,0.009655971094497824,0.009655971094497824,0.009269663783906442,0.008984307306508272,0.009169393533804639,0.009102258571976045,0.009102258571976045,0.009102258571976045,0.009102258571976045,0.009102258571976045,0.009102258571976045,0.009102258571976045,0.00889481746736705,0.009826042494876102,0.009826042494876102,0.009340830322359535,0.00933297618364285,0.00933297618364285,0.009950656036440818,0.00872327665247159,0.00872327665247159,0.00872327665247159,0.00872327665247159,0.008462597447329969,0.008462597447329969,0.008462597447329969,0.008462597447329969,0.008787238221168005,0.009634083015811923,0.009634083015811923,0.009634083015811923,0.009634083015811923,0.00954789098294604,0.00954789098294604,0.009350341645570439,0.0107625895273086,0.013328499123640607,0.012845059577734762,0.012845059577734762,0.012629067001696264,0.012629067001696264,0.013212620229664289,0.013212620229664289,0.013158858444240364,0.013158858444240364,0.013158858444240364,0.013158858444240364,0.013158858444240364,0.012826448369590784

mean_time: , 33004.11459178924
best_solution: , 0.7205
worst_solution: , 0.7566666666666667
mean_solution: , 0.7334333333333334
std_solution: , 0.012826448369590784



solutions runs are : 



0.7348333333333333

0.7323333333333333

0.7566666666666667

0.7205

0.7228333333333333

