# Scenario 386
Mean curve: 0.6858000000000001,0.6914666666666667,0.6959666666666666,0.698,0.6988333333333333,0.7024333333333332,0.7040666666666666,0.7054333333333334,0.7054666666666667,0.7077666666666667,0.7085333333333333,0.7090666666666667,0.7126666666666667,0.7135333333333334,0.7135333333333334,0.7158,0.7159333333333333,0.7167333333333333,0.7200666666666666,0.7206333333333333,0.7209333333333333,0.721,0.7232666666666667,0.7244333333333334,0.7244333333333334,0.7244333333333334,0.7252000000000001,0.7252000000000001,0.7256666666666668,0.7266333333333334,0.7266333333333334,0.7266333333333334,0.7272333333333334,0.7272333333333334,0.7284,0.7306,0.7314,0.7314,0.732,0.732,0.7332,0.7333000000000001,0.7337333333333333,0.7337333333333333,0.7356,0.7365,0.7365,0.7375666666666666,0.7380333333333333,0.7387333333333332,0.7387333333333332,0.7387333333333332,0.7392999999999998,0.7392999999999998,0.7392999999999998,0.7392999999999998,0.7392999999999998,0.7392999999999998,0.7400333333333332,0.7400333333333332,0.7400333333333332,0.7400333333333332,0.7400333333333332,0.7400333333333332,0.7400333333333332,0.7400333333333332,0.7400333333333332,0.7400333333333332,0.7400333333333332,0.7418666666666667,0.7421666666666666,0.7421666666666666,0.7421666666666666,0.7421666666666666,0.7421666666666666,0.7423,0.7423,0.7423,0.7439,0.7449,0.7461,0.7464666666666666,0.7471333333333334,0.7471333333333334,0.7482,0.7496333333333334,0.7496333333333334,0.7498666666666667,0.7519,0.7523333333333333,0.7526333333333334,0.7526333333333334,0.7526333333333334,0.7526333333333334,0.753,0.753,0.7530333333333333,0.7536,0.7539,0.7539
Std curve: 0.010837896474870016,0.009569279550264539,0.007009834361650636,0.004648775226993785,0.005332291564921526,0.0034166260160183536,0.006236630144200927,0.00616315215165458,0.0061764786803557336,0.008409386290198469,0.009048265641055795,0.008921634130334833,0.01300854420072523,0.01215200029259015,0.01215200029259015,0.010724530551756347,0.01060953449601924,0.010041358916445964,0.00861690844277175,0.008386762055631346,0.008336399435940884,0.008317985867317211,0.011309091721069201,0.011090336133569438,0.011090336133569438,0.011090336133569438,0.010529007550571916,0.010529007550571916,0.010480139948175008,0.009515717991244219,0.009515717991244219,0.009515717991244219,0.009119332334234924,0.009119332334234924,0.008389543756632102,0.009301493309021842,0.009618616209090481,0.009618616209090481,0.009299342868062135,0.009299342868062135,0.010504179062533996,0.010458064405572898,0.010300809029715403,0.010300809029715403,0.01188537850563549,0.01178652714849553,0.01178652714849553,0.01202247894570832,0.01249951110155023,0.013306055430183324,0.013306055430183324,0.013306055430183324,0.012609255859618886,0.012609255859618886,0.012609255859618886,0.012609255859618886,0.012609255859618886,0.012609255859618886,0.011808377440519848,0.011808377440519848,0.011808377440519848,0.011808377440519848,0.011808377440519848,0.011808377440519848,0.011808377440519848,0.011808377440519848,0.011808377440519848,0.011808377440519848,0.011808377440519848,0.01165208612700367,0.012000462954032695,0.012000462954032695,0.012000462954032695,0.012000462954032695,0.012000462954032695,0.011904900951568919,0.011904900951568919,0.011904900951568919,0.011198511805890396,0.012150262914393611,0.012215927672055394,0.011861890424567414,0.011741379816699555,0.011741379816699555,0.011636818962051251,0.01273638706837836,0.01273638706837836,0.012936339856732613,0.014946051132136692,0.01426261624745693,0.014468893837777977,0.014468893837777977,0.014468893837777977,0.014468893837777977,0.013907232331097065,0.013907232331097065,0.013899000763444207,0.013062499335459854,0.01292009631887043,0.01292009631887043

mean_time: , 33001.89625020027
best_solution: , 0.7348333333333333
worst_solution: , 0.77
mean_solution: , 0.7539
std_solution: , 0.01292009631887043



solutions runs are : 



0.7348333333333333

0.7496666666666667

0.7483333333333333

0.7666666666666667

0.77

