# Scenario 114
Mean curve: 0.8150000000000001,0.8453333333333333,0.8503333333333334,0.8526666666666667,0.8613333333333333,0.8646666666666667,0.8713333333333333,0.8716666666666667,0.8883333333333333,0.8883333333333333,0.8936666666666666,0.8936666666666666,0.8943333333333333,0.8973333333333333,0.8993333333333332,0.9049999999999999,0.9049999999999999,0.909,0.909,0.9113333333333333,0.9113333333333333,0.9116666666666667,0.9123333333333333,0.9123333333333333,0.9143333333333332,0.9189999999999999,0.9189999999999999,0.9189999999999999,0.9189999999999999,0.9193333333333333,0.9193333333333333,0.9213333333333334,0.9213333333333334,0.9213333333333334,0.9213333333333334,0.9216666666666666,0.9216666666666666,0.9216666666666666,0.9216666666666666,0.9216666666666666,0.9216666666666666,0.924,0.924,0.924,0.924,0.9243333333333332,0.9243333333333332,0.9243333333333332,0.9243333333333332,0.9243333333333332,0.93,0.93,0.932,0.932,0.932,0.932,0.9343333333333333,0.9343333333333333,0.9343333333333333,0.9343333333333333,0.9343333333333333,0.9343333333333333,0.9343333333333333,0.9343333333333333,0.9343333333333333,0.9343333333333333,0.9366666666666668,0.9366666666666668,0.9366666666666668,0.9373333333333334,0.9376666666666666,0.9390000000000001,0.9390000000000001,0.9390000000000001,0.9390000000000001,0.9390000000000001,0.9390000000000001,0.9390000000000001,0.9406666666666667,0.9406666666666667,0.9406666666666667,0.9406666666666667,0.9406666666666667,0.9406666666666667,0.9416666666666667,0.9416666666666667,0.9446666666666668,0.9446666666666668,0.9446666666666668,0.9446666666666668,0.9446666666666668,0.9446666666666668,0.9446666666666668,0.9456666666666667,0.9463333333333332,0.9463333333333332,0.9463333333333332,0.9466666666666667,0.9466666666666667,0.9486666666666667
Std curve: 0.016465452046971273,0.011372481406154652,0.012220201853215559,0.010143416036468612,0.006531972647421809,0.006699917080747277,0.008192137151629697,0.007673909622147573,0.012605113600792684,0.012605113600792684,0.011421227799341195,0.011421227799341195,0.010572501018102434,0.008472176684759195,0.010252370999486438,0.015527752931802813,0.015527752931802813,0.013399834161494546,0.013399834161494546,0.011990737165736651,0.011990737165736651,0.011498792207106902,0.012046207333061772,0.012046207333061772,0.00958007190879995,0.01108552609887726,0.01108552609887726,0.01108552609887726,0.01108552609887726,0.011382247385975923,0.011382247385975923,0.012710450643291755,0.012710450643291755,0.012710450643291755,0.012710450643291755,0.012292725943057211,0.012292725943057211,0.012292725943057211,0.012292725943057211,0.012292725943057211,0.012292725943057211,0.010143416036468646,0.010143416036468646,0.010143416036468646,0.010143416036468646,0.01036018017861338,0.01036018017861338,0.01036018017861338,0.01036018017861338,0.01036018017861338,0.015420044674960512,0.015420044674960512,0.013432961119739927,0.013432961119739927,0.013432961119739927,0.013432961119739927,0.011575836902790225,0.011575836902790225,0.011575836902790225,0.011575836902790225,0.011575836902790225,0.011575836902790225,0.011575836902790225,0.011575836902790225,0.011575836902790225,0.011575836902790225,0.011972189997378648,0.011972189997378648,0.011972189997378648,0.01176624172981519,0.011527744310527046,0.010088497300281017,0.010088497300281017,0.010088497300281017,0.010088497300281017,0.010088497300281017,0.010088497300281017,0.010088497300281017,0.009104333522498424,0.009104333522498424,0.009104333522498424,0.009104333522498424,0.009104333522498424,0.009104333522498424,0.009603240193925272,0.009603240193925272,0.007630348761506383,0.007630348761506383,0.007630348761506383,0.007630348761506383,0.007630348761506383,0.007630348761506383,0.007630348761506383,0.007039570693980943,0.008124038404635934,0.008124038404635934,0.008124038404635934,0.008232726023485617,0.008232726023485617,0.006091888960832348

mean_time: , 3771.471802663803
best_solution: , 0.9433333333333334
worst_solution: , 0.96
mean_solution: , 0.9486666666666667
std_solution: , 0.006091888960832348



solutions runs are : 



0.945

0.95

0.9433333333333334

0.96

0.945

