# Scenario 376
Mean curve: 0.72875,0.7318749999999999,0.736375,0.73975,0.741,0.74375,0.74725,0.74775,0.74775,0.75075,0.7515000000000001,0.75375,0.75375,0.7538750000000001,0.7538750000000001,0.7545000000000001,0.7545000000000001,0.7546250000000001,0.7557500000000001,0.757,0.757,0.757,0.7578750000000001,0.7585,0.7595000000000001,0.7595000000000001,0.7595000000000001,0.7595000000000001,0.7595000000000001,0.7595000000000001,0.7606249999999999,0.7631249999999999,0.7631249999999999,0.764125,0.765125,0.766,0.766,0.766,0.767375,0.767375,0.7678749999999999,0.7682499999999999,0.7685,0.771,0.7715,0.7745,0.7745,0.774875,0.7766249999999999,0.7766249999999999,0.7777499999999999,0.7778749999999999,0.7779999999999999,0.7779999999999999,0.7793750000000002,0.78125,0.78125,0.78175,0.78175,0.78175,0.78175,0.78175,0.78175,0.78175,0.78175,0.78175,0.78175,0.7826250000000001,0.7829999999999999,0.7831249999999998,0.7831249999999998,0.783625,0.784,0.784,0.784375,0.784375,0.784625,0.784625,0.7847500000000001,0.785625,0.786125,0.786125,0.786125,0.787875,0.7883749999999999,0.7883749999999999,0.7883749999999999,0.7893749999999999,0.790375,0.790375,0.790375,0.7921250000000001,0.7928749999999999,0.7928749999999999,0.7931250000000001,0.79675,0.79675,0.79675,0.79675,0.797125
Std curve: 0.005714564725331245,0.00536190264738184,0.00411551940828858,0.008009759671800388,0.007881941385217205,0.007826237921249252,0.008268917704270615,0.007599342076785318,0.007599342076785318,0.009604686356149254,0.009283722313813551,0.01123610252712209,0.01123610252712209,0.01132889006037217,0.01132889006037217,0.011861176164276437,0.011861176164276437,0.011690006415738172,0.010849827187563837,0.009612816964865165,0.009612816964865165,0.009612816964865165,0.009855201672213494,0.009491772753284805,0.010227108584541376,0.010227108584541376,0.010227108584541376,0.010227108584541376,0.010227108584541376,0.010227108584541376,0.008696263565463042,0.010997158723961379,0.010997158723961379,0.012038999127834498,0.010985786271359906,0.011875657876513618,0.011875657876513618,0.011875657876513618,0.010878591361017292,0.010878591361017292,0.010097957714310376,0.010498511799298067,0.010771780261405291,0.014090111780961869,0.013798777119730585,0.010763073445814628,0.010763073445814628,0.010675614736398087,0.010908712114635713,0.010908712114635713,0.012110171344782861,0.012244896896258453,0.012383204351055497,0.012383204351055497,0.011490485194281379,0.011284668803292352,0.011284668803292352,0.011788500752852331,0.011788500752852331,0.011788500752852331,0.011788500752852331,0.011788500752852331,0.011788500752852331,0.011788500752852331,0.011788500752852331,0.011788500752852331,0.011788500752852331,0.010565273304557716,0.010088669386990544,0.010231690964840568,0.010231690964840568,0.010784827305061515,0.011198493202212528,0.011198493202212528,0.011215224028078985,0.011215224028078985,0.010958729397151834,0.010958729397151834,0.010836858400846618,0.010116508785149149,0.010704847033003301,0.010704847033003301,0.010704847033003301,0.012615714407040124,0.012566075361862182,0.012566075361862182,0.012566075361862182,0.013163633616900771,0.01340825305548788,0.01340825305548788,0.01340825305548788,0.012879246872391259,0.011888807761924644,0.011888807761924644,0.011490485194281391,0.0072929760729074115,0.0072929760729074115,0.0072929760729074115,0.0072929760729074115,0.007305819598101228

mean_time: , 9491.961873054504
best_solution: , 0.785625
worst_solution: , 0.806875
mean_solution: , 0.797125
std_solution: , 0.007305819598101228



solutions runs are : 



0.793125

0.798125

0.785625

0.806875

0.801875

