# Scenario 414
Mean curve: 0.7916666666666666,0.7983333333333332,0.7986666666666665,0.7986666666666665,0.7986666666666665,0.8086666666666666,0.8086666666666666,0.8089999999999999,0.8089999999999999,0.8183333333333334,0.8183333333333334,0.8186666666666668,0.8186666666666668,0.8186666666666668,0.8186666666666668,0.8186666666666668,0.8186666666666668,0.8186666666666668,0.8186666666666668,0.8206666666666667,0.8206666666666667,0.8206666666666667,0.8266666666666668,0.8266666666666668,0.8266666666666668,0.8266666666666668,0.8300000000000001,0.8300000000000001,0.8300000000000001,0.8300000000000001,0.8300000000000001,0.8300000000000001,0.8310000000000001,0.8310000000000001,0.8310000000000001,0.8310000000000001,0.8310000000000001,0.8310000000000001,0.8310000000000001,0.8310000000000001,0.8310000000000001,0.8310000000000001,0.8310000000000001,0.8310000000000001,0.8310000000000001,0.8310000000000001,0.8310000000000001,0.8310000000000001,0.8310000000000001,0.8310000000000001,0.8310000000000001,0.8310000000000001,0.8310000000000001,0.8310000000000001,0.8316666666666667,0.8316666666666667,0.8316666666666667,0.8316666666666667,0.8316666666666667,0.8316666666666667,0.8316666666666667,0.8316666666666667,0.8316666666666667,0.8316666666666667,0.8316666666666667,0.8316666666666667,0.8316666666666667,0.8316666666666667,0.8316666666666667,0.8316666666666667,0.8316666666666667,0.8316666666666667,0.8316666666666667,0.8316666666666667,0.8316666666666667,0.8316666666666667,0.8316666666666667,0.8316666666666667,0.8316666666666667,0.8316666666666667,0.8316666666666667,0.8316666666666667,0.8316666666666667,0.8316666666666667,0.8316666666666667,0.8316666666666667,0.8316666666666667,0.8316666666666667,0.8316666666666667,0.8316666666666667,0.8316666666666667,0.8316666666666667,0.8316666666666667,0.8316666666666667,0.8316666666666667,0.8316666666666667,0.8316666666666667,0.8316666666666667,0.8316666666666667,0.8316666666666667
Std curve: 0.01437590576856524,0.009309493362512652,0.00890692614392494,0.00890692614392494,0.00890692614392494,0.027796882319185836,0.027796882319185836,0.027600322059312586,0.027600322059312586,0.02859681411936961,0.02859681411936961,0.0282528268005561,0.0282528268005561,0.0282528268005561,0.0282528268005561,0.0282528268005561,0.0282528268005561,0.0282528268005561,0.0282528268005561,0.026948510575210288,0.026948510575210288,0.026948510575210288,0.02649947588580236,0.02649947588580236,0.02649947588580236,0.02649947588580236,0.02241031508529547,0.02241031508529547,0.02241031508529547,0.02241031508529547,0.02241031508529547,0.02241031508529547,0.021281186266016477,0.021281186266016477,0.021281186266016477,0.021281186266016477,0.021281186266016477,0.021281186266016477,0.021281186266016477,0.021281186266016477,0.021281186266016477,0.021281186266016477,0.021281186266016477,0.021281186266016477,0.021281186266016477,0.021281186266016477,0.021281186266016477,0.021281186266016477,0.021281186266016477,0.021281186266016477,0.021281186266016477,0.021281186266016477,0.021281186266016477,0.021281186266016477,0.020548046676563226,0.020548046676563226,0.020548046676563226,0.020548046676563226,0.020548046676563226,0.020548046676563226,0.020548046676563226,0.020548046676563226,0.020548046676563226,0.020548046676563226,0.020548046676563226,0.020548046676563226,0.020548046676563226,0.020548046676563226,0.020548046676563226,0.020548046676563226,0.020548046676563226,0.020548046676563226,0.020548046676563226,0.020548046676563226,0.020548046676563226,0.020548046676563226,0.020548046676563226,0.020548046676563226,0.020548046676563226,0.020548046676563226,0.020548046676563226,0.020548046676563226,0.020548046676563226,0.020548046676563226,0.020548046676563226,0.020548046676563226,0.020548046676563226,0.020548046676563226,0.020548046676563226,0.020548046676563226,0.020548046676563226,0.020548046676563226,0.020548046676563226,0.020548046676563226,0.020548046676563226,0.020548046676563226,0.020548046676563226,0.020548046676563226,0.020548046676563226,0.020548046676563226

mean_time: , 4854.715690088272
best_solution: , 0.8083333333333333
worst_solution: , 0.8633333333333333
mean_solution: , 0.8316666666666667
std_solution: , 0.020548046676563226



solutions runs are : 



0.84

0.8633333333333333

0.8366666666666667

0.81

0.8083333333333333

