# Scenario 308
Mean curve: 0.7591666666666665,0.7731666666666668,0.7796666666666667,0.7883333333333333,0.8025,0.8101666666666667,0.8125,0.8125,0.8200000000000001,0.8278333333333334,0.8278333333333334,0.8335000000000001,0.8335000000000001,0.8335000000000001,0.836,0.8363333333333334,0.8363333333333334,0.8394999999999999,0.8403333333333334,0.8403333333333334,0.8403333333333334,0.8443333333333334,0.8521666666666666,0.8531666666666666,0.8541666666666666,0.8541666666666666,0.859,0.8630000000000001,0.8630000000000001,0.8630000000000001,0.8630000000000001,0.8630000000000001,0.8681666666666666,0.8681666666666666,0.8681666666666666,0.8681666666666666,0.8681666666666666,0.8731666666666668,0.8731666666666668,0.874,0.8756666666666666,0.8756666666666666,0.876,0.8770000000000001,0.8770000000000001,0.8791666666666668,0.8791666666666668,0.8791666666666668,0.8791666666666668,0.8791666666666668,0.8805000000000002,0.8805000000000002,0.8806666666666668,0.8826666666666668,0.8826666666666668,0.8826666666666668,0.8851666666666667,0.8853333333333333,0.8866666666666667,0.8873333333333333,0.8893333333333334,0.8913333333333334,0.8913333333333334,0.8918333333333333,0.8918333333333333,0.8918333333333333,0.8921666666666667,0.8921666666666667,0.8921666666666667,0.8926666666666666,0.8926666666666666,0.8926666666666666,0.8941666666666667,0.8941666666666667,0.8941666666666667,0.8941666666666667,0.8943333333333333,0.8943333333333333,0.8943333333333333,0.8955,0.8971666666666666,0.8978333333333334,0.8991666666666667,0.9013333333333333,0.9013333333333333,0.9016666666666667,0.9016666666666667,0.9016666666666667,0.9016666666666667,0.9016666666666667,0.9019999999999999,0.906,0.9066666666666666,0.9066666666666666,0.9066666666666666,0.9066666666666666,0.9066666666666666,0.9066666666666666,0.9066666666666666,0.9066666666666666
Std curve: 0.013581032524975552,0.014292577716345558,0.0187275791874503,0.024927673154325664,0.027487370837451074,0.02291530298972962,0.018856180831641253,0.018856180831641253,0.013864422895390284,0.016878651868229535,0.016878651868229535,0.02441197338283908,0.02441197338283908,0.02441197338283908,0.02871023820482474,0.028870400066504112,0.028870400066504112,0.0270780764128884,0.026260447656335038,0.026260447656335038,0.026260447656335038,0.025902595322562665,0.02484172117851561,0.023525399984791848,0.023687784005919824,0.023687784005919824,0.02044912386061238,0.020900558206261695,0.020900558206261695,0.020900558206261695,0.020900558206261695,0.020900558206261695,0.020210008521632152,0.020210008521632152,0.020210008521632152,0.020210008521632152,0.020210008521632152,0.019303137338554877,0.019303137338554877,0.02032650158454885,0.02172683952063796,0.02172683952063796,0.021196173658888935,0.02238923352367779,0.02238923352367779,0.022693611435820427,0.022693611435820427,0.022693611435820427,0.022693611435820427,0.022693611435820427,0.02200757445365874,0.02200757445365874,0.021943108257491677,0.018569688563175545,0.018569688563175545,0.018569688563175545,0.02128771163527602,0.02103304278721669,0.01908315138195646,0.018176602787344207,0.01582368126855723,0.014226344888582198,0.014226344888582198,0.014185281887302139,0.014185281887302139,0.014185281887302139,0.014313940369055924,0.014313940369055924,0.014313940369055924,0.014331395217803774,0.014331395217803774,0.014331395217803774,0.013652431610848254,0.013652431610848254,0.013652431610848254,0.013652431610848254,0.013389465178929976,0.013389465178929976,0.013389465178929976,0.013287420951996521,0.010666666666666666,0.009741092797468317,0.009603240193925304,0.008953584012375556,0.008953584012375556,0.009113482076328231,0.009113482076328231,0.009113482076328231,0.009113482076328231,0.009113482076328231,0.009318440498996265,0.005901977069875264,0.005451809077932056,0.005451809077932056,0.005451809077932056,0.005451809077932056,0.005451809077932056,0.005451809077932056,0.005451809077932056,0.005451809077932056

mean_time: , 4394.457917308808
best_solution: , 0.8983333333333333
worst_solution: , 0.915
mean_solution: , 0.9066666666666666
std_solution: , 0.005451809077932056



solutions runs are : 



0.9083333333333333

0.8983333333333333

0.9041666666666667

0.915

0.9075

