# Scenario 411
Mean curve: 0.8103333333333333,0.8109999999999999,0.8109999999999999,0.8273333333333334,0.8400000000000001,0.8400000000000001,0.8400000000000001,0.8456666666666667,0.8456666666666667,0.8536666666666667,0.8536666666666667,0.8536666666666667,0.8536666666666667,0.8536666666666667,0.8536666666666667,0.8536666666666667,0.8536666666666667,0.8536666666666667,0.8536666666666667,0.8536666666666667,0.8620000000000001,0.8620000000000001,0.8620000000000001,0.8620000000000001,0.8620000000000001,0.8620000000000001,0.8620000000000001,0.8620000000000001,0.8620000000000001,0.8620000000000001,0.8620000000000001,0.8620000000000001,0.8620000000000001,0.8620000000000001,0.8620000000000001,0.8620000000000001,0.8620000000000001,0.8620000000000001,0.8620000000000001,0.8620000000000001,0.8620000000000001,0.8620000000000001,0.8620000000000001,0.8620000000000001,0.8620000000000001,0.8620000000000001,0.8620000000000001,0.8620000000000001,0.8620000000000001,0.8620000000000001,0.8620000000000001,0.8653333333333334,0.8653333333333334,0.8653333333333334,0.8653333333333334,0.8653333333333334,0.8653333333333334,0.8653333333333334,0.8653333333333334,0.8653333333333334,0.8653333333333334,0.8653333333333334,0.8653333333333334,0.8653333333333334,0.8653333333333334,0.8653333333333334,0.8653333333333334,0.8653333333333334,0.8653333333333334,0.8653333333333334,0.8653333333333334,0.866,0.866,0.866,0.866,0.866,0.866,0.866,0.866,0.866,0.866,0.866,0.866,0.866,0.866,0.866,0.866,0.866,0.866,0.866,0.866,0.866,0.866,0.866,0.866,0.866,0.866,0.866,0.866,0.866
Std curve: 0.037600236405876196,0.037202150475476536,0.037202150475476536,0.042013225430941506,0.03822448313726571,0.03822448313726571,0.03822448313726571,0.03370789554721893,0.03370789554721893,0.022395436042987778,0.022395436042987778,0.022395436042987778,0.022395436042987778,0.022395436042987778,0.022395436042987778,0.022395436042987778,0.022395436042987778,0.022395436042987778,0.022395436042987778,0.022395436042987778,0.0188973837107445,0.0188973837107445,0.0188973837107445,0.0188973837107445,0.0188973837107445,0.0188973837107445,0.0188973837107445,0.0188973837107445,0.0188973837107445,0.0188973837107445,0.0188973837107445,0.0188973837107445,0.0188973837107445,0.0188973837107445,0.0188973837107445,0.0188973837107445,0.0188973837107445,0.0188973837107445,0.0188973837107445,0.0188973837107445,0.0188973837107445,0.0188973837107445,0.0188973837107445,0.0188973837107445,0.0188973837107445,0.0188973837107445,0.0188973837107445,0.0188973837107445,0.0188973837107445,0.0188973837107445,0.0188973837107445,0.021328124364061875,0.021328124364061875,0.021328124364061875,0.021328124364061875,0.021328124364061875,0.021328124364061875,0.021328124364061875,0.021328124364061875,0.021328124364061875,0.021328124364061875,0.021328124364061875,0.021328124364061875,0.021328124364061875,0.021328124364061875,0.021328124364061875,0.021328124364061875,0.021328124364061875,0.021328124364061875,0.021328124364061875,0.021328124364061875,0.02023747898221405,0.02023747898221405,0.02023747898221405,0.02023747898221405,0.02023747898221405,0.02023747898221405,0.02023747898221405,0.02023747898221405,0.02023747898221405,0.02023747898221405,0.02023747898221405,0.02023747898221405,0.02023747898221405,0.02023747898221405,0.02023747898221405,0.02023747898221405,0.02023747898221405,0.02023747898221405,0.02023747898221405,0.02023747898221405,0.02023747898221405,0.02023747898221405,0.02023747898221405,0.02023747898221405,0.02023747898221405,0.02023747898221405,0.02023747898221405,0.02023747898221405,0.02023747898221405

mean_time: , 4924.468166255951
best_solution: , 0.8333333333333334
worst_solution: , 0.8866666666666667
mean_solution: , 0.866
std_solution: , 0.02023747898221405



solutions runs are : 



0.885

0.8333333333333334

0.8533333333333334

0.8866666666666667

0.8716666666666667

