# Scenario 318
Mean curve: 0.796,0.7979999999999999,0.7979999999999999,0.8019999999999999,0.8094999999999999,0.8094999999999999,0.8135,0.8135,0.8135,0.8135,0.8150000000000001,0.8150000000000001,0.8150000000000001,0.819,0.8234999999999999,0.8234999999999999,0.825,0.825,0.825,0.828,0.828,0.833,0.833,0.833,0.833,0.8414999999999999,0.8435,0.8474999999999999,0.8560000000000001,0.858,0.858,0.858,0.858,0.858,0.858,0.858,0.858,0.858,0.8615,0.8625,0.8625,0.8675,0.8675,0.8675,0.8675,0.8675,0.8675,0.8695,0.8714999999999999,0.8714999999999999,0.8734999999999999,0.8755000000000001,0.8755000000000001,0.8755000000000001,0.8755000000000001,0.8755000000000001,0.8755000000000001,0.8755000000000001,0.8755000000000001,0.8755000000000001,0.8755000000000001,0.8755000000000001,0.8755000000000001,0.8755000000000001,0.8785000000000001,0.8785000000000001,0.8785000000000001,0.8785000000000001,0.8805,0.8805,0.8805,0.8805,0.8805,0.8805,0.8825,0.8825,0.8825,0.8825,0.8825,0.8835,0.8835,0.8835,0.8875,0.8875,0.8895,0.8895,0.8895,0.8895,0.8915,0.8915,0.8965,0.8965,0.8965,0.9,0.906,0.906,0.9099999999999999,0.9099999999999999,0.9109999999999999,0.9109999999999999
Std curve: 0.01356465996625051,0.013266499161421575,0.013266499161421575,0.013266499161421582,0.006403124237432822,0.006403124237432822,0.00943398113205658,0.00943398113205658,0.00943398113205658,0.00943398113205658,0.008944271909999118,0.008944271909999118,0.008944271909999118,0.010074720839804931,0.009433981132056596,0.009433981132056596,0.009354143466934844,0.009354143466934844,0.009354143466934844,0.0073143694191639165,0.0073143694191639165,0.014949916387726065,0.014949916387726065,0.014949916387726065,0.014949916387726065,0.019974984355438204,0.023000000000000027,0.02012461179749813,0.029393876913398162,0.028565713714171423,0.028565713714171423,0.028565713714171423,0.028565713714171423,0.028565713714171423,0.028565713714171423,0.028565713714171423,0.028565713714171423,0.028565713714171423,0.026248809496813384,0.02549509756796393,0.02549509756796393,0.029068883707497276,0.029068883707497276,0.029068883707497276,0.029068883707497276,0.029068883707497276,0.029068883707497276,0.02882707061079916,0.02913760456866694,0.02913760456866694,0.028266588050205148,0.03132091952673166,0.03132091952673166,0.03132091952673166,0.03132091952673166,0.03132091952673166,0.03132091952673166,0.03132091952673166,0.03132091952673166,0.03132091952673166,0.03132091952673166,0.03132091952673166,0.03132091952673166,0.03132091952673166,0.031527765540868904,0.031527765540868904,0.031527765540868904,0.031527765540868904,0.032496153618543855,0.032496153618543855,0.032496153618543855,0.032496153618543855,0.032496153618543855,0.032496153618543855,0.03535533905932739,0.03535533905932739,0.03535533905932739,0.03535533905932739,0.03535533905932739,0.036864617182333505,0.036864617182333505,0.036864617182333505,0.03788139384975161,0.03788139384975161,0.039255572852781036,0.039255572852781036,0.039255572852781036,0.039255572852781036,0.03948417404479926,0.03948417404479926,0.035341194094144567,0.035341194094144567,0.035341194094144567,0.03405877273185281,0.030066592756745815,0.030066592756745815,0.030331501776206204,0.030331501776206204,0.03168595903550972,0.03168595903550972

mean_time: , 3619.640759181976
best_solution: , 0.87
worst_solution: , 0.955
mean_solution: , 0.9109999999999999
std_solution: , 0.03168595903550972



solutions runs are : 



0.92

0.93

0.955

0.88

0.87

