# Scenario 311
Mean curve: 0.7753333333333334,0.7776666666666667,0.8043333333333333,0.8136666666666666,0.8136666666666666,0.8216666666666667,0.8270000000000002,0.8290000000000001,0.8346666666666666,0.8353333333333334,0.836,0.836,0.8380000000000001,0.8380000000000001,0.8380000000000001,0.8416666666666666,0.843,0.8453333333333333,0.8460000000000001,0.85,0.852,0.852,0.8526666666666667,0.8533333333333333,0.8533333333333333,0.8539999999999999,0.8553333333333333,0.858,0.8620000000000001,0.8620000000000001,0.8620000000000001,0.8620000000000001,0.8646666666666667,0.8646666666666667,0.865,0.8686666666666667,0.8686666666666667,0.8686666666666667,0.8686666666666667,0.8686666666666667,0.8706666666666667,0.8706666666666667,0.8706666666666667,0.8733333333333333,0.8793333333333333,0.8853333333333333,0.8853333333333333,0.8853333333333333,0.8866666666666667,0.8866666666666667,0.8879999999999999,0.8893333333333333,0.8893333333333333,0.8893333333333333,0.893,0.893,0.8956666666666665,0.8959999999999999,0.9003333333333332,0.9006666666666666,0.9006666666666666,0.9006666666666666,0.9006666666666666,0.9006666666666666,0.9006666666666666,0.9006666666666666,0.9013333333333333,0.9026666666666667,0.9046666666666667,0.9046666666666667,0.9046666666666667,0.9066666666666666,0.9096666666666666,0.9116666666666667,0.9116666666666667,0.9120000000000001,0.9133333333333333,0.9133333333333333,0.9133333333333333,0.9133333333333333,0.9133333333333333,0.9133333333333333,0.9133333333333333,0.9133333333333333,0.9133333333333333,0.9133333333333333,0.9133333333333333,0.914,0.916,0.9213333333333333,0.9233333333333335,0.9233333333333335,0.9233333333333335,0.9233333333333335,0.9253333333333333,0.9253333333333333,0.9253333333333333,0.9253333333333333,0.9273333333333333,0.9273333333333333
Std curve: 0.009626352718795776,0.00719567771497432,0.024303634844744237,0.02450396793265212,0.02450396793265212,0.030840089349920996,0.027088332871880044,0.024531159323965452,0.02072036035722674,0.02050474199897294,0.019595917942265412,0.019595917942265412,0.019390719429665304,0.019390719429665304,0.019390719429665304,0.014981470036162823,0.014468356276140458,0.012754084313139324,0.012719189352225938,0.013333333333333324,0.016546231527987804,0.016546231527987804,0.016384274303259342,0.015634719199411437,0.015634719199411437,0.015972198067614587,0.016944353369518453,0.014696938456699083,0.013266499161421611,0.013266499161421611,0.013266499161421611,0.013266499161421611,0.015719768163402134,0.015719768163402134,0.015634719199411434,0.016546231527987818,0.016546231527987818,0.016546231527987818,0.016546231527987818,0.016546231527987818,0.018666666666666675,0.018666666666666675,0.018666666666666675,0.020330600909302547,0.02524546163834866,0.032700662582481936,0.032700662582481936,0.032700662582481936,0.03126943839882286,0.03126943839882286,0.02948445918332799,0.028472208672083506,0.028472208672083506,0.028472208672083506,0.029821692328460065,0.029821692328460065,0.029881246441353305,0.029676028485406666,0.02833137248116772,0.028315680775460417,0.028315680775460417,0.028315680775460417,0.028315680775460417,0.028315680775460417,0.028315680775460417,0.028315680775460417,0.02712931993250106,0.02480143365031771,0.02490872225635922,0.02490872225635922,0.02490872225635922,0.021395742047841625,0.017713773674115238,0.019264244369066527,0.019264244369066527,0.0191601438175999,0.016996731711975948,0.016996731711975948,0.016996731711975948,0.016996731711975948,0.016996731711975948,0.016996731711975948,0.016996731711975948,0.016996731711975948,0.016996731711975948,0.016996731711975948,0.016996731711975948,0.015972198067614598,0.01866666666666668,0.013597385369580781,0.016996731711975972,0.016996731711975972,0.016996731711975972,0.016996731711975972,0.015434449203720318,0.015434449203720318,0.015434449203720318,0.015434449203720318,0.013888444437333126,0.013888444437333126

mean_time: , 3815.4365232467653
best_solution: , 0.9166666666666666
worst_solution: , 0.9533333333333334
mean_solution: , 0.9273333333333333
std_solution: , 0.013888444437333126



solutions runs are : 



0.9166666666666666

0.92

0.9533333333333334

0.93

0.9166666666666666

