# Scenario 456
Mean curve: 0.756,0.7620000000000001,0.7625,0.7625,0.7625,0.7631666666666668,0.7631666666666668,0.7698333333333334,0.7698333333333334,0.7703333333333334,0.7703333333333334,0.7723333333333333,0.7726666666666666,0.7726666666666666,0.7726666666666666,0.7726666666666666,0.7726666666666666,0.7726666666666666,0.7726666666666666,0.7726666666666666,0.779,0.779,0.7825,0.7825,0.7825,0.7825,0.7825,0.7825,0.7825,0.7825,0.7825,0.7825,0.7825,0.7825,0.7825,0.7825,0.7825,0.7825,0.7825,0.7825,0.7825,0.7825,0.7825,0.7825,0.7825,0.7825,0.7825,0.7825,0.7825,0.7825,0.7825,0.7825,0.7825,0.7825,0.7825,0.7825,0.7825,0.7825,0.7825,0.7825,0.7825,0.7825,0.7825,0.7825,0.7825,0.7825,0.7825,0.7825,0.7825,0.7825,0.7825,0.7825,0.7825,0.7825,0.7825,0.7825,0.7825,0.7825,0.7825,0.7825,0.7825,0.7825,0.7825,0.7825,0.7825,0.7825,0.7825,0.7825,0.7901666666666667,0.7901666666666667,0.7901666666666667,0.7901666666666667,0.7901666666666667,0.7901666666666667,0.7901666666666667,0.7901666666666667,0.7901666666666667,0.7901666666666667,0.7901666666666667,0.7901666666666667
Std curve: 0.007699206308300746,0.00919842981769776,0.008866290718846937,0.008866290718846937,0.008866290718846937,0.008586164581594178,0.008586164581594178,0.007842193570679033,0.007842193570679033,0.007314369419163877,0.007314369419163877,0.007553512795749767,0.007098513146348965,0.007098513146348965,0.007098513146348965,0.007098513146348965,0.007098513146348965,0.007098513146348965,0.007098513146348965,0.007098513146348965,0.015160255055022423,0.015160255055022423,0.021602468994692876,0.021602468994692876,0.021602468994692876,0.021602468994692876,0.021602468994692876,0.021602468994692876,0.021602468994692876,0.021602468994692876,0.021602468994692876,0.021602468994692876,0.021602468994692876,0.021602468994692876,0.021602468994692876,0.021602468994692876,0.021602468994692876,0.021602468994692876,0.021602468994692876,0.021602468994692876,0.021602468994692876,0.021602468994692876,0.021602468994692876,0.021602468994692876,0.021602468994692876,0.021602468994692876,0.021602468994692876,0.021602468994692876,0.021602468994692876,0.021602468994692876,0.021602468994692876,0.021602468994692876,0.021602468994692876,0.021602468994692876,0.021602468994692876,0.021602468994692876,0.021602468994692876,0.021602468994692876,0.021602468994692876,0.021602468994692876,0.021602468994692876,0.021602468994692876,0.021602468994692876,0.021602468994692876,0.021602468994692876,0.021602468994692876,0.021602468994692876,0.021602468994692876,0.021602468994692876,0.021602468994692876,0.021602468994692876,0.021602468994692876,0.021602468994692876,0.021602468994692876,0.021602468994692876,0.021602468994692876,0.021602468994692876,0.021602468994692876,0.021602468994692876,0.021602468994692876,0.021602468994692876,0.021602468994692876,0.021602468994692876,0.021602468994692876,0.021602468994692876,0.021602468994692876,0.021602468994692876,0.021602468994692876,0.027204983203654283,0.027204983203654283,0.027204983203654283,0.027204983203654283,0.027204983203654283,0.027204983203654283,0.027204983203654283,0.027204983203654283,0.027204983203654283,0.027204983203654283,0.027204983203654283,0.027204983203654283

mean_time: , 8517.806367397308
best_solution: , 0.7633333333333333
worst_solution: , 0.8233333333333334
mean_solution: , 0.7901666666666667
std_solution: , 0.027204983203654283



solutions runs are : 



0.77

0.8233333333333334

0.7708333333333334

0.8233333333333334

0.7633333333333333

