# Scenario 260
Mean curve: 0.5865614922364843,0.5924601593163703,0.5973566709568605,0.6022881270560697,0.6072085398921923,0.6088805965286523,0.6129132679813819,0.6146642427294744,0.6181317797049231,0.6187210155272436,0.6250971621544648,0.6252755077314157,0.6285945324459008,0.6316534603125256,0.6322104406316897,0.6326447880583018,0.6350660541068315,0.6358997002786166,0.636165494032177,0.6378408948485547,0.6381695579232464,0.6391459645637256,0.645968387734877,0.645968387734877,0.6469412144685658,0.6469412144685658,0.64741567417125,0.650220376759413,0.6517143227382398,0.6519318795362704,0.6519318795362704,0.6532787894450729,0.6533451952392662,0.6542734214441116,0.6560509463225841,0.6563751635723972,0.6578514657848272,0.6578514657848272,0.658729651916189,0.6603673875233524,0.6603673875233524,0.6614244869090996,0.6614244869090996,0.662092499153283,0.6628519657934387,0.6638992140487818,0.6645849305579267,0.6645849305579267,0.6652157929762204,0.668185685610726,0.6693149556958417,0.6693149556958417,0.6693149556958417,0.6694058209458641,0.6694058209458641,0.6694058209458641,0.6726059005142989,0.6729889741473725,0.6748870863836098,0.678838867981339,0.678838867981339,0.678838867981339,0.6794021408937084,0.6794021408937084,0.6794021408937084,0.6794021408937084,0.6797368740198538,0.6803682480326807,0.6811597884749306,0.6811597884749306,0.6835245673240189,0.6836445447915206,0.6837175447786221,0.6837175447786221,0.6858115908113861,0.6864427988381289,0.6876891499832608,0.6876891499832608,0.6876891499832608,0.6876891499832608,0.6880364347907889,0.6897553895542845,0.6897553895542845,0.6897553895542845,0.6902602229948678,0.6902602229948678,0.6941673493482747,0.6941673493482747,0.6955404228772968,0.6955404228772968,0.6955404228772968,0.6958251190771313,0.696069578452784,0.6961970967584704,0.6969075604984657,0.6980174196576796,0.6980174196576796,0.699289539583785,0.6994176763136786,0.7012842411280874
Std curve: 0.008771223130370348,0.007055934224557611,0.0040396360464841855,0.003929424305335889,0.002752623539340512,0.003922875445356112,0.003881132432017649,0.003632541978452255,0.0032703706647273074,0.003092460340601423,0.012065995275670304,0.011979936410252986,0.010822768631840583,0.009649245218139212,0.009074037563747818,0.009239570069944487,0.011398487236898031,0.010662182800175517,0.010356211873999115,0.00880692647629909,0.008589755025342418,0.00796534197109335,0.007952922373433972,0.007952922373433972,0.006807393197994148,0.006807393197994148,0.006719911695582675,0.006126677892806884,0.005120417388477927,0.005110688557953738,0.005110688557953738,0.007449325785874025,0.007367927645326954,0.007295215089225506,0.005719147630758032,0.005727817076214372,0.005457900310089374,0.005457900310089374,0.00589666959917066,0.006965330529309471,0.006965330529309471,0.005809759687238894,0.005809759687238894,0.005388322371850995,0.006888987885637089,0.008968388343981214,0.008579870963961657,0.008579870963961657,0.00984109082698136,0.010112713746453233,0.010443723878999221,0.010443723878999221,0.010443723878999221,0.010369963238438027,0.010369963238438027,0.010369963238438027,0.008004625004677033,0.00786129962123083,0.007472686545917991,0.006978787316441456,0.006978787316441456,0.006978787316441456,0.006459893325382043,0.006459893325382043,0.006459893325382043,0.006459893325382043,0.006348597087680679,0.005997137351133156,0.006148846250232516,0.006148846250232516,0.008595552134139579,0.008713820736549466,0.008653012183885344,0.008653012183885344,0.007519207155183161,0.008152887595960319,0.007273598325520929,0.007273598325520929,0.007273598325520929,0.007273598325520929,0.007489381422427455,0.009880895806094038,0.009880895806094038,0.009880895806094038,0.009752451885663406,0.009752451885663406,0.0106319445684105,0.0106319445684105,0.00851001069821761,0.00851001069821761,0.00851001069821761,0.008300044798527835,0.008147237069647923,0.008078130964209495,0.007625717092566107,0.009036348992757418,0.009036348992757418,0.008288988862071443,0.008369640049406275,0.007259271680692792

mean_time: , 92928.69070324898
best_solution: , 0.6928674742361237
worst_solution: , 0.7133911149430503
mean_solution: , 0.7012842411280874
std_solution: , 0.007259271680692792



solutions runs are : 



0.6993643389582476

0.7049165457184325

0.6958817317845829

0.6928674742361237

0.7133911149430503

