# Scenario 304
Mean curve: 0.6763899215873483,0.6799870812701722,0.6807021408584711,0.6922023144536106,0.696191168707672,0.6985078955499789,0.7057985535670576,0.7078053814359669,0.7132936905859453,0.7140315474275963,0.7153942113372708,0.7167869832154826,0.7215615614707591,0.7307337814687831,0.7352289676321979,0.7376283274792312,0.7393313470343618,0.739418116793812,0.7399635681165737,0.740304891299669,0.7412742499903795,0.7412742499903795,0.7440313657528044,0.7441192171187667,0.7444480792802707,0.7530931139886596,0.7531394669934675,0.7546912475777809,0.7546912475777809,0.7546912475777809,0.7583393304209145,0.7593383900596178,0.7593383900596178,0.7593383900596178,0.7603876216042893,0.7656519942695499,0.7656519942695499,0.7701986940953199,0.7701986940953199,0.7701986940953199,0.7701986940953199,0.7711577263533844,0.7715544359668631,0.7733913380043214,0.7741849183801042,0.7741849183801042,0.7741849183801042,0.7749001670939386,0.7760516635456509,0.7780293899286178,0.7780293899286178,0.7821569632660044,0.7844931086261602,0.7861300425519111,0.7880147204703917,0.7913541161876109,0.7924165653936119,0.7942354732502557,0.7942354732502557,0.7951559753423059,0.7970347993038984,0.8007836064492286,0.8050503660964111,0.8080191250402926,0.8080191250402926,0.8094685601463825,0.8094685601463825,0.8094685601463825,0.8095395322857708,0.8095395322857708,0.8098542309541574,0.8098542309541574,0.8098542309541574,0.8106789732221987,0.8111648283013914,0.8111648283013914,0.8114331728140141,0.8114331728140141,0.8137499328928104,0.8145536368108612,0.8165735850864522,0.8174269147244452,0.8176831509051933,0.8177394719350634,0.8177394719350634,0.8188779819035841,0.8188779819035841,0.8188779819035841,0.8247456696231701,0.8247456696231701,0.8247456696231701,0.8247456696231701,0.8256218869619023,0.8269341825410971,0.8276327650043853,0.8276327650043853,0.8281523006959126,0.8287429882942842,0.82875302509589,0.82875302509589
Std curve: 0.011990158979150707,0.009690431745166601,0.010929659874581952,0.01201880466474622,0.009553114800739426,0.01007908491129593,0.01300406627484205,0.011646005045073871,0.01594739493623324,0.015615622717011435,0.015360919116924342,0.015645665568755105,0.015338533367757841,0.02342035918637073,0.01859036903355141,0.02061272147801856,0.01964134296797359,0.019563843375956895,0.019092588672968806,0.01916798360747363,0.01842911475752475,0.01842911475752475,0.023462162441760116,0.023384710552421816,0.023104337386925345,0.021881169091853395,0.02183585438083903,0.022878152536242414,0.022878152536242414,0.022878152536242414,0.026324379552806913,0.02616352631413285,0.02616352631413285,0.02616352631413285,0.025016020422781622,0.022357363360236797,0.022357363360236797,0.020141276890296333,0.020141276890296333,0.020141276890296333,0.020141276890296333,0.019281279197974757,0.018970892401730895,0.0177336010712419,0.01897956494881301,0.01897956494881301,0.01897956494881301,0.01863635616648888,0.017468331601848148,0.01659404011612979,0.01659404011612979,0.017972646690424098,0.015614825590922091,0.014182939055789235,0.01327309769294737,0.018492458247111158,0.017487690550785914,0.016233048941608496,0.016233048941608496,0.0157312491983921,0.01397686417218331,0.015028202902220207,0.015958872629965197,0.01350198064674195,0.01350198064674195,0.014718528441233041,0.014718528441233041,0.014718528441233041,0.014807782052238835,0.014807782052238835,0.014362753964718051,0.014362753964718051,0.014362753964718051,0.015470901266812376,0.016166987958321548,0.016166987958321548,0.016563347842273857,0.016563347842273857,0.013994465300590245,0.013589268283793901,0.013393729145245026,0.012509192074773042,0.012897036321092232,0.012983443557316962,0.012983443557316962,0.013316341241978521,0.013316341241978521,0.013316341241978521,0.01844874476369466,0.01844874476369466,0.01844874476369466,0.01844874476369466,0.01741139995713821,0.016055551216277046,0.01619509820604149,0.01619509820604149,0.015728884322006198,0.014926387391630826,0.014932425849009405,0.014932425849009405

mean_time: , 8093.170040273666
best_solution: , 0.8091005291005291
worst_solution: , 0.8497907949790795
mean_solution: , 0.82875302509589
std_solution: , 0.014932425849009405



solutions runs are : 



0.814867617107943

0.8322510822510822

0.8091005291005291

0.8377551020408164

0.8497907949790795

