# Scenario 292
Mean curve: 0.7180666666666666,0.7226666666666667,0.7253999999999999,0.727,0.7320666666666666,0.7352000000000001,0.7394000000000001,0.7431333333333333,0.7431333333333333,0.7431333333333333,0.7479333333333333,0.7504666666666667,0.7515333333333334,0.7530666666666667,0.7532666666666668,0.7544000000000001,0.7544000000000001,0.7560666666666667,0.7566666666666666,0.7566666666666666,0.7574,0.7609333333333334,0.7646,0.7646666666666666,0.7646666666666666,0.7646666666666666,0.7646666666666666,0.7656666666666666,0.7668666666666667,0.7672000000000001,0.7672000000000001,0.7681333333333333,0.7681333333333333,0.7689333333333334,0.7716000000000001,0.7718666666666667,0.7718666666666667,0.7726666666666666,0.7732,0.7756000000000001,0.7778,0.7792,0.7792,0.7792,0.7792,0.7792,0.7799333333333334,0.7801333333333333,0.7801333333333333,0.7827999999999999,0.7827999999999999,0.7827999999999999,0.7827999999999999,0.7852,0.7852,0.7852,0.7870666666666667,0.7878666666666667,0.7887333333333333,0.7887333333333333,0.7887333333333333,0.7887333333333333,0.7887333333333333,0.7887333333333333,0.7887333333333333,0.7890666666666666,0.7894666666666666,0.7901333333333334,0.7904,0.7910666666666667,0.7910666666666667,0.7910666666666667,0.7910666666666667,0.7936666666666666,0.7936666666666666,0.7936666666666666,0.7946666666666666,0.7946666666666666,0.7946666666666666,0.7946666666666666,0.7952,0.7963333333333333,0.7963333333333333,0.7963333333333333,0.7963333333333333,0.7963333333333333,0.7984,0.7989333333333334,0.7992,0.7992,0.7993333333333333,0.7993333333333333,0.7998666666666667,0.7998666666666667,0.8000666666666667,0.8008000000000001,0.8009999999999999,0.8009999999999999,0.8028000000000001,0.8034666666666668
Std curve: 0.01137717012266232,0.008684596837057076,0.0061079183578913706,0.00699523647443981,0.006983790756697473,0.007561892767172929,0.009539159059139084,0.009710475443217653,0.009710475443217653,0.009710475443217653,0.006671331701142333,0.009287027990099376,0.009287027990099376,0.007147338276900332,0.006919858701190698,0.007292004754066844,0.007292004754066844,0.006861810580629904,0.007214183560490023,0.007214183560490023,0.006169458827338304,0.006005182946607251,0.006433937795437215,0.0065489609014628535,0.0065489609014628535,0.0065489609014628535,0.0065489609014628535,0.006446359868604594,0.004991548412622653,0.0047262858332709715,0.0047262858332709715,0.00498263651761462,0.00498263651761462,0.004255192905928791,0.005397118572802408,0.005635601121442126,0.005635601121442126,0.0048579831205964215,0.005580123455424406,0.008103222952765292,0.007054076835419379,0.005821798118565563,0.005821798118565563,0.005821798118565563,0.005821798118565563,0.005821798118565563,0.0061006374894577945,0.005791181034795744,0.005791181034795744,0.0043949465930265405,0.0043949465930265405,0.0043949465930265405,0.0043949465930265405,0.005360762798126576,0.005360762798126576,0.005360762798126576,0.006707872654989487,0.005886330681238446,0.005405347146833219,0.005405347146833219,0.005405347146833219,0.005405347146833219,0.005405347146833219,0.005405347146833219,0.005405347146833219,0.0053599336645978315,0.004674279504788849,0.004645667037382516,0.004649492206443409,0.004918897798852479,0.004918897798852479,0.004918897798852479,0.004918897798852479,0.0015347819244294924,0.0015347819244294924,0.0015347819244294924,0.0022410315085295493,0.0022410315085295493,0.0022410315085295493,0.0022410315085295493,0.0026127890589687243,0.0015634719199411557,0.0015634719199411557,0.0015634719199411557,0.0015634719199411557,0.0015634719199411557,0.0025940101944458317,0.0024531159323965437,0.0019618585292749636,0.0019618585292749636,0.0019888578520235183,0.0019888578520235183,0.002409241466612355,0.002409241466612355,0.0023701851779508293,0.0011469767022723348,0.0010749676997731318,0.0010749676997731318,0.0035938218591849334,0.0035061850112812465

mean_time: , 18060.36607761383
best_solution: , 0.7993333333333333
worst_solution: , 0.8096666666666666
mean_solution: , 0.8034666666666668
std_solution: , 0.0035061850112812465



solutions runs are : 



0.8026666666666666

0.8096666666666666

0.8043333333333333

0.8013333333333333

0.7993333333333333

