# Scenario 37
Mean curve: 0.7505,0.77525,0.7887500000000001,0.8145,0.8247499999999999,0.8462500000000001,0.8567500000000001,0.86775,0.88125,0.88825,0.8965,0.9065,0.9105000000000001,0.91525,0.9244999999999999,0.9285,0.9325000000000001,0.9380000000000001,0.9425000000000001,0.9477499999999999,0.9487500000000001,0.952,0.9532499999999999,0.9567500000000001,0.9577500000000001,0.9635,0.9682499999999999,0.96925,0.96925,0.96975,0.9715,0.9715,0.97325,0.9737499999999999,0.9737499999999999,0.9744999999999999,0.975,0.97625,0.97725,0.97725,0.97725,0.9782499999999998,0.9782499999999998,0.9782499999999998,0.9782499999999998,0.9782499999999998,0.9792500000000001,0.9792500000000001,0.9795,0.9795,0.9795,0.9797499999999999,0.9797499999999999,0.9797499999999999,0.9797499999999999,0.9810000000000001,0.9810000000000001,0.98125,0.98125,0.98125,0.9814999999999999,0.98225,0.98225,0.98225,0.98275,0.9845,0.9845,0.985,0.985,0.9880000000000001,0.9880000000000001,0.9880000000000001,0.9880000000000001,0.9880000000000001,0.9880000000000001,0.9880000000000001,0.9880000000000001,0.9880000000000001,0.9882500000000001,0.9882500000000001,0.9882500000000001,0.9882500000000001,0.9882500000000001,0.9882500000000001,0.9884999999999999,0.9884999999999999,0.9884999999999999,0.9884999999999999,0.9884999999999999,0.9884999999999999,0.9884999999999999,0.9884999999999999,0.9887499999999999,0.9887499999999999,0.9887499999999999,0.9887499999999999,0.9887499999999999,0.9887499999999999,0.9887499999999999,0.9887499999999999
Std curve: 0.008824681297361393,0.004062019202317989,0.007202430145443979,0.0086458082328953,0.005326818938165627,0.007826237921249275,0.007314369419163889,0.007044501401802698,0.011858541225631406,0.008200609733428354,0.006442049363362564,0.004568916720624274,0.0030207614933986555,0.0026692695630078584,0.0048476798574163356,0.005326818938165627,0.004677071733467434,0.006154266812545561,0.005755432216610653,0.008231038816577134,0.007664854858377939,0.010018732454756964,0.010173494974687922,0.006964194138592058,0.006633249580710813,0.007044501401802698,0.006964194138592067,0.00556776436283003,0.00556776436283003,0.005024937810560466,0.004062019202318005,0.004062019202318005,0.003499999999999989,0.003535533905932725,0.003535533905932725,0.0023184046238739365,0.002500000000000013,0.003446012188022563,0.003657184709581957,0.003657184709581957,0.003657184709581957,0.0036742346141747737,0.0036742346141747737,0.0036742346141747737,0.0036742346141747737,0.0036742346141747737,0.004847679857416331,0.004847679857416331,0.004847679857416332,0.004847679857416332,0.004847679857416332,0.004834769901453434,0.004834769901453434,0.004834769901453434,0.004834769901453434,0.005326818938165642,0.005326818938165642,0.004873397172404464,0.004873397172404464,0.004873397172404464,0.004430011286667328,0.004430011286667328,0.004430011286667328,0.004430011286667328,0.0034820970692960385,0.0023184046238739174,0.0023184046238739174,0.0020916500663351843,0.0020916500663351843,0.0057336724705898635,0.0057336724705898635,0.0057336724705898635,0.0057336724705898635,0.0057336724705898635,0.0057336724705898635,0.0057336724705898635,0.0057336724705898635,0.0057336724705898635,0.005623610939601002,0.005623610939601002,0.005623610939601002,0.005623610939601002,0.005623610939601002,0.005623610939601002,0.0055000000000000075,0.0055000000000000075,0.0055000000000000075,0.0055000000000000075,0.0055000000000000075,0.0055000000000000075,0.0055000000000000075,0.0055000000000000075,0.005244044240850773,0.005244044240850773,0.005244044240850773,0.005244044240850773,0.005244044240850773,0.005244044240850773,0.005244044240850773,0.005244044240850773

mean_time: , 4646.404499149323
best_solution: , 0.98375
worst_solution: , 0.99875
mean_solution: , 0.9887499999999999
std_solution: , 0.005244044240850773



solutions runs are : 



0.99875

0.98625

0.98875

0.98375

0.98625

