# Scenario 221
Mean curve: 0.6355442384853447,0.6458420567665015,0.6522670645922803,0.6656072083734389,0.6656666357208771,0.667895900890396,0.6680790511941316,0.6732717948324969,0.6732717948324969,0.6732717948324969,0.6748847378756292,0.6775526302798083,0.6781915877147029,0.6808391316668148,0.6808391316668148,0.6827133980599784,0.6888086316698462,0.6928431377169815,0.6930084432627673,0.6930084432627673,0.6930084432627673,0.6930084432627673,0.6935742477464124,0.6975210994751756,0.6991244502639178,0.6991244502639178,0.701538448307074,0.701538448307074,0.7016022975769751,0.7016022975769751,0.7048745196821471,0.7056018186421562,0.7064486801461279,0.7101775485545913,0.7110060919329524,0.7139154958516125,0.7168366420958467,0.717097503182896,0.7195004152983434,0.7195004152983434,0.7207699549870379,0.7207699549870379,0.7219493948901802,0.7250059095198581,0.7250059095198581,0.72765992349266,0.72765992349266,0.72765992349266,0.72765992349266,0.729488826764758,0.729488826764758,0.7369481703163606,0.7382681016627047,0.7398879415178387,0.7411598890726512,0.7425162738304731,0.7439654216255527,0.7439654216255527,0.7439654216255527,0.7439654216255527,0.7451517051782389,0.7451517051782389,0.7455510707900318,0.7457616418861999,0.7457616418861999,0.7468714567469497,0.7477179545069798,0.74787745658566,0.7512896211981127,0.7512896211981127,0.7521755877774947,0.7565642319596468,0.7565642319596468,0.7565642319596468,0.7587445472415844,0.7587445472415844,0.7591074304759957,0.7591074304759957,0.7591074304759957,0.7591074304759957,0.7612299332927608,0.7612299332927608,0.7612299332927608,0.7614332128640969,0.7614332128640969,0.7638630504891314,0.7654680591292881,0.7654680591292881,0.7675737334179129,0.7675737334179129,0.7675737334179129,0.7678307441907435,0.7680530099271616,0.7701644173692157,0.7727074688255028,0.7727074688255028,0.7743779042649576,0.7743779042649576,0.7743779042649576,0.7776082136278679
Std curve: 0.006578725658491824,0.00855597222268334,0.003332170977901316,0.009941127566162998,0.009883550549530759,0.008676091090897802,0.008543470635608676,0.006527917191241057,0.006527917191241057,0.006527917191241057,0.00843066686464929,0.008079639696662151,0.00821563920534583,0.007211655206012921,0.007211655206012921,0.005290218974883516,0.008300649132216498,0.0077714375739531116,0.007538788106223819,0.007538788106223819,0.007538788106223819,0.007538788106223819,0.0068041409294150625,0.004579148502731349,0.0035937670248458557,0.0035937670248458557,0.003708428844652413,0.003708428844652413,0.003697911421661231,0.003697911421661231,0.0036500432637868187,0.0034986938282195175,0.002760463676554726,0.0037435689501584186,0.0036379667771330596,0.005565556321549936,0.005901510538651755,0.005867888732638454,0.0075093485841777425,0.0075093485841777425,0.005444886688370012,0.005444886688370012,0.004044126926065511,0.007583529516925829,0.007583529516925829,0.008515308008842312,0.008515308008842312,0.008515308008842312,0.008515308008842312,0.006999235786678335,0.006999235786678335,0.01236800697560168,0.011376384594758114,0.009411471128888946,0.008438886716874967,0.007327671727706111,0.008936345892067786,0.008936345892067786,0.008936345892067786,0.008936345892067786,0.011281311315677429,0.011281311315677429,0.011048749866277002,0.010996414085437506,0.010996414085437506,0.01055325150700868,0.010413133162577734,0.010280121104783031,0.009130412601038147,0.009130412601038147,0.008949891048483701,0.009847601402799066,0.009847601402799066,0.009847601402799066,0.007094042544840195,0.007094042544840195,0.006512884062501933,0.006512884062501933,0.006512884062501933,0.006512884062501933,0.009802692437380146,0.009802692437380146,0.009802692437380146,0.009696541257982885,0.009696541257982885,0.009321166335377702,0.01195621012725483,0.01195621012725483,0.012476699959556456,0.012476699959556456,0.012476699959556456,0.012097636115916363,0.012233175986539526,0.014867025764251269,0.012061102032202392,0.012061102032202392,0.012936433653910008,0.012936433653910008,0.012936433653910008,0.010924609918044044

mean_time: , 22835.048457098008
best_solution: , 0.7629377431906614
worst_solution: , 0.7947104512830597
mean_solution: , 0.7776082136278679
std_solution: , 0.010924609918044044



solutions runs are : 



0.7947104512830597

0.7743542810656905

0.7842683049652533

0.7629377431906614

0.7717702876346743

