# Scenario 200
Mean curve: 0.7168873296610754,0.7317537102386231,0.7374548797667901,0.7396543405558869,0.7415920160355154,0.7465367766672381,0.7565498050466849,0.7627653298974311,0.7663658216303718,0.7736834938474425,0.7736834938474425,0.7756087905245999,0.7802571354668734,0.7856143728851203,0.790690258598149,0.790690258598149,0.7946990537551623,0.7946990537551623,0.7993030222180156,0.7998956877448444,0.8002620989916543,0.803116047438106,0.8070955834897097,0.8070955834897097,0.8082081366871116,0.8166590849152081,0.8221110139830726,0.82519802385939,0.82519802385939,0.82519802385939,0.82519802385939,0.8298835373016396,0.8298835373016396,0.831289299923897,0.831289299923897,0.831289299923897,0.8338236150504871,0.8338236150504871,0.8380158385327698,0.8380158385327698,0.83850482333501,0.8394908640008591,0.8437659312453303,0.8437659312453303,0.8450520373345574,0.8454060772393618,0.8500050163175141,0.8500050163175141,0.8544277866975186,0.8544277866975186,0.8544315531151507,0.8554135942883573,0.8578365533883325,0.8603958742631219,0.8603958742631219,0.8603958742631219,0.8606993655167441,0.8606993655167441,0.8606993655167441,0.8678742049884216,0.8678742049884216,0.8679384756253711,0.8679384756253711,0.8679384756253711,0.8679384756253711,0.8679384756253711,0.8679384756253711,0.8711226307427351,0.8711226307427351,0.8737244497591947,0.8745199673648132,0.8745199673648132,0.8745199673648132,0.8770341145565144,0.8804317527776092,0.8804317527776092,0.8854002985820231,0.8854002985820231,0.8854002985820231,0.8854002985820231,0.8854002985820231,0.8873483305580437,0.8873483305580437,0.8873483305580437,0.8873483305580437,0.8903325374960234,0.8903325374960234,0.8926940629080168,0.8928971492529343,0.8928971492529343,0.8928971492529343,0.8928971492529343,0.8929930605022868,0.893056889939345,0.8942645502737306,0.8957882658155022,0.8969819790353423,0.8975195467612742,0.9004557162843485,0.9004557162843485
Std curve: 0.016633606274833523,0.022765457469247616,0.017371454133408574,0.018685178308021196,0.01814011818927287,0.021854314417502404,0.028169371191298784,0.02241705528294858,0.018009610094759057,0.014890188540770764,0.014890188540770764,0.014436593792189313,0.012197926725300222,0.02156616885029832,0.017912045963481626,0.017912045963481626,0.01707748299328927,0.01707748299328927,0.01619406353644644,0.015987637587148017,0.015467314568893291,0.01488386762052806,0.010842743434840532,0.010842743434840532,0.011790610436805455,0.020252773386227593,0.01852917010690015,0.017416210838055286,0.017416210838055286,0.017416210838055286,0.017416210838055286,0.016444902376120053,0.016444902376120053,0.014561816047476282,0.014561816047476282,0.014561816047476282,0.015651385911669716,0.015651385911669716,0.017680053992992998,0.017680053992992998,0.01736535670974331,0.016885909097718463,0.013661152429401293,0.013661152429401293,0.013080318454936441,0.01258652232106979,0.008212209044606773,0.008212209044606773,0.006409633773753161,0.006409633773753161,0.006411455806167168,0.0049146957782790004,0.00761200906925087,0.007479455250435494,0.007479455250435494,0.007479455250435494,0.007288950269884048,0.007288950269884048,0.007288950269884048,0.008992973065453562,0.008992973065453562,0.008966957616924606,0.008966957616924606,0.008966957616924606,0.008966957616924606,0.008966957616924606,0.008966957616924606,0.00687535622638468,0.00687535622638468,0.008846483892502163,0.008264922957252762,0.008264922957252762,0.008264922957252762,0.00885313360156,0.009328474998608274,0.009328474998608274,0.006385874876737106,0.006385874876737106,0.006385874876737106,0.006385874876737106,0.006385874876737106,0.003168482626822585,0.003168482626822585,0.003168482626822585,0.003168482626822585,0.006418856522958581,0.006418856522958581,0.005804633611657723,0.005834778654624947,0.005834778654624947,0.005834778654624947,0.005834778654624947,0.005801457424963625,0.005815762224642491,0.006565773676411123,0.00845419073399073,0.006891160131623015,0.006526974199476232,0.00704813864059364,0.00704813864059364

mean_time: , 8389.308401203156
best_solution: , 0.8935269207501513
worst_solution: , 0.9135630352519418
mean_solution: , 0.9004557162843485
std_solution: , 0.00704813864059364



solutions runs are : 



0.8935269207501513

0.9011124845488258

0.895492217505559

0.8985839233652645

0.9135630352519418

