# Scenario 220
Mean curve: 0.6547405178466797,0.6586883650321514,0.660562699183782,0.6642699224496127,0.6686526692763991,0.673152519406579,0.6797535349341948,0.6879463415478814,0.6883103353340833,0.6910416771034491,0.6948386889156908,0.70038448106999,0.70038448106999,0.7013264922636354,0.7034038349216563,0.7039004426139795,0.7128992013610651,0.7132190243345302,0.7135598601590188,0.7157132361290914,0.7159268959221905,0.7212348448553325,0.7212348448553325,0.7212348448553325,0.7224109553366883,0.7244318283822964,0.7250138174246701,0.7264703444948207,0.7265144889008254,0.7269417442533532,0.7335596898375026,0.7358523455835378,0.7376750738695618,0.7381888522410234,0.7381888522410234,0.7414670599360903,0.7429562041068508,0.7429562041068508,0.7429988512881291,0.7456160607212621,0.7493315275024273,0.749638061649098,0.7532451323696964,0.7532451323696964,0.7532451323696964,0.7552307794296413,0.7552307794296413,0.7552307794296413,0.7552307794296413,0.7589838781056865,0.7589838781056865,0.761116787289835,0.7611558203857507,0.7614847392481787,0.7645073692748628,0.7661324956984495,0.7661324956984495,0.7661324956984495,0.7667261302765083,0.7667261302765083,0.7667261302765083,0.7667261302765083,0.7670526902394255,0.767629470200826,0.767629470200826,0.767629470200826,0.7714383661422748,0.7715241413242765,0.7748481574349961,0.7748481574349961,0.7792141677213308,0.7797161847529227,0.7798116891401063,0.7802035889021155,0.7802035889021155,0.7812412935408262,0.7812412935408262,0.7860524124295556,0.787395929866684,0.787581670324675,0.787581670324675,0.788179096145597,0.7894290431523084,0.7898760493677874,0.7898760493677874,0.7917204160665248,0.7923089460657796,0.7956054847652683,0.7956119212416077,0.7956119212416077,0.7956119212416077,0.7971175600484677,0.7971175600484677,0.7971175600484677,0.7971175600484677,0.7977241861850998,0.7984968803705464,0.7989904010390909,0.8013004387011019,0.8013144333271656
Std curve: 0.01043242205919165,0.00938416937190276,0.01096826963552112,0.0061380694163190724,0.0072641266953165,0.010711982350580712,0.009741461264957119,0.006264231351682225,0.006830094331857291,0.005708959503077474,0.010535810961325831,0.01196370049842902,0.01196370049842902,0.011747768986666752,0.011389075671508665,0.010731037765242122,0.015402812366297695,0.015236793731589135,0.015087731292214867,0.01391804166777592,0.013871010272003997,0.014572241573481042,0.014572241573481042,0.014572241573481042,0.016179058868818874,0.0155324229744418,0.015537376683805226,0.01592708001485471,0.015896329458485875,0.015621382157732504,0.013659130858824524,0.011873521478045834,0.011467882938212276,0.01091851160491655,0.01091851160491655,0.01412806020533293,0.012984634643105326,0.012984634643105326,0.012937900914759647,0.011376993857602689,0.01008974494112075,0.009822264299093017,0.011300851738010237,0.011300851738010237,0.011300851738010237,0.009936814416772818,0.009936814416772818,0.009936814416772818,0.009936814416772818,0.012112868639094,0.012112868639094,0.013188981550991062,0.013210211179370669,0.013405837087717608,0.016373353303180193,0.018350128827176203,0.018350128827176203,0.018350128827176203,0.01791825635888114,0.01791825635888114,0.01791825635888114,0.01791825635888114,0.017742866155447144,0.017107088360540874,0.017107088360540874,0.017107088360540874,0.016809256253631874,0.016914989866972853,0.01526678538174244,0.01526678538174244,0.017790705968865873,0.018188952724847926,0.01802600874631446,0.01836979060404543,0.01836979060404543,0.01798586560788036,0.01798586560788036,0.013681355552227973,0.012700975474516303,0.012852324364786432,0.012852324364786432,0.013397510928274079,0.014787551197977308,0.014085982754734473,0.014085982754734473,0.016655452488941163,0.016295156039010827,0.01898973815648648,0.01898042139071449,0.01898042139071449,0.01898042139071449,0.017924575238807555,0.017924575238807555,0.017924575238807555,0.017924575238807555,0.018138112800848774,0.01763991277144303,0.016959630546936572,0.015454756883970036,0.015448689087313413

mean_time: , 23758.29444885254
best_solution: , 0.7803956655731186
worst_solution: , 0.8200524119188586
mean_solution: , 0.8013144333271656
std_solution: , 0.015448689087313413



solutions runs are : 



0.8200524119188586

0.8184077224505399

0.7803956655731186

0.7946428571428571

0.7930735095504534

