# Scenario 26
Mean curve: 0.7489166666666666,0.7680833333333332,0.784,0.8034166666666668,0.8111666666666668,0.8258333333333333,0.8375833333333332,0.8468333333333333,0.8588333333333333,0.8702500000000001,0.8762500000000001,0.8826666666666666,0.8913333333333334,0.8965833333333333,0.9032500000000001,0.9111666666666668,0.9144166666666667,0.9198333333333333,0.9199166666666667,0.9210833333333334,0.9233333333333332,0.9274999999999999,0.9321666666666667,0.9353333333333333,0.9371666666666666,0.9399166666666666,0.9404999999999999,0.9404999999999999,0.9438333333333334,0.9465,0.9466666666666667,0.9510833333333334,0.9524166666666668,0.9531666666666666,0.9535833333333332,0.9541666666666666,0.9548333333333334,0.9548333333333334,0.9574166666666667,0.9581666666666667,0.9592500000000002,0.9596666666666668,0.9626666666666667,0.96325,0.96325,0.96325,0.9639166666666666,0.9640000000000001,0.9646666666666667,0.966,0.968,0.968,0.968,0.9684999999999999,0.9684999999999999,0.9684999999999999,0.9690833333333332,0.9690833333333332,0.96975,0.9708333333333332,0.9727499999999999,0.9727499999999999,0.9727499999999999,0.974,0.974,0.974,0.9744999999999999,0.9744999999999999,0.9744999999999999,0.9744999999999999,0.9744999999999999,0.9744999999999999,0.9744999999999999,0.9744999999999999,0.9744999999999999,0.9744999999999999,0.97525,0.9759166666666668,0.9759166666666668,0.9759166666666668,0.9759166666666668,0.9759166666666668,0.9759166666666668,0.9759166666666668,0.9759166666666668,0.9759166666666668,0.9765,0.9765,0.9765,0.9765,0.9765,0.9765,0.9765,0.9765,0.9765,0.9765,0.9765,0.9765,0.9765,0.9774166666666666
Std curve: 0.007156970184527964,0.010413666234542205,0.004286607049870562,0.008268077836541652,0.006807879421833351,0.01129773822005486,0.007309620753196129,0.007969560144003478,0.004444097208657775,0.0067628478550911635,0.006185781186631894,0.0055000000000000075,0.012773127173005735,0.008984554647962363,0.011941407882750797,0.008314144574157958,0.007083823512451146,0.0049131343243278645,0.0048762462794425645,0.005686240703077305,0.0076057361394030925,0.00866826908263056,0.005654398484562445,0.007295356209413073,0.006343194077995027,0.004244277192748959,0.004128155358833617,0.004128155358833617,0.004389064694087913,0.006081620763506299,0.006163287362366842,0.0032871804872193415,0.005246692079565747,0.005113978664188766,0.005884301147969922,0.006987091272084878,0.006711308863900306,0.006711308863900306,0.006746398216003052,0.007930251502246872,0.007951240294584373,0.0076937925917225074,0.00745169630203606,0.007876653265611377,0.007876653265611377,0.007876653265611377,0.00833583295844577,0.00820145651021139,0.00884040597358388,0.00859828794328007,0.009858019859766726,0.009858019859766726,0.009858019859766726,0.009826975345671937,0.009826975345671937,0.009826975345671937,0.008820745748266138,0.008820745748266138,0.007726217990999495,0.00788810637746614,0.005474689235218948,0.005474689235218948,0.005474689235218948,0.006305861470797547,0.006305861470797547,0.006305861470797547,0.0058535364429453335,0.0058535364429453335,0.0058535364429453335,0.0058535364429453335,0.0058535364429453335,0.0058535364429453335,0.0058535364429453335,0.0058535364429453335,0.0058535364429453335,0.0058535364429453335,0.005455629101110983,0.0062438858983097315,0.0062438858983097315,0.0062438858983097315,0.0062438858983097315,0.0062438858983097315,0.0062438858983097315,0.0062438858983097315,0.0062438858983097315,0.0062438858983097315,0.006149751575831698,0.006149751575831698,0.006149751575831698,0.006149751575831698,0.006149751575831698,0.006149751575831698,0.006149751575831698,0.006149751575831698,0.006149751575831698,0.006149751575831698,0.006149751575831698,0.006149751575831698,0.006149751575831698,0.005246692079565712

mean_time: , 7703.2592464447025
best_solution: , 0.9683333333333334
worst_solution: , 0.9841666666666666
mean_solution: , 0.9774166666666666
std_solution: , 0.005246692079565712



solutions runs are : 



0.9683333333333334

0.9804166666666667

0.9775

0.9766666666666667

0.9841666666666666

