# Scenario 454
Mean curve: 0.7191111111111111,0.7277777777777777,0.73,0.7305555555555555,0.7305555555555555,0.7305555555555555,0.7305555555555555,0.7305555555555555,0.7305555555555555,0.7305555555555555,0.7305555555555555,0.731,0.7316666666666667,0.7316666666666667,0.7316666666666667,0.7317777777777777,0.7344444444444445,0.7344444444444445,0.7344444444444445,0.7344444444444445,0.7344444444444445,0.7344444444444445,0.7344444444444445,0.735,0.735,0.7352222222222222,0.7352222222222222,0.7352222222222222,0.7352222222222222,0.7353333333333334,0.7353333333333334,0.7354444444444443,0.7354444444444443,0.7354444444444443,0.7354444444444443,0.7354444444444443,0.7354444444444443,0.7354444444444443,0.7354444444444443,0.7354444444444443,0.7354444444444443,0.7354444444444443,0.7354444444444443,0.7354444444444443,0.7354444444444443,0.7354444444444443,0.7354444444444443,0.7354444444444443,0.7354444444444443,0.7354444444444443,0.7354444444444443,0.7354444444444443,0.7354444444444443,0.7354444444444443,0.7354444444444443,0.7354444444444443,0.7354444444444443,0.7354444444444443,0.7354444444444443,0.7354444444444443,0.7354444444444443,0.7354444444444443,0.7354444444444443,0.7354444444444443,0.7354444444444443,0.7366666666666666,0.7366666666666666,0.7366666666666666,0.7376666666666666,0.7376666666666666,0.7376666666666666,0.7376666666666666,0.7376666666666666,0.7376666666666666,0.7376666666666666,0.7376666666666666,0.7376666666666666,0.7376666666666666,0.7376666666666666,0.7376666666666666,0.7376666666666666,0.7376666666666666,0.7376666666666666,0.7376666666666666,0.7376666666666666,0.7376666666666666,0.7376666666666666,0.7376666666666666,0.7376666666666666,0.7376666666666666,0.7376666666666666,0.7376666666666666,0.7376666666666666,0.7376666666666666,0.7376666666666666,0.7376666666666666,0.7376666666666666,0.7376666666666666,0.7376666666666666,0.7376666666666666
Std curve: 0.008473633762194479,0.008111872110419532,0.007140564005804261,0.006314787661503459,0.006314787661503459,0.006314787661503459,0.006314787661503459,0.006314787661503459,0.006314787661503459,0.006314787661503459,0.006314787661503459,0.0064156444592231125,0.005522121617684066,0.005522121617684066,0.005522121617684066,0.005390893098092528,0.003478327964999667,0.003478327964999667,0.003478327964999667,0.003478327964999667,0.003478327964999667,0.003478327964999667,0.003478327964999667,0.003565957007973604,0.003565957007973604,0.003593547028621388,0.003593547028621388,0.003593547028621388,0.003593547028621388,0.0036277394927365604,0.0036277394927365604,0.0036750745352313857,0.0036750745352313857,0.0036750745352313857,0.0036750745352313857,0.0036750745352313857,0.0036750745352313857,0.0036750745352313857,0.0036750745352313857,0.0036750745352313857,0.0036750745352313857,0.0036750745352313857,0.0036750745352313857,0.0036750745352313857,0.0036750745352313857,0.0036750745352313857,0.0036750745352313857,0.0036750745352313857,0.0036750745352313857,0.0036750745352313857,0.0036750745352313857,0.0036750745352313857,0.0036750745352313857,0.0036750745352313857,0.0036750745352313857,0.0036750745352313857,0.0036750745352313857,0.0036750745352313857,0.0036750745352313857,0.0036750745352313857,0.0036750745352313857,0.0036750745352313857,0.0036750745352313857,0.0036750745352313857,0.0036750745352313857,0.004881307252553058,0.004881307252553058,0.004881307252553058,0.003807075933113726,0.003807075933113726,0.003807075933113726,0.003807075933113726,0.003807075933113726,0.003807075933113726,0.003807075933113726,0.003807075933113726,0.003807075933113726,0.003807075933113726,0.003807075933113726,0.003807075933113726,0.003807075933113726,0.003807075933113726,0.003807075933113726,0.003807075933113726,0.003807075933113726,0.003807075933113726,0.003807075933113726,0.003807075933113726,0.003807075933113726,0.003807075933113726,0.003807075933113726,0.003807075933113726,0.003807075933113726,0.003807075933113726,0.003807075933113726,0.003807075933113726,0.003807075933113726,0.003807075933113726,0.003807075933113726,0.003807075933113726

mean_time: , 10683.2000998497
best_solution: , 0.7327777777777778
worst_solution: , 0.7433333333333333
mean_solution: , 0.7376666666666666
std_solution: , 0.003807075933113726



solutions runs are : 



0.7433333333333333

0.735

0.7366666666666667

0.7327777777777778

0.7405555555555555

