# Scenario 283
Mean curve: 0.4973696117269565,0.5011917160536601,0.5027812751489404,0.5096190065001472,0.5146775634081797,0.5164961554009407,0.5203647906927142,0.5203647906927142,0.5215330229777481,0.5239987011382189,0.5302130386079434,0.5302130386079434,0.5303284502804375,0.5311117365953133,0.5311117365953133,0.5311654186959613,0.532775112670028,0.532775112670028,0.5334299890392571,0.5393301579246027,0.5393301579246027,0.5405377451304717,0.5405377451304717,0.5405377451304717,0.5410404738360615,0.5419225685485678,0.5419225685485678,0.542135285825282,0.544060372357699,0.5445103247954008,0.545369456321057,0.546386216258343,0.5470688113168904,0.5471030510977729,0.5471030510977729,0.5487061740485301,0.5489950976342046,0.5489950976342046,0.5515067310789622,0.5515067310789622,0.5524461912024519,0.5557344979227481,0.5563279412344613,0.5573615831823469,0.5585550306815616,0.5597424608987887,0.5597424608987887,0.5601839654682261,0.5601839654682261,0.5606674171447412,0.5611695291132754,0.5627650762045486,0.5635804909644118,0.5635804909644118,0.566133237319413,0.566133237319413,0.566133237319413,0.5669484934829196,0.5675434440075142,0.5675434440075142,0.5675434440075142,0.5688517078378154,0.5691642936216604,0.5691642936216604,0.5696443767070096,0.5705454288856826,0.5724118858779973,0.5730480522808874,0.5730480522808874,0.5731673431354298,0.5731673431354298,0.5731673431354298,0.5734769182451754,0.5734769182451754,0.5743180067046182,0.5743180067046182,0.5743180067046182,0.5743180067046182,0.5743180067046182,0.5746001392450453,0.577730764721137,0.577730764721137,0.5781869835420486,0.5792197265444458,0.5811096949548715,0.5816805289879386,0.5830945273348953,0.5837256285901553,0.5837256285901553,0.5837256285901553,0.5837256285901553,0.5839970070920993,0.586141940966505,0.586141940966505,0.586141940966505,0.5872690800252222,0.5872690800252222,0.5872690800252222,0.5872690800252222,0.5876191309309189
Std curve: 0.004255369388937042,0.0026892611986606176,0.0029920369826274573,0.003395037620661777,0.0025954815492834522,0.001244152420387414,0.004328820213141917,0.004328820213141917,0.0039041966707017623,0.00514391129628798,0.005257777768549089,0.005257777768549089,0.005089976145558484,0.004115708584135811,0.004115708584135811,0.004062524611631966,0.004125855119260352,0.004125855119260352,0.003978546331663918,0.007106266925183161,0.007106266925183161,0.006454392045137963,0.006454392045137963,0.006454392045137963,0.006335568949720863,0.006925757346276749,0.006925757346276749,0.00660240304758878,0.0043845321839874165,0.004233687879848877,0.003411773916897612,0.0036105075039619496,0.004509799809850189,0.004482615298345487,0.004482615298345487,0.005711032811257286,0.005774096737020647,0.005774096737020647,0.004550562405386373,0.004550562405386373,0.005339950005313074,0.006064266201329646,0.006280460256784396,0.005474415613319777,0.00564598720567736,0.005357957345265126,0.005357957345265126,0.0055141618123414,0.0055141618123414,0.004608821943365825,0.004879726918368643,0.0023563046484447333,0.0025501852304899942,0.0025501852304899942,0.004372521969295623,0.004372521969295623,0.004372521969295623,0.004839690341291507,0.004104758386406514,0.004104758386406514,0.004104758386406514,0.003514792177878898,0.0035711109579989243,0.0035711109579989243,0.0040519336730128995,0.004073695430616575,0.0015253932452773918,0.0022012400299354314,0.0022012400299354314,0.0022869549066635428,0.0022869549066635428,0.0022869549066635428,0.002273032593431832,0.002273032593431832,0.002460594793806809,0.002460594793806809,0.002460594793806809,0.002460594793806809,0.002460594793806809,0.002601561946909873,0.00537195318196675,0.00537195318196675,0.004733778542378143,0.00455839434640249,0.004571930939999018,0.004812788624203686,0.006703861623930319,0.006277524612293304,0.006277524612293304,0.006277524612293304,0.006277524612293304,0.006433449603737844,0.005387360278600408,0.005387360278600408,0.005387360278600408,0.004877264800016743,0.004877264800016743,0.004877264800016743,0.004877264800016743,0.004425041740413398

mean_time: , 128080.12452583313
best_solution: , 0.5823105102156426
worst_solution: , 0.5943303624013506
mean_solution: , 0.5876191309309189
std_solution: , 0.004425041740413398



solutions runs are : 



0.5851651448540187

0.585135819790327

0.5911538173932551

0.5823105102156426

0.5943303624013506

