# Scenario 157
Mean curve: 0.7685000000000001,0.7895,0.7968333333333334,0.8005000000000001,0.8023333333333333,0.8073333333333335,0.8146666666666667,0.8171666666666667,0.8211666666666666,0.8226666666666667,0.8226666666666667,0.8268333333333334,0.8273333333333334,0.8273333333333334,0.8281666666666666,0.8283333333333334,0.8283333333333334,0.8293333333333333,0.8313333333333335,0.8321666666666667,0.8321666666666667,0.8324999999999999,0.8346666666666666,0.8346666666666666,0.8355,0.8385,0.8385,0.8391666666666667,0.843,0.843,0.843,0.843,0.8443333333333334,0.8443333333333334,0.8443333333333334,0.8453333333333333,0.8455,0.8455,0.8455,0.8455,0.8455,0.8455,0.8455,0.8456666666666667,0.8466666666666667,0.8466666666666667,0.8466666666666667,0.8466666666666667,0.8471666666666667,0.8471666666666667,0.8485000000000001,0.8485000000000001,0.8491666666666667,0.8491666666666667,0.8496666666666668,0.8496666666666668,0.8496666666666668,0.8496666666666668,0.8496666666666668,0.8496666666666668,0.8496666666666668,0.8498333333333334,0.8498333333333334,0.8498333333333334,0.852,0.8526666666666667,0.8526666666666667,0.8526666666666667,0.8526666666666667,0.8526666666666667,0.8545,0.8545,0.8545,0.8556666666666667,0.8556666666666667,0.8556666666666667,0.8556666666666667,0.8556666666666667,0.8556666666666667,0.8571666666666665,0.8571666666666665,0.8571666666666665,0.8571666666666665,0.8571666666666665,0.8571666666666665,0.8571666666666665,0.8583333333333332,0.8583333333333332,0.8583333333333332,0.8583333333333332,0.8583333333333332,0.8583333333333332,0.8593333333333332,0.8593333333333332,0.8598333333333332,0.8598333333333332,0.8598333333333332,0.8598333333333332,0.8598333333333332,0.8598333333333332
Std curve: 0.009738240771994373,0.011649988078200882,0.00890380692612872,0.006204836822995459,0.006859705209085588,0.006654154925892391,0.007257180352359083,0.009797958971132706,0.007023769168568478,0.007098513146348965,0.007098513146348965,0.0034318767136623154,0.002905932629027105,0.002905932629027105,0.002708012801545306,0.0027888667551135633,0.0027888667551135633,0.0018559214542766729,0.0029627314724385194,0.002273030282830963,0.002273030282830963,0.0019002923751652349,0.003894440481849311,0.003894440481849311,0.0035978388574871532,0.009270622656782263,0.009270622656782263,0.008803408430829517,0.009868580895391678,0.009868580895391678,0.009868580895391678,0.009868580895391678,0.009119576013536333,0.009119576013536333,0.009119576013536333,0.009046177830074638,0.008844332774281094,0.008844332774281094,0.008844332774281094,0.008844332774281094,0.008844332774281094,0.008844332774281094,0.008844332774281094,0.008650626181574009,0.007691987172809572,0.007691987172809572,0.007691987172809572,0.007691987172809572,0.008175165645620493,0.008175165645620493,0.006612278141625794,0.006612278141625794,0.007434902674398479,0.007434902674398479,0.007986099033807275,0.007986099033807275,0.007986099033807275,0.007986099033807275,0.007986099033807275,0.007986099033807275,0.007986099033807275,0.007806692285753556,0.007806692285753556,0.007806692285753556,0.009966610925150709,0.009345230512584138,0.009345230512584138,0.009345230512584138,0.009345230512584138,0.009345230512584138,0.011162934699760239,0.011162934699760239,0.011162934699760239,0.012664473494341896,0.012664473494341896,0.012664473494341896,0.012664473494341896,0.012664473494341896,0.012664473494341896,0.0113968806648525,0.0113968806648525,0.0113968806648525,0.0113968806648525,0.0113968806648525,0.0113968806648525,0.0113968806648525,0.010341394704992372,0.010341394704992372,0.010341394704992372,0.010341394704992372,0.010341394704992372,0.010341394704992372,0.009795123503276736,0.009795123503276736,0.009315459074988064,0.009315459074988064,0.009315459074988064,0.009315459074988064,0.009315459074988064,0.009315459074988064

mean_time: , 6629.6286646842955
best_solution: , 0.85
worst_solution: , 0.8733333333333333
mean_solution: , 0.8598333333333332
std_solution: , 0.009315459074988064



solutions runs are : 



0.8516666666666667

0.8558333333333333

0.8683333333333333

0.8733333333333333

0.85

