# Scenario 410
Mean curve: 0.7963333333333333,0.8116666666666668,0.8130000000000001,0.8130000000000001,0.8130000000000001,0.8130000000000001,0.8130000000000001,0.8130000000000001,0.8140000000000001,0.8140000000000001,0.8140000000000001,0.8140000000000001,0.8213333333333332,0.8213333333333332,0.8213333333333332,0.8213333333333332,0.8220000000000001,0.8220000000000001,0.8220000000000001,0.8220000000000001,0.8220000000000001,0.8220000000000001,0.8220000000000001,0.8220000000000001,0.8220000000000001,0.8220000000000001,0.8220000000000001,0.8220000000000001,0.8220000000000001,0.8220000000000001,0.8220000000000001,0.8220000000000001,0.8220000000000001,0.8220000000000001,0.8220000000000001,0.8220000000000001,0.8230000000000001,0.8230000000000001,0.8230000000000001,0.8230000000000001,0.8230000000000001,0.8230000000000001,0.8230000000000001,0.8230000000000001,0.8230000000000001,0.8230000000000001,0.8230000000000001,0.8230000000000001,0.8230000000000001,0.8230000000000001,0.8230000000000001,0.8230000000000001,0.8230000000000001,0.8230000000000001,0.8230000000000001,0.8230000000000001,0.8230000000000001,0.8230000000000001,0.8230000000000001,0.8230000000000001,0.8230000000000001,0.8230000000000001,0.8230000000000001,0.8233333333333335,0.8233333333333335,0.8233333333333335,0.8233333333333335,0.8233333333333335,0.8233333333333335,0.8233333333333335,0.8233333333333335,0.8233333333333335,0.8233333333333335,0.8233333333333335,0.8233333333333335,0.8233333333333335,0.8233333333333335,0.8353333333333334,0.8353333333333334,0.8353333333333334,0.8353333333333334,0.8353333333333334,0.8360000000000001,0.8360000000000001,0.8360000000000001,0.8360000000000001,0.8360000000000001,0.8360000000000001,0.8360000000000001,0.8366666666666667,0.8380000000000001,0.8380000000000001,0.8380000000000001,0.8383333333333333,0.8383333333333333,0.8383333333333333,0.8383333333333333,0.8383333333333333,0.8383333333333333,0.8383333333333333
Std curve: 0.012036980056845214,0.011642832797715332,0.011756794725698943,0.011756794725698943,0.011756794725698943,0.011756794725698943,0.011756794725698943,0.011756794725698943,0.010624918300339495,0.010624918300339495,0.010624918300339495,0.010624918300339495,0.024729649321321875,0.024729649321321875,0.024729649321321875,0.024729649321321875,0.024639624816768433,0.024639624816768433,0.024639624816768433,0.024639624816768433,0.024639624816768433,0.024639624816768433,0.024639624816768433,0.024639624816768433,0.024639624816768433,0.024639624816768433,0.024639624816768433,0.024639624816768433,0.024639624816768433,0.024639624816768433,0.024639624816768433,0.024639624816768433,0.024639624816768433,0.024639624816768433,0.024639624816768433,0.024639624816768433,0.02395365896429557,0.02395365896429557,0.02395365896429557,0.02395365896429557,0.02395365896429557,0.02395365896429557,0.02395365896429557,0.02395365896429557,0.02395365896429557,0.02395365896429557,0.02395365896429557,0.02395365896429557,0.02395365896429557,0.02395365896429557,0.02395365896429557,0.02395365896429557,0.02395365896429557,0.02395365896429557,0.02395365896429557,0.02395365896429557,0.02395365896429557,0.02395365896429557,0.02395365896429557,0.02395365896429557,0.02395365896429557,0.02395365896429557,0.02395365896429557,0.023758039574940607,0.023758039574940607,0.023758039574940607,0.023758039574940607,0.023758039574940607,0.023758039574940607,0.023758039574940607,0.023758039574940607,0.023758039574940607,0.023758039574940607,0.023758039574940607,0.023758039574940607,0.023758039574940607,0.023758039574940607,0.04754413154580117,0.04754413154580117,0.04754413154580117,0.04754413154580117,0.04754413154580117,0.04715930449020639,0.04715930449020639,0.04715930449020639,0.04715930449020639,0.04715930449020639,0.04715930449020639,0.04715930449020639,0.046809305817445225,0.04612061481714129,0.04612061481714129,0.04612061481714129,0.04597100535482484,0.04597100535482484,0.04597100535482484,0.04597100535482484,0.04597100535482484,0.04597100535482484,0.04597100535482484

mean_time: , 4926.017208194733
best_solution: , 0.81
worst_solution: , 0.93
mean_solution: , 0.8383333333333333
std_solution: , 0.04597100535482484



solutions runs are : 



0.93

0.8133333333333334

0.8183333333333334

0.81

0.82

