# Scenario 60
Mean curve: 0.5971846087106979,0.6114346326240334,0.6197538705563026,0.6315636670522586,0.6389504341008321,0.646087032637249,0.6528420224467855,0.6668337764081091,0.6729388680575512,0.6775980405583739,0.685672514131116,0.6900205499390094,0.6974310798351598,0.7010708175316747,0.7036385820876553,0.7072681914595412,0.7088075668426209,0.7110120728330928,0.7151296948376782,0.7169881926517123,0.7224938754362644,0.7240967619683144,0.7269097385620171,0.7290398728005576,0.7353067777805028,0.737056462783061,0.7385778949463899,0.7401089728921617,0.7420345933188063,0.7467515357189092,0.7491130744443594,0.7518451628462863,0.7524945270985779,0.7543281672688725,0.7577005869519857,0.7577365581145695,0.758866418563171,0.7611290642372529,0.7615822276516709,0.7636358902489004,0.7648569574624899,0.7648569574624899,0.7670455257191054,0.767993301864909,0.7682283394724058,0.7684958700779851,0.7701673453996037,0.7746729396531105,0.7757221373203507,0.7795373068530893,0.7795373068530893,0.7807009049443312,0.7807009049443312,0.7807009049443312,0.7807009049443312,0.7807009049443312,0.7807009049443312,0.7807009049443312,0.7807009049443312,0.7808980651761626,0.7808980651761626,0.7808980651761626,0.7818527846801487,0.7820877281824119,0.7828795624523843,0.7828795624523843,0.7844600604114497,0.7844600604114497,0.7844600604114497,0.7844600604114497,0.7844600604114497,0.7844600604114497,0.7855145065146601,0.7855145065146601,0.7855145065146601,0.7855145065146601,0.7860385412994016,0.7865095655006158,0.7873068242421362,0.7873068242421362,0.7878635510974209,0.7878635510974209,0.7887334782869069,0.7900620337831682,0.7907582037813019,0.7907582037813019,0.7907582037813019,0.7907582037813019,0.7907582037813019,0.7914335209071867,0.7918324830882448,0.7918324830882448,0.7918324830882448,0.7918324830882448,0.7918324830882448,0.7918324830882448,0.7918324830882448,0.7918324830882448,0.7918324830882448,0.7918324830882448
Std curve: 0.002979968072339682,0.0029595495483240924,0.0027000029853597378,0.010061975900086007,0.0071340933280356535,0.008594673770216572,0.007582018654180836,0.005964861598872708,0.00548102002817339,0.008225359795441383,0.006286620309619813,0.00998858278925084,0.009524059758303696,0.007073818462514979,0.004245836511734248,0.007003456971397662,0.007817250086623883,0.008232646892805907,0.007329288805019645,0.009463415459894587,0.010889302688507052,0.00959320909292118,0.007977753172068312,0.006970722393520255,0.00480019980465571,0.005224674686388075,0.005282122198966115,0.0052011483170337405,0.006057357216578229,0.005769920968998147,0.004936475010358463,0.006959636227374137,0.007194905790471917,0.0059362578188351545,0.0069950825051917215,0.00702001030130934,0.007940604763367854,0.007215906793100351,0.007683292607722823,0.008879233616175064,0.006779544561692743,0.006779544561692743,0.00695890692854421,0.00808693799371377,0.008259050446631942,0.008482452826761386,0.00798563639716297,0.005261959753078705,0.004788597288964531,0.005404618154791094,0.005404618154791094,0.004218287214486133,0.004218287214486133,0.004218287214486133,0.004218287214486133,0.004218287214486133,0.004218287214486133,0.004218287214486133,0.004218287214486133,0.004114945493924268,0.004114945493924268,0.004114945493924268,0.0031724123990676855,0.0029992443906902942,0.003341928553964553,0.003341928553964553,0.006096754186250401,0.006096754186250401,0.006096754186250401,0.006096754186250401,0.006096754186250401,0.006096754186250401,0.005727933359478283,0.005727933359478283,0.005727933359478283,0.005727933359478283,0.005866001838579729,0.00590273565355951,0.006041036481346968,0.006041036481346968,0.006177774782884622,0.006177774782884622,0.005273135977419219,0.004865078162753412,0.005117238112286636,0.005117238112286636,0.005117238112286636,0.005117238112286636,0.005117238112286636,0.005199805987972332,0.00446231596564193,0.00446231596564193,0.00446231596564193,0.00446231596564193,0.00446231596564193,0.00446231596564193,0.00446231596564193,0.00446231596564193,0.00446231596564193,0.00446231596564193

mean_time: , 91356.17584757805
best_solution: , 0.7837000891474687
worst_solution: , 0.7969268709096082
mean_solution: , 0.7918324830882448
std_solution: , 0.00446231596564193



solutions runs are : 



0.7969268709096082

0.7837000891474687

0.793414863593603

0.7911621990860697

0.7939583927044742

