# Scenario 446
Mean curve: 0.7160555555555556,0.7172777777777778,0.7176111111111111,0.7194999999999999,0.7246666666666666,0.7246666666666666,0.7246666666666666,0.7246666666666666,0.7246666666666666,0.7246666666666666,0.7246666666666666,0.7246666666666666,0.7246666666666666,0.7246666666666666,0.7246666666666666,0.7246666666666666,0.7246666666666666,0.7246666666666666,0.7246666666666666,0.7246666666666666,0.7246666666666666,0.7246666666666666,0.7246666666666666,0.7246666666666666,0.725611111111111,0.725611111111111,0.725611111111111,0.725611111111111,0.7261666666666666,0.7261666666666666,0.7261666666666666,0.7261666666666666,0.7263333333333333,0.7263333333333333,0.7263333333333333,0.7263333333333333,0.7263333333333333,0.7263333333333333,0.7263333333333333,0.7263333333333333,0.7263333333333333,0.7263333333333333,0.7263333333333333,0.7263333333333333,0.7263888888888889,0.7263888888888889,0.7263888888888889,0.727111111111111,0.727111111111111,0.727111111111111,0.727111111111111,0.727111111111111,0.727111111111111,0.727111111111111,0.7271666666666666,0.7271666666666666,0.7281666666666666,0.7281666666666666,0.7281666666666666,0.7281666666666666,0.7281666666666666,0.7281666666666666,0.7281666666666666,0.7281666666666666,0.7281666666666666,0.7281666666666666,0.7298888888888888,0.7298888888888888,0.7298888888888888,0.7303888888888889,0.7310555555555556,0.7325,0.7325,0.7325,0.7325,0.7325,0.7325,0.7325,0.7356111111111112,0.7356111111111112,0.7356111111111112,0.7356111111111112,0.7356111111111112,0.7356111111111112,0.7356111111111112,0.7356111111111112,0.7356111111111112,0.7356111111111112,0.7356111111111112,0.7356111111111112,0.7356111111111112,0.7356111111111112,0.7356111111111112,0.7356111111111112,0.7356111111111112,0.7356111111111112,0.7356111111111112,0.7356111111111112,0.7356111111111112,0.7356111111111112
Std curve: 0.010838887465117514,0.009526441435276495,0.009131413693913053,0.007849667760524488,0.007910377618930353,0.007910377618930353,0.007910377618930353,0.007910377618930353,0.007910377618930353,0.007910377618930353,0.007910377618930353,0.007910377618930353,0.007910377618930353,0.007910377618930353,0.007910377618930353,0.007910377618930353,0.007910377618930353,0.007910377618930353,0.007910377618930353,0.007910377618930353,0.007910377618930353,0.007910377618930353,0.007910377618930353,0.007910377618930353,0.007776587210465495,0.007776587210465495,0.007776587210465495,0.007776587210465495,0.007108940640984203,0.007108940640984203,0.007108940640984203,0.007108940640984203,0.006930875632778095,0.006930875632778095,0.006930875632778095,0.006930875632778095,0.006930875632778095,0.006930875632778095,0.006930875632778095,0.006930875632778095,0.006930875632778095,0.006930875632778095,0.006930875632778095,0.006930875632778095,0.006865102302925253,0.006865102302925253,0.006865102302925253,0.0061302729885038786,0.0061302729885038786,0.0061302729885038786,0.0061302729885038786,0.0061302729885038786,0.0061302729885038786,0.0061302729885038786,0.006084284552724231,0.006084284552724231,0.005579393303006144,0.005579393303006144,0.005579393303006144,0.005579393303006144,0.005579393303006144,0.005579393303006144,0.005579393303006144,0.005579393303006144,0.005579393303006144,0.005579393303006144,0.006072097691108942,0.006072097691108942,0.006072097691108942,0.005210388483419263,0.004158881616047316,0.00285449612859225,0.00285449612859225,0.00285449612859225,0.00285449612859225,0.00285449612859225,0.00285449612859225,0.00285449612859225,0.00374495545474504,0.00374495545474504,0.00374495545474504,0.00374495545474504,0.00374495545474504,0.00374495545474504,0.00374495545474504,0.00374495545474504,0.00374495545474504,0.00374495545474504,0.00374495545474504,0.00374495545474504,0.00374495545474504,0.00374495545474504,0.00374495545474504,0.00374495545474504,0.00374495545474504,0.00374495545474504,0.00374495545474504,0.00374495545474504,0.00374495545474504,0.00374495545474504

mean_time: , 17169.467757749557
best_solution: , 0.7322222222222222
worst_solution: , 0.7427777777777778
mean_solution: , 0.7356111111111112
std_solution: , 0.00374495545474504



solutions runs are : 



0.7322222222222222

0.735

0.735

0.7427777777777778

0.7330555555555556

