# Scenario 468
Mean curve: 0.6830833333333333,0.687625,0.6882916666666666,0.6899166666666667,0.69025,0.69075,0.69075,0.69075,0.69075,0.69075,0.6933333333333332,0.6935833333333333,0.6935833333333333,0.6935833333333333,0.6935833333333333,0.6935833333333333,0.6935833333333333,0.6935833333333333,0.6937083333333334,0.6937083333333334,0.693875,0.6941666666666667,0.6943333333333335,0.6943333333333335,0.6943333333333335,0.6947500000000001,0.6947500000000001,0.6947500000000001,0.6947500000000001,0.6947500000000001,0.6947500000000001,0.6947500000000001,0.6947500000000001,0.6951666666666667,0.6951666666666667,0.6951666666666667,0.6951666666666667,0.6951666666666667,0.6951666666666667,0.6951666666666667,0.6951666666666667,0.6951666666666667,0.6951666666666667,0.6951666666666667,0.6963333333333332,0.6963333333333332,0.6963333333333332,0.6969583333333333,0.6969583333333333,0.6969583333333333,0.6969583333333333,0.6975416666666667,0.6975416666666667,0.6975416666666667,0.6975416666666667,0.6975416666666667,0.698375,0.698375,0.698375,0.6992499999999999,0.6996666666666667,0.6996666666666667,0.6996666666666667,0.6996666666666667,0.6996666666666667,0.6996666666666667,0.6996666666666667,0.6996666666666667,0.6996666666666667,0.6996666666666667,0.6996666666666667,0.6996666666666667,0.6996666666666667,0.69975,0.69975,0.69975,0.69975,0.69975,0.69975,0.69975,0.69975,0.69975,0.69975,0.69975,0.69975,0.6997916666666667,0.6997916666666667,0.6997916666666667,0.6997916666666667,0.6997916666666667,0.6997916666666667,0.6997916666666667,0.6997916666666667,0.6997916666666667,0.6997916666666667,0.6997916666666667,0.6997916666666667,0.6997916666666667,0.6997916666666667,0.6997916666666667
Std curve: 0.007725094389930344,0.005897857426406841,0.00529740502510429,0.004674472638110589,0.00468337781710785,0.005417628119799727,0.005417628119799727,0.005417628119799727,0.005417628119799727,0.005417628119799727,0.0035133673306388,0.0032686431095758925,0.0032686431095758925,0.0032686431095758925,0.0032686431095758925,0.0032686431095758925,0.0032686431095758925,0.0032686431095758925,0.003196134818460868,0.003196134818460868,0.003128054063187268,0.0028043864450773277,0.002749368614387288,0.002749368614387288,0.002749368614387288,0.0024202559552429473,0.0024202559552429473,0.0024202559552429473,0.0024202559552429473,0.0024202559552429473,0.0024202559552429473,0.0024202559552429473,0.0024202559552429473,0.0023913908087136327,0.0023913908087136327,0.0023913908087136327,0.0023913908087136327,0.0023913908087136327,0.0023913908087136327,0.0023913908087136327,0.0023913908087136327,0.0023913908087136327,0.0023913908087136327,0.0023913908087136327,0.0019921721813136797,0.0019921721813136797,0.0019921721813136797,0.0014288690166235395,0.0014288690166235395,0.0014288690166235395,0.0014288690166235395,0.0017500000000000176,0.0017500000000000176,0.0017500000000000176,0.0017500000000000176,0.0017500000000000176,0.001396921217853365,0.001396921217853365,0.001396921217853365,0.0007523112535528327,0.0010913167378090902,0.0010913167378090902,0.0010913167378090902,0.0010913167378090902,0.0010913167378090902,0.0010913167378090902,0.0010913167378090902,0.0010913167378090902,0.0010913167378090902,0.0010913167378090902,0.0010913167378090902,0.0010913167378090902,0.0010913167378090902,0.0009628516673576173,0.0009628516673576173,0.0009628516673576173,0.0009628516673576173,0.0009628516673576173,0.0009628516673576173,0.0009628516673576173,0.0009628516673576173,0.0009628516673576173,0.0009628516673576173,0.0009628516673576173,0.0009628516673576173,0.0009501461875826174,0.0009501461875826174,0.0009501461875826174,0.0009501461875826174,0.0009501461875826174,0.0009501461875826174,0.0009501461875826174,0.0009501461875826174,0.0009501461875826174,0.0009501461875826174,0.0009501461875826174,0.0009501461875826174,0.0009501461875826174,0.0009501461875826174,0.0009501461875826174

mean_time: , 27313.91690635681
best_solution: , 0.6983333333333334
worst_solution: , 0.70125
mean_solution: , 0.6997916666666667
std_solution: , 0.0009501461875826174



solutions runs are : 



0.6995833333333333

0.6995833333333333

0.6983333333333334

0.70125

0.7002083333333333

