# Scenario 3
Mean curve: 0.7021263938955109,0.7301788883968114,0.7577497140431103,0.7937616009735582,0.806923999869734,0.8277061988893977,0.8384558187132379,0.8538626767119555,0.8672798469490927,0.8828083611634667,0.8927100406506343,0.8992424385976208,0.9051204426768337,0.9166505913933098,0.9211964911536323,0.9267101304319338,0.9270367146652067,0.9303451589457479,0.937272418154464,0.9428294415261824,0.9470678945922122,0.9478550317713432,0.9504059621297246,0.9537749292017084,0.9579417944343509,0.9596932483536845,0.9602091898170734,0.9602091898170734,0.9602091898170734,0.9634290292965216,0.9634290292965216,0.9634290292965216,0.9640682720210781,0.9640682720210781,0.9664302798879278,0.9664302798879278,0.9666430958457392,0.9675646994660745,0.9675646994660745,0.9675746104756412,0.9675746104756412,0.9678166978782785,0.9694752347195147,0.9694752347195147,0.9704823839606369,0.9710686950640456,0.9710686950640456,0.9710686950640456,0.9726068342714906,0.9726068342714906,0.9736719728366292,0.9738234657551844,0.9738234657551844,0.9738234657551844,0.9738234657551844,0.9738234657551844,0.9742877769718978,0.9742877769718978,0.9742877769718978,0.9751232184763875,0.9751232184763875,0.9751232184763875,0.9751232184763875,0.9751232184763875,0.9751232184763875,0.9751232184763875,0.9751232184763875,0.9751494896445676,0.9751494896445676,0.9751494896445676,0.9751494896445676,0.9751494896445676,0.9751494896445676,0.9751494896445676,0.9754911773662519,0.9759153636727911,0.9759153636727911,0.9759153636727911,0.9759153636727911,0.9759153636727911,0.9759153636727911,0.9759153636727911,0.9759153636727911,0.9759153636727911,0.9759153636727911,0.9759153636727911,0.9759153636727911,0.9761919843171704,0.9761919843171704,0.9761919843171704,0.9761919843171704,0.9761919843171704,0.9761919843171704,0.9769809801133397,0.9769809801133397,0.9776864103421066,0.9776864103421066,0.9778427380488054,0.9778427380488054,0.9778427380488054
Std curve: 0.01523335336021565,0.021416483357045327,0.008478301288385316,0.0079102985567661,0.004844301884442185,0.010435227397825602,0.012248152101431736,0.007131532065516648,0.011012983556960235,0.01027096485694549,0.008407750577030363,0.012381997924628012,0.008492590118319378,0.012673138300430169,0.010993648458112014,0.007324058482661854,0.00733233929855727,0.008504530167876206,0.006333659828318206,0.004649636549890327,0.0067626728534573065,0.007286400973236207,0.007995950071594255,0.004043270187672616,0.0016314867039376121,0.003594797383123803,0.003657832384159966,0.003657832384159966,0.003657832384159966,0.004863748514274305,0.004863748514274305,0.004863748514274305,0.004234048109437665,0.004234048109437665,0.006688497542360732,0.006688497542360732,0.0065920596380400565,0.006141028984679544,0.006141028984679544,0.006139006849856165,0.006139006849856165,0.005834105598848282,0.005921370935550293,0.005921370935550293,0.005311447769369829,0.004398138003963773,0.004398138003963773,0.004398138003963773,0.004768308450663153,0.004768308450663153,0.004701137362539985,0.00476943068903875,0.00476943068903875,0.00476943068903875,0.00476943068903875,0.00476943068903875,0.003888181961437831,0.003888181961437831,0.003888181961437831,0.002394482576410676,0.002394482576410676,0.002394482576410676,0.002394482576410676,0.002394482576410676,0.002394482576410676,0.002394482576410676,0.002394482576410676,0.002378822738576058,0.002378822738576058,0.002378822738576058,0.002378822738576058,0.002378822738576058,0.002378822738576058,0.002378822738576058,0.002624017091482249,0.0031157341032648114,0.0031157341032648114,0.0031157341032648114,0.0031157341032648114,0.0031157341032648114,0.0031157341032648114,0.0031157341032648114,0.0031157341032648114,0.0031157341032648114,0.0031157341032648114,0.0031157341032648114,0.0031157341032648114,0.002971895594932715,0.002971895594932715,0.002971895594932715,0.002971895594932715,0.002971895594932715,0.002971895594932715,0.004180196441874696,0.004180196441874696,0.004110830994298136,0.004110830994298136,0.00435680557791829,0.00435680557791829,0.00435680557791829

mean_time: , 7952.071948909759
best_solution: , 0.9711776626885836
worst_solution: , 0.9848171152518979
mean_solution: , 0.9778427380488054
std_solution: , 0.00435680557791829



solutions runs are : 



0.9848171152518979

0.9786896395375199

0.9767861167455488

0.9777431560204763

0.9711776626885836

