# Scenario 99
Mean curve: 0.7224999999999999,0.7327,0.7468000000000001,0.754,0.7579,0.7666999999999999,0.7743,0.7787,0.7903,0.7938000000000001,0.7999,0.8130000000000001,0.8165000000000001,0.8206999999999999,0.8247000000000002,0.827,0.8307,0.8343999999999999,0.8394999999999999,0.8426,0.8436999999999999,0.8447000000000001,0.8482000000000001,0.8511000000000001,0.8526,0.8562000000000001,0.8569000000000001,0.861,0.8625999999999999,0.8654,0.8667999999999999,0.8686999999999999,0.869,0.8693,0.8714000000000001,0.8721,0.8754,0.876,0.876,0.8764,0.877,0.8783999999999998,0.8815000000000002,0.8833,0.8833,0.8846,0.8846,0.8850999999999999,0.8850999999999999,0.8853,0.8859999999999999,0.8869,0.8870000000000001,0.8878,0.8884000000000001,0.8895,0.8916999999999999,0.8919,0.8921000000000001,0.8921000000000001,0.8921000000000001,0.8921000000000001,0.8926999999999999,0.8946999999999999,0.8946999999999999,0.8955,0.8955,0.8958,0.8958,0.8960000000000001,0.8965,0.8965,0.8965,0.8965,0.8966,0.8978999999999999,0.8978999999999999,0.8978999999999999,0.8978999999999999,0.8979999999999999,0.8996999999999999,0.8996999999999999,0.8996999999999999,0.8996999999999999,0.8996999999999999,0.9007999999999999,0.9016,0.9016,0.9020999999999999,0.9020999999999999,0.9020999999999999,0.9020999999999999,0.9020999999999999,0.9020999999999999,0.9020999999999999,0.9020999999999999,0.9037,0.9037,0.9037,0.9037
Std curve: 0.00666333249958309,0.0059715994507334395,0.005732364259186599,0.002144761058952734,0.00554436651025164,0.010632967600815899,0.00785238817176025,0.008663717446916182,0.010032945728947232,0.010151847122568383,0.009650906693155823,0.006819090848492902,0.007854934754662181,0.00783964284900785,0.010856334556377667,0.008689073598491385,0.00876127844552382,0.007179136438319038,0.009402127418834536,0.006445153217728821,0.007984985911070854,0.007345747068882782,0.007533923280734938,0.010580170130957252,0.009866103587536474,0.007242927584892714,0.00700285656000463,0.005147815070493491,0.003967366884975461,0.0035972211497209998,0.003558089374931462,0.004032369030731207,0.004171330722922862,0.004081666326391724,0.004694677837722186,0.00387814388593303,0.0053795910625250775,0.006426507605223825,0.006426507605223825,0.007151223671512424,0.006655824516917479,0.006398437309218538,0.004636809247747839,0.003443835071544498,0.003443835071544498,0.003006659275674589,0.003006659275674589,0.0033823069050575557,0.0033823069050575557,0.003600000000000003,0.004560701700396573,0.0039924929555354444,0.00386005181312376,0.003668787265568824,0.004597825573029061,0.004939635614091385,0.0025019992006393792,0.0024779023386727944,0.0023958297101422076,0.0023958297101422076,0.0023958297101422076,0.0023958297101422076,0.0026570660511173105,0.0038288379438153435,0.0038288379438153435,0.0037013511046643586,0.0037013511046643586,0.004057092555020181,0.004057092555020181,0.004324349662087953,0.005069516742254635,0.005069516742254635,0.005069516742254635,0.005069516742254635,0.004913247398615286,0.004374928570845468,0.004374928570845468,0.004374928570845468,0.004374928570845468,0.004335896677735761,0.004154515615568187,0.004154515615568187,0.004154515615568187,0.004154515615568187,0.004154515615568187,0.004019950248448349,0.0034409301068170388,0.0034409301068170388,0.002870540018881467,0.002870540018881467,0.002870540018881467,0.002870540018881467,0.002870540018881467,0.002870540018881467,0.002870540018881467,0.002870540018881467,0.004445222154178577,0.004445222154178577,0.004445222154178577,0.004445222154178577

mean_time: , 13239.976754522324
best_solution: , 0.8995
worst_solution: , 0.9105
mean_solution: , 0.9037
std_solution: , 0.004445222154178577



solutions runs are : 



0.9005

0.9105

0.9005

0.8995

0.9075

