# Scenario 394
Mean curve: 0.6988666666666667,0.7072666666666667,0.7072666666666667,0.7089333333333333,0.7095333333333333,0.7130000000000001,0.7130000000000001,0.7134,0.7145999999999999,0.7150666666666667,0.716,0.7160666666666666,0.7160666666666666,0.7176666666666668,0.7185333333333335,0.7203333333333334,0.7203333333333334,0.7225333333333335,0.7225333333333335,0.7225333333333335,0.7234666666666667,0.7234666666666667,0.7234666666666667,0.7248000000000001,0.7248000000000001,0.7248000000000001,0.726,0.7262666666666666,0.7267333333333333,0.7267333333333333,0.7269333333333334,0.7270666666666667,0.7296666666666667,0.7296666666666667,0.7302,0.7320666666666666,0.7324666666666667,0.733,0.7331333333333333,0.7331333333333333,0.7331333333333333,0.7337333333333333,0.7337333333333333,0.7337333333333333,0.7337333333333333,0.7337333333333333,0.7337333333333333,0.7337333333333333,0.7343999999999999,0.7343999999999999,0.7354666666666667,0.7354666666666667,0.7374,0.7388,0.7397333333333334,0.7397333333333334,0.7397333333333334,0.7401333333333333,0.7401333333333333,0.7405333333333333,0.7406,0.7406,0.7406,0.7406,0.7406666666666667,0.7406666666666667,0.741,0.741,0.7414666666666667,0.7414666666666667,0.7414666666666667,0.7416,0.7416,0.7416,0.7416,0.7416,0.7416,0.7418,0.7418,0.7418,0.7437333333333334,0.7437333333333334,0.7441333333333333,0.7449333333333332,0.7450666666666667,0.7451333333333333,0.7451333333333333,0.7453333333333333,0.7461333333333333,0.7461333333333333,0.7461333333333333,0.7466,0.7466,0.7469333333333334,0.7469333333333334,0.7472666666666667,0.7473333333333334,0.7473333333333334,0.7474000000000001,0.748
Std curve: 0.008505161831369125,0.005118159391378467,0.005118159391378467,0.005732558087121527,0.00545934469001952,0.006384007797266191,0.006384007797266191,0.005662351298022951,0.005801915392542551,0.005782732917920401,0.006352602266438188,0.006223253882727999,0.006223253882727999,0.00482124926180387,0.005230678732248813,0.004242640687119289,0.004242640687119289,0.002785677655436826,0.002785677655436826,0.002785677655436826,0.004494935421609995,0.004494935421609995,0.004494935421609995,0.004036500134192133,0.004036500134192133,0.004036500134192133,0.004462186808181723,0.004493946545694047,0.003979949748426473,0.003979949748426473,0.003963163719387151,0.003974362282877027,0.007001587121661933,0.007001587121661933,0.006641954197038358,0.006913432979031135,0.006688630485964795,0.006866990283636299,0.006936537721050421,0.006936537721050421,0.006936537721050421,0.007361763073853665,0.007361763073853665,0.007361763073853665,0.007361763073853665,0.007361763073853665,0.007361763073853665,0.007361763073853665,0.007767167365834765,0.007767167365834765,0.007526545614615554,0.007526545614615554,0.007131775530835362,0.00574494947274948,0.006932692278056375,0.006932692278056375,0.006932692278056375,0.007526545614615592,0.007526545614615592,0.007526545614615589,0.0074158988366586735,0.0074158988366586735,0.0074158988366586735,0.0074158988366586735,0.007423685817106691,0.007423685817106691,0.00687992248018345,0.00687992248018345,0.007626270385975054,0.007626270385975054,0.007626270385975054,0.007427875425270221,0.007427875425270221,0.007427875425270221,0.007427875425270221,0.007427875425270221,0.007427875425270221,0.007395494123676474,0.007395494123676474,0.007395494123676474,0.0077900221080844404,0.0077900221080844404,0.007690109087508296,0.00823920168732653,0.008357032966310473,0.008429050295785924,0.008429050295785924,0.008387821860027515,0.009054403471362544,0.009054403471362544,0.009054403471362544,0.00827150396105677,0.00827150396105677,0.00871881745294498,0.00871881745294498,0.008647157529115181,0.008542703189142065,0.008542703189142065,0.008634298530344614,0.009138441393974753

mean_time: , 18049.137893533705
best_solution: , 0.734
worst_solution: , 0.7593333333333333
mean_solution: , 0.748
std_solution: , 0.009138441393974753



solutions runs are : 



0.745

0.7593333333333333

0.7566666666666667

0.745

0.734

