# Scenario 445
Mean curve: 0.7270555555555556,0.7270555555555556,0.7291666666666667,0.7295,0.7325555555555555,0.7325555555555555,0.7325555555555555,0.7325555555555555,0.7325555555555555,0.7325555555555555,0.7325555555555555,0.7326666666666666,0.7326666666666666,0.7326666666666666,0.7326666666666666,0.7326666666666666,0.7326666666666666,0.7326666666666666,0.7326666666666666,0.7326666666666666,0.7326666666666666,0.7326666666666666,0.7326666666666666,0.7326666666666666,0.733,0.733,0.733,0.733,0.733,0.733,0.733,0.733,0.7337777777777778,0.7337777777777778,0.7337777777777778,0.7337777777777778,0.7337777777777778,0.7337777777777778,0.7337777777777778,0.7337777777777778,0.7337777777777778,0.7337777777777778,0.7337777777777778,0.7337777777777778,0.7337777777777778,0.7337777777777778,0.7337777777777778,0.7337777777777778,0.7337777777777778,0.7337777777777778,0.7337777777777778,0.7337777777777778,0.7337777777777778,0.7337777777777778,0.7337777777777778,0.7337777777777778,0.7337777777777778,0.7337777777777778,0.7337777777777778,0.7337777777777778,0.7337777777777778,0.7338333333333333,0.7338333333333333,0.7338333333333333,0.7338333333333333,0.7343888888888888,0.7343888888888888,0.7343888888888888,0.7343888888888888,0.7343888888888888,0.7343888888888888,0.7343888888888888,0.7343888888888888,0.7343888888888888,0.7343888888888888,0.7343888888888888,0.7344999999999999,0.7344999999999999,0.7344999999999999,0.7344999999999999,0.7344999999999999,0.7344999999999999,0.7344999999999999,0.7344999999999999,0.7344999999999999,0.7344999999999999,0.7344999999999999,0.7344999999999999,0.7344999999999999,0.7344999999999999,0.7344999999999999,0.7344999999999999,0.7344999999999999,0.7344999999999999,0.7344999999999999,0.7344999999999999,0.7344999999999999,0.7344999999999999,0.7344999999999999,0.7344999999999999
Std curve: 0.005123776577852809,0.005123776577852809,0.0060476502936325635,0.006439174090127013,0.008466345867355,0.008466345867355,0.008466345867355,0.008466345867355,0.008466345867355,0.008466345867355,0.008466345867355,0.008276845585094988,0.008276845585094988,0.008276845585094988,0.008276845585094988,0.008276845585094988,0.008276845585094988,0.008276845585094988,0.008276845585094988,0.008276845585094988,0.008276845585094988,0.008276845585094988,0.008276845585094988,0.008276845585094988,0.007718824192425959,0.007718824192425959,0.007718824192425959,0.007718824192425959,0.007718824192425959,0.007718824192425959,0.007718824192425959,0.007718824192425959,0.0064969128471305615,0.0064969128471305615,0.0064969128471305615,0.0064969128471305615,0.0064969128471305615,0.0064969128471305615,0.0064969128471305615,0.0064969128471305615,0.0064969128471305615,0.0064969128471305615,0.0064969128471305615,0.0064969128471305615,0.0064969128471305615,0.0064969128471305615,0.0064969128471305615,0.0064969128471305615,0.0064969128471305615,0.0064969128471305615,0.0064969128471305615,0.0064969128471305615,0.0064969128471305615,0.0064969128471305615,0.0064969128471305615,0.0064969128471305615,0.0064969128471305615,0.0064969128471305615,0.0064969128471305615,0.0064969128471305615,0.0064969128471305615,0.006415163364065985,0.006415163364065985,0.006415163364065985,0.006415163364065985,0.00565303370974001,0.00565303370974001,0.00565303370974001,0.00565303370974001,0.00565303370974001,0.00565303370974001,0.00565303370974001,0.00565303370974001,0.00565303370974001,0.00565303370974001,0.00565303370974001,0.005514850881657069,0.005514850881657069,0.005514850881657069,0.005514850881657069,0.005514850881657069,0.005514850881657069,0.005514850881657069,0.005514850881657069,0.005514850881657069,0.005514850881657069,0.005514850881657069,0.005514850881657069,0.005514850881657069,0.005514850881657069,0.005514850881657069,0.005514850881657069,0.005514850881657069,0.005514850881657069,0.005514850881657069,0.005514850881657069,0.005514850881657069,0.005514850881657069,0.005514850881657069,0.005514850881657069

mean_time: , 17174.002522993087
best_solution: , 0.7277777777777777
worst_solution: , 0.7436111111111111
mean_solution: , 0.7344999999999999
std_solution: , 0.005514850881657069



solutions runs are : 



0.7322222222222222

0.7277777777777777

0.7313888888888889

0.7436111111111111

0.7375

