# Scenario 240
Mean curve: 0.6114267267291967,0.6173449809712839,0.6233431995753638,0.6261122640073965,0.6268476713905952,0.6285066341209471,0.6309245967997974,0.6371564480486616,0.6418389500667607,0.6455862510261372,0.6455862510261372,0.6540165847896128,0.6540165847896128,0.6540165847896128,0.6540165847896128,0.6540165847896128,0.6540165847896128,0.6552575687611625,0.6552575687611625,0.6552575687611625,0.6561713736898944,0.6561713736898944,0.6602751230663403,0.6612919194670057,0.6612919194670057,0.6612919194670057,0.6654834868111259,0.6655244601456491,0.6698848465200404,0.6698848465200404,0.6698848465200404,0.6730602808468757,0.6730602808468757,0.6756716356973456,0.6772433109793904,0.678177153376992,0.6789444620787503,0.6789444620787503,0.6789444620787503,0.6793446893480232,0.6793446893480232,0.6800441207846593,0.6802419929805787,0.6809281096015721,0.6809281096015721,0.6823166402702777,0.6823166402702777,0.6897017549639715,0.6908886463609991,0.6929603636570478,0.6941731279260651,0.6980005948074509,0.6985944495680534,0.6985944495680534,0.6985944495680534,0.6985944495680534,0.699777129940996,0.7001751206969393,0.701708027516297,0.701708027516297,0.7031971716062486,0.7031971716062486,0.7031971716062486,0.7034783464276554,0.705462497554123,0.7061464831290408,0.7062797927890164,0.7062797927890164,0.7076169023039844,0.7086839787657302,0.7086839787657302,0.7088435660221342,0.7134229193274034,0.7134229193274034,0.7134229193274034,0.7134229193274034,0.7134229193274034,0.7134229193274034,0.7155495991112695,0.7189045196661858,0.7204222118333989,0.7204222118333989,0.7207588541285562,0.7207588541285562,0.7207588541285562,0.7207588541285562,0.7233564364945648,0.724636175576619,0.7251077341385044,0.7260676875069718,0.7260676875069718,0.7260676875069718,0.7263920314399982,0.7264957361340608,0.7264957361340608,0.7267976733863852,0.7273597081746754,0.7281941704479171,0.7281941704479171,0.729048026971981
Std curve: 0.0029376885584878167,0.011444608533065372,0.01056808735819615,0.010674835155618746,0.010385016881132515,0.010722857677624063,0.0081669821042745,0.008824567100183318,0.007026353616904794,0.005178463542758452,0.005178463542758452,0.006374351897558785,0.006374351897558785,0.006374351897558785,0.006374351897558785,0.006374351897558785,0.006374351897558785,0.005644526827884853,0.005644526827884853,0.005644526827884853,0.004741912492582428,0.004741912492582428,0.005615796276175729,0.004854968105595061,0.004854968105595061,0.004854968105595061,0.004363764981827543,0.004336465053277537,0.009006999617038016,0.009006999617038016,0.009006999617038016,0.00958547030295974,0.00958547030295974,0.009173451164236127,0.010471723920620837,0.009490556868441039,0.008229729643796313,0.008229729643796313,0.008229729643796313,0.008625795809842046,0.008625795809842046,0.007588295799423505,0.007815330442982094,0.006936034137389829,0.006936034137389829,0.008188475085071265,0.008188475085071265,0.013484011669700159,0.014076434444249473,0.015327299792047916,0.013968888387103752,0.010398525031807451,0.010002103214900861,0.010002103214900861,0.010002103214900861,0.010002103214900861,0.009609388198736381,0.010135681382203674,0.008606562704715728,0.008606562704715728,0.007506647637500407,0.007506647637500407,0.007506647637500407,0.007749094342964611,0.006621272837951717,0.006435138067036209,0.006532553984714778,0.006532553984714778,0.006955329886714591,0.007949161023316506,0.007949161023316506,0.007676237182761722,0.00814825523623633,0.00814825523623633,0.00814825523623633,0.00814825523623633,0.00814825523623633,0.00814825523623633,0.008297361621041608,0.009031150280594067,0.011084030219439623,0.011084030219439623,0.01090883901718305,0.01090883901718305,0.01090883901718305,0.01090883901718305,0.0109610775468178,0.012432151779097678,0.012125550599721856,0.012005555911913067,0.012005555911913067,0.012005555911913067,0.011805270718416314,0.0119315889087453,0.0119315889087453,0.01194644756654195,0.011088334136928864,0.00991286383896071,0.00991286383896071,0.00887531205139284

mean_time: , 51395.8624979496
best_solution: , 0.7193406457210139
worst_solution: , 0.7411595651630638
mean_solution: , 0.729048026971981
std_solution: , 0.00887531205139284



solutions runs are : 



0.7370618208607035

0.7411595651630638

0.7279890798535708

0.7196890232615536

0.7193406457210139

