# Scenario 29
Mean curve: 0.7335,0.7588333333333332,0.7726666666666666,0.78125,0.8060833333333333,0.8123333333333334,0.8206666666666667,0.8314166666666665,0.8398333333333333,0.8464166666666667,0.8560833333333333,0.8647499999999999,0.8675833333333334,0.8753333333333334,0.8828333333333334,0.8855000000000001,0.8903333333333332,0.8955833333333334,0.8982500000000002,0.90075,0.9028333333333333,0.90575,0.9114166666666668,0.9125,0.9171666666666667,0.92325,0.9257500000000001,0.9298333333333334,0.93475,0.9363333333333334,0.9363333333333334,0.93675,0.9372499999999999,0.94025,0.94025,0.945,0.9477499999999999,0.9477499999999999,0.9477499999999999,0.9477499999999999,0.9481666666666667,0.9484999999999999,0.9485833333333332,0.9485833333333332,0.9496666666666667,0.9498333333333333,0.9516666666666665,0.953,0.9545833333333332,0.9545833333333332,0.9545833333333332,0.9545833333333332,0.9545833333333332,0.9551666666666666,0.95525,0.95525,0.95525,0.95525,0.95525,0.95525,0.95525,0.95525,0.95525,0.95525,0.95525,0.95525,0.95525,0.95525,0.95525,0.95525,0.95525,0.9565833333333332,0.9574166666666667,0.9574166666666667,0.9574166666666667,0.9574166666666667,0.9574166666666667,0.9574166666666667,0.9574166666666667,0.9574166666666667,0.9574166666666667,0.9574166666666667,0.9575833333333333,0.9585833333333333,0.9585833333333333,0.9585833333333333,0.9595,0.9595,0.9595,0.9595,0.9595,0.9602499999999999,0.9625833333333335,0.9626666666666667,0.9641666666666666,0.9641666666666666,0.9641666666666666,0.9641666666666666,0.9641666666666666,0.9641666666666666
Std curve: 0.013321870072261724,0.006154266812545586,0.010282806577540564,0.006754628043053148,0.008323327326122499,0.006874873736214295,0.005995368582868334,0.008525289177239404,0.007423685817106698,0.005031843046483488,0.007631258815628732,0.004019051850595818,0.003636237371545243,0.008593440650997859,0.00772082321460033,0.0061599062041921065,0.010869810383708527,0.01047682627940776,0.008446728492275726,0.008471356968567037,0.006451743950281973,0.005555277770832996,0.004484541349024569,0.005062114182829119,0.001795054935711516,0.008593440650997852,0.007680241604995977,0.006294839156007103,0.005878397362849482,0.004136557881996969,0.004136557881996969,0.0045061686115319315,0.00460675832036176,0.0029533408577782304,0.0029533408577782304,0.0057433536467042644,0.006267198558987726,0.006267198558987726,0.006267198558987726,0.006267198558987726,0.00572882574743241,0.005777110004145674,0.005674014843516415,0.005674014843516415,0.004680040360699664,0.0044300112866673385,0.0025954019170662673,0.004008671156935235,0.006754628043053148,0.006754628043053148,0.006754628043053148,0.006754628043053148,0.006754628043053148,0.00645282022753531,0.006425859216218993,0.006425859216218993,0.006425859216218993,0.006425859216218993,0.006425859216218993,0.006425859216218993,0.006425859216218993,0.006425859216218993,0.006425859216218993,0.006425859216218993,0.006425859216218993,0.006425859216218993,0.006425859216218993,0.006425859216218993,0.006425859216218993,0.006425859216218993,0.006425859216218993,0.00605185921845509,0.005829760810797558,0.005829760810797558,0.005829760810797558,0.005829760810797558,0.005829760810797558,0.005829760810797558,0.005829760810797558,0.005829760810797558,0.005829760810797558,0.005829760810797558,0.006108964269370415,0.004863412153804947,0.004863412153804947,0.004863412153804947,0.004768239833639981,0.004768239833639981,0.004768239833639981,0.004768239833639981,0.004768239833639981,0.00519481579183623,0.00517338273172291,0.005287564026405081,0.004495367986420371,0.004495367986420371,0.004495367986420371,0.004495367986420371,0.004495367986420371,0.004495367986420371

mean_time: , 7679.319277000427
best_solution: , 0.9575
worst_solution: , 0.97
mean_solution: , 0.9641666666666666
std_solution: , 0.004495367986420371



solutions runs are : 



0.96125

0.9575

0.9641666666666666

0.97

0.9679166666666666

