# Scenario 8
Mean curve: 0.7926666666666666,0.8158333333333333,0.8375,0.8625,0.8831666666666667,0.898,0.9121666666666666,0.9265000000000001,0.9323333333333332,0.9493333333333334,0.9525,0.9583333333333334,0.9675,0.9716666666666667,0.9733333333333334,0.9756666666666668,0.9778333333333334,0.9823333333333334,0.9836666666666666,0.9865,0.9868333333333335,0.9888333333333333,0.9908333333333333,0.9928333333333332,0.9928333333333332,0.9943333333333333,0.9956666666666667,0.9961666666666666,0.9964999999999999,0.9966666666666667,0.9974999999999999,0.9978333333333333,0.9978333333333333,0.9981666666666665,0.9991666666666668,0.9991666666666668,0.9991666666666668,0.9991666666666668,0.9991666666666668,0.9991666666666668,0.9991666666666668,0.9995,0.9996666666666666,1.0,1.0,1.0,1.0,1.0,1.0,1.0,1.0,1.0,1.0,1.0,1.0,1.0,1.0,1.0,1.0,1.0,1.0,1.0,1.0,1.0,1.0,1.0,1.0,1.0,1.0,1.0,1.0,1.0,1.0,1.0,1.0,1.0,1.0,1.0,1.0,1.0,1.0,1.0,1.0,1.0,1.0,1.0,1.0,1.0,1.0,1.0,1.0,1.0,1.0,1.0,1.0,1.0,1.0,1.0,1.0,1.0
Std curve: 0.01772004514666933,0.012736648783028518,0.016549588783075216,0.009874208829065763,0.010533016872883313,0.015939120288006974,0.017643065997092956,0.013798148023879478,0.007806692285753605,0.013595342339688761,0.009530652303663886,0.005400617248673236,0.010890872835136357,0.008595864638818394,0.008612007121842525,0.007842193570679052,0.00919842981769775,0.00791271831364614,0.007863417408056983,0.004294699575575032,0.00460675832036175,0.003965125751123444,0.0047434164902525845,0.005099019513592795,0.005099019513592795,0.005830951894845314,0.003431876713662331,0.003144660377352194,0.003091206165165227,0.0031180478223116126,0.0034156502553198582,0.0035590260840104317,0.0035590260840104317,0.0036666666666666627,0.0016666666666666607,0.0016666666666666607,0.0016666666666666607,0.0016666666666666607,0.0016666666666666607,0.0016666666666666607,0.0016666666666666607,0.0009999999999999788,0.000666666666666682,0.0,0.0,0.0,0.0,0.0,0.0,0.0,0.0,0.0,0.0,0.0,0.0,0.0,0.0,0.0,0.0,0.0,0.0,0.0,0.0,0.0,0.0,0.0,0.0,0.0,0.0,0.0,0.0,0.0,0.0,0.0,0.0,0.0,0.0,0.0,0.0,0.0,0.0,0.0,0.0,0.0,0.0,0.0,0.0,0.0,0.0,0.0,0.0,0.0,0.0,0.0,0.0,0.0,0.0,0.0,0.0,0.0

mean_time: , 4316.402412986756
best_solution: , 1.0
worst_solution: , 1.0
mean_solution: , 1.0
std_solution: , 0.0



solutions runs are : 



1.0

1.0

1.0

1.0

1.0

