# Scenario 163
Mean curve: 0.5242117258888873,0.5242117258888873,0.5242117258888873,0.5242117258888873,0.5242117258888873,0.5245452185069096,0.5245452185069096,0.5300603396637672,0.5337023320340115,0.5337023320340115,0.5350937028611885,0.5350937028611885,0.5350937028611885,0.5358638865793579,0.5372535366210138,0.5372535366210138,0.5372535366210138,0.5397308860987345,0.5412837853749877,0.5412837853749877,0.5412837853749877,0.5412837853749877,0.5412837853749877,0.5412837853749877,0.5412837853749877,0.5412837853749877,0.5412837853749877,0.5412837853749877,0.5412837853749877,0.5412837853749877,0.5412837853749877,0.5412837853749877,0.5412837853749877,0.5435884216285911,0.5435884216285911,0.5435884216285911,0.5435884216285911,0.5440832920716125,0.5442058662557137,0.5442058662557137,0.5442058662557137,0.5464816180194849,0.5464816180194849,0.5464816180194849,0.5464816180194849,0.5464816180194849,0.5464816180194849,0.5465290807900465,0.5465290807900465,0.5465290807900465,0.5465290807900465,0.5465290807900465,0.549284347446264,0.550012294994913,0.550012294994913,0.550012294994913,0.550012294994913,0.5504750905016614,0.5504750905016614,0.5504750905016614,0.5504750905016614,0.5504750905016614,0.5504750905016614,0.5504750905016614,0.5504750905016614,0.5504750905016614,0.5504750905016614,0.5504750905016614,0.5504750905016614,0.5504750905016614,0.5504750905016614,0.5504750905016614,0.5504750905016614,0.5504750905016614,0.5531597145539162,0.5531597145539162,0.5531597145539162,0.5531597145539162,0.5531597145539162,0.5531597145539162,0.5531597145539162,0.5531597145539162,0.5531597145539162,0.5531597145539162,0.55493101973344,0.55493101973344,0.55493101973344,0.5573203262749464,0.5573203262749464,0.5573203262749464,0.5573203262749464,0.5573203262749464,0.5573203262749464,0.5573203262749464,0.5573203262749464,0.5573203262749464,0.5573203262749464,0.5573203262749464,0.558911047273827,0.558911047273827
Std curve: 0.0030373654671446773,0.0030373654671446773,0.0030373654671446773,0.0030373654671446773,0.0030373654671446773,0.0026577858987036165,0.0026577858987036165,0.005949072523700346,0.006858162746037393,0.006858162746037393,0.005719035895127511,0.005719035895127511,0.005719035895127511,0.00560677468864859,0.0045369034031245495,0.0045369034031245495,0.0045369034031245495,0.002793946794668474,0.002768119653485198,0.002768119653485198,0.002768119653485198,0.002768119653485198,0.002768119653485198,0.002768119653485198,0.002768119653485198,0.002768119653485198,0.002768119653485198,0.002768119653485198,0.002768119653485198,0.002768119653485198,0.002768119653485198,0.002768119653485198,0.002768119653485198,0.005506268748622126,0.005506268748622126,0.005506268748622126,0.005506268748622126,0.005384244448249138,0.005355634399268809,0.005355634399268809,0.005355634399268809,0.003554297535321542,0.003554297535321542,0.003554297535321542,0.003554297535321542,0.003554297535321542,0.003554297535321542,0.003569224501308972,0.003569224501308972,0.003569224501308972,0.003569224501308972,0.003569224501308972,0.003267451250657057,0.002170214731135933,0.002170214731135933,0.002170214731135933,0.002170214731135933,0.0026656948602439873,0.0026656948602439873,0.0026656948602439873,0.0026656948602439873,0.0026656948602439873,0.0026656948602439873,0.0026656948602439873,0.0026656948602439873,0.0026656948602439873,0.0026656948602439873,0.0026656948602439873,0.0026656948602439873,0.0026656948602439873,0.0026656948602439873,0.0026656948602439873,0.0026656948602439873,0.0026656948602439873,0.004362007284848922,0.004362007284848922,0.004362007284848922,0.004362007284848922,0.004362007284848922,0.004362007284848922,0.004362007284848922,0.004362007284848922,0.004362007284848922,0.004362007284848922,0.004644332691728936,0.004644332691728936,0.004644332691728936,0.0028764918368626206,0.0028764918368626206,0.0028764918368626206,0.0028764918368626206,0.0028764918368626206,0.0028764918368626206,0.0028764918368626206,0.0028764918368626206,0.0028764918368626206,0.0028764918368626206,0.0028764918368626206,0.004934413507215407,0.004934413507215407

mean_time: , 71093.58888101578
best_solution: , 0.5536871418625824
worst_solution: , 0.5671449879133879
mean_solution: , 0.558911047273827
std_solution: , 0.004934413507215407



solutions runs are : 



0.5539894027470549

0.559316621427431

0.5671449879133879

0.5604170824186789

0.5536871418625824

