# Scenario 324
Mean curve: 0.5905232489211576,0.6118210803337002,0.6136664100428872,0.6155965062768126,0.6188166394520236,0.6248353844707432,0.6289659855507246,0.6293376567260895,0.6318576741457516,0.6352148646290127,0.636214430153764,0.637665515938386,0.6406961395651715,0.6417022740002242,0.6421436743046383,0.6470009854772454,0.651502093170258,0.651502093170258,0.6543187480601464,0.6558611867925166,0.6570082635030043,0.6570082635030043,0.6601710549262878,0.6621019935107496,0.6640392485189898,0.6640392485189898,0.6649131234744935,0.6649873786292966,0.6652909040975377,0.6662676608583677,0.6662676608583677,0.6707133665403346,0.6716345023595831,0.672507468243505,0.6725272665029987,0.6768869657197834,0.6768869657197834,0.6776476830769392,0.6794507494243691,0.680771483142154,0.680771483142154,0.680771483142154,0.680771483142154,0.680771483142154,0.680771483142154,0.6810675923533216,0.681693196013408,0.681693196013408,0.681693196013408,0.6820997274944338,0.6833440047455394,0.6867134706877076,0.6882841988035864,0.6882841988035864,0.6921894005553751,0.6921894005553751,0.6935904406253839,0.6960647941892877,0.6966849617174639,0.697376127254881,0.6977245793363447,0.6977560116730469,0.6986676265175806,0.698884471076755,0.698884471076755,0.698884471076755,0.698884471076755,0.698884471076755,0.698884471076755,0.7003331963306085,0.7012139488937446,0.7028743915319287,0.7033602275058647,0.7052597524607352,0.7059819394583122,0.7060120544943599,0.706329375485158,0.7063828112148506,0.7063828112148506,0.7063828112148506,0.709243710768319,0.7109131200161183,0.7109704392401042,0.7121660230842028,0.7121660230842028,0.712848424150668,0.7134678439959582,0.7145376998910684,0.7145376998910684,0.7145376998910684,0.7152300942496745,0.7207008784584419,0.7207008784584419,0.7209147993650891,0.7209824063660296,0.7213104533498932,0.7213104533498932,0.7213104533498932,0.7213368005675361,0.7213368005675361
Std curve: 0.0055729246854756415,0.017544786542733826,0.016798085558964993,0.015274771562263431,0.01604910371619313,0.012277317461220917,0.008148111141556304,0.007988511536798174,0.012114480971268656,0.009332981721134864,0.009212872915647943,0.008089773600001312,0.00828975672248992,0.00757442909935385,0.00797045847948584,0.008844439270413142,0.004290242524770227,0.004290242524770227,0.004415532067533284,0.003941981222911866,0.002905874638995677,0.002905874638995677,0.0055296984663626945,0.006745643880273573,0.008044302838106216,0.008044302838106216,0.006812078959730469,0.006912349767821851,0.006542673526763903,0.007741224858560856,0.007741224858560856,0.010477520489457664,0.009796828153740526,0.010623741413988644,0.010616261745410225,0.0121488979862415,0.0121488979862415,0.011710525438527103,0.013931787252611067,0.013373957733901605,0.013373957733901605,0.013373957733901605,0.013373957733901605,0.013373957733901605,0.013373957733901605,0.013250386384106175,0.013580555795692461,0.013580555795692461,0.013580555795692461,0.013851588310791346,0.014379640094548337,0.01660010447099771,0.017910557633580973,0.017910557633580973,0.013351181936902134,0.013351181936902134,0.013193824435608185,0.011608335609817012,0.012474477221700177,0.012802623943124706,0.012358202991666418,0.012319263965892328,0.013644175925948939,0.013707449260285038,0.013707449260285038,0.013707449260285038,0.013707449260285038,0.013707449260285038,0.013707449260285038,0.014460574016410847,0.015465791539670891,0.015753933392973197,0.016070586261739316,0.014397237327975005,0.014933394350014777,0.014958363966983433,0.015324979602622864,0.015367606282704395,0.015367606282704395,0.015367606282704395,0.0151542227522911,0.01664892461191097,0.016717864494860072,0.01826086765695417,0.01826086765695417,0.018587688692590948,0.017592084547167965,0.018057592174443172,0.018057592174443172,0.018057592174443172,0.017706676415439247,0.018514125567943084,0.018514125567943084,0.01813011008865872,0.018009157714861283,0.018114752571359624,0.018114752571359624,0.018114752571359624,0.01806746791905443,0.01806746791905443

mean_time: , 22524.451842880248
best_solution: , 0.688921859545005
worst_solution: , 0.7407260069617105
mean_solution: , 0.7213368005675361
std_solution: , 0.01806746791905443



solutions runs are : 



0.688921859545005

0.7161923454367026

0.727780499755022

0.7407260069617105

0.7330632911392405

