# Scenario 102
Mean curve: 0.6930605327784656,0.707268583794661,0.7175394359111651,0.7237980100410246,0.7237980100410246,0.7267872861246808,0.7308015919760292,0.7308015919760292,0.7310754917870816,0.7310754917870816,0.7310754917870816,0.7331274328589777,0.7331274328589777,0.7347284145933497,0.7347284145933497,0.7358292992822556,0.7427248626781237,0.7427248626781237,0.7427248626781237,0.7441429732221446,0.7441429732221446,0.7441429732221446,0.7451961777154841,0.745563463325916,0.745563463325916,0.745563463325916,0.745563463325916,0.7488165902305034,0.7501381524239632,0.7501381524239632,0.7505996328067822,0.7526971349516758,0.7526971349516758,0.7563044495956143,0.7563044495956143,0.7571383425328085,0.7578859370125481,0.7633715657991187,0.7766428413979187,0.7766428413979187,0.7766428413979187,0.7828636743121384,0.7828636743121384,0.7828636743121384,0.7828636743121384,0.7828636743121384,0.7828636743121384,0.7828636743121384,0.7828636743121384,0.7828636743121384,0.7828636743121384,0.7828636743121384,0.786079616777359,0.786079616777359,0.786079616777359,0.7892623805241583,0.7892623805241583,0.7892623805241583,0.7892623805241583,0.7892623805241583,0.7892623805241583,0.7892623805241583,0.7892623805241583,0.7892623805241583,0.7892623805241583,0.7892623805241583,0.7892623805241583,0.7892623805241583,0.7957449098649699,0.7957449098649699,0.7962154587916231,0.7962154587916231,0.7962154587916231,0.7962154587916231,0.7962154587916231,0.7962154587916231,0.7962154587916231,0.7962154587916231,0.7962154587916231,0.7962154587916231,0.7962154587916231,0.7962154587916231,0.7977934597758628,0.7977934597758628,0.8000704627489063,0.8000704627489063,0.8000704627489063,0.8000704627489063,0.8007556415029435,0.8007556415029435,0.8007556415029435,0.8007556415029435,0.8007556415029435,0.8019934927936587,0.8019934927936587,0.8019934927936587,0.8019934927936587,0.8019934927936587,0.8019934927936587,0.8019934927936587
Std curve: 0.023635173194961813,0.016436639908984047,0.007135795394191908,0.012317242459876976,0.012317242459876976,0.012732183342766821,0.013429862404310676,0.013429862404310676,0.013040572919345976,0.013040572919345976,0.013040572919345976,0.011800103858941645,0.011800103858941645,0.011104635932469423,0.011104635932469423,0.011790705503678606,0.015652485638334223,0.015652485638334223,0.015652485638334223,0.013277225102582026,0.013277225102582026,0.013277225102582026,0.011647407456260986,0.011541033351959185,0.011541033351959185,0.011541033351959185,0.011541033351959185,0.007827689056694731,0.007655576148117721,0.007655576148117721,0.007339158774275583,0.0073326799606196124,0.0073326799606196124,0.013740901578272088,0.013740901578272088,0.01330037586873147,0.01308103442333374,0.014940347193603973,0.012008129168159092,0.012008129168159092,0.012008129168159092,0.006006261729099165,0.006006261729099165,0.006006261729099165,0.006006261729099165,0.006006261729099165,0.006006261729099165,0.006006261729099165,0.006006261729099165,0.006006261729099165,0.006006261729099165,0.006006261729099165,0.010078373835357491,0.010078373835357491,0.010078373835357491,0.010845941192689296,0.010845941192689296,0.010845941192689296,0.010845941192689296,0.010845941192689296,0.010845941192689296,0.010845941192689296,0.010845941192689296,0.010845941192689296,0.010845941192689296,0.010845941192689296,0.010845941192689296,0.010845941192689296,0.011212644244328204,0.011212644244328204,0.011539050044071734,0.011539050044071734,0.011539050044071734,0.011539050044071734,0.011539050044071734,0.011539050044071734,0.011539050044071734,0.011539050044071734,0.011539050044071734,0.011539050044071734,0.011539050044071734,0.011539050044071734,0.008632913152447136,0.008632913152447136,0.009843495668629923,0.009843495668629923,0.009843495668629923,0.009843495668629923,0.010570878828196989,0.010570878828196989,0.010570878828196989,0.010570878828196989,0.010570878828196989,0.01152329220030176,0.01152329220030176,0.01152329220030176,0.01152329220030176,0.01152329220030176,0.01152329220030176,0.01152329220030176

mean_time: , 7168.214021492005
best_solution: , 0.782374541003672
worst_solution: , 0.8129689174705252
mean_solution: , 0.8019934927936587
std_solution: , 0.01152329220030176



solutions runs are : 



0.8129619101762365

0.7966144517433047

0.782374541003672

0.8050476435745557

0.8129689174705252

