# Scenario 175
Mean curve: 0.782,0.7902500000000001,0.79775,0.8039999999999999,0.812375,0.812375,0.814125,0.8150000000000001,0.8154999999999999,0.8162499999999999,0.8185,0.8225,0.8225,0.8251249999999999,0.827375,0.8296250000000001,0.83125,0.83125,0.83125,0.83125,0.83125,0.835625,0.83675,0.837,0.837,0.8379999999999999,0.838125,0.8396250000000001,0.8399999999999999,0.8399999999999999,0.8402499999999999,0.8402499999999999,0.841625,0.84275,0.84275,0.843125,0.843125,0.843125,0.843125,0.843125,0.843125,0.843125,0.843125,0.843625,0.843625,0.84575,0.84575,0.8466250000000001,0.8466250000000001,0.8488750000000002,0.8492500000000002,0.8492500000000002,0.8492500000000002,0.8492500000000002,0.84975,0.84975,0.84975,0.84975,0.84975,0.8508749999999999,0.8522500000000001,0.8522500000000001,0.8535,0.8535,0.8535,0.8535,0.8535,0.8535,0.8542500000000001,0.8542500000000001,0.8542500000000001,0.8542500000000001,0.8542500000000001,0.8542500000000001,0.8542500000000001,0.8542500000000001,0.8542500000000001,0.8542500000000001,0.8542500000000001,0.8542500000000001,0.854875,0.854875,0.8558749999999999,0.8558749999999999,0.857375,0.857375,0.857375,0.857375,0.857375,0.857375,0.857375,0.857375,0.857375,0.857375,0.8595,0.8603750000000001,0.8603750000000001,0.8603750000000001,0.8603750000000001,0.8603750000000001
Std curve: 0.007042283010501642,0.01056675210270402,0.00799022840724843,0.00421307488658817,0.004496526437151249,0.004496526437151249,0.004687083314813177,0.003665719574653804,0.003363406011768444,0.0034460121880225706,0.0045689167206242765,0.009404121436902004,0.009404121436902004,0.007879958756237239,0.006439623436195634,0.0071436160311147846,0.006970921746799357,0.006970921746799357,0.006970921746799357,0.006970921746799357,0.006970921746799357,0.007826237921249245,0.00822914029531638,0.008152836929560151,0.008152836929560151,0.007535333436550767,0.007603453162872773,0.0075787531956120575,0.006993300365349694,0.006993300365349694,0.007359093014767515,0.007359093014767515,0.0078521493872697,0.0062574955053919055,0.0062574955053919055,0.006789237807000146,0.006789237807000146,0.006789237807000146,0.006789237807000146,0.006789237807000146,0.006789237807000146,0.006789237807000146,0.006789237807000146,0.006242495494591883,0.006242495494591883,0.008726754837853524,0.008726754837853524,0.007980444849756177,0.007980444849756177,0.010638961415476595,0.010257619119464318,0.010257619119464318,0.010257619119464318,0.010257619119464318,0.009973402127659348,0.009973402127659348,0.009973402127659348,0.009973402127659348,0.009973402127659348,0.009010410645470049,0.00852019659397598,0.00852019659397598,0.007165455323983259,0.007165455323983259,0.007165455323983259,0.007165455323983259,0.007165455323983259,0.007165455323983259,0.0063909115155821004,0.0063909115155821004,0.0063909115155821004,0.0063909115155821004,0.0063909115155821004,0.0063909115155821004,0.0063909115155821004,0.0063909115155821004,0.0063909115155821004,0.0063909115155821004,0.0063909115155821004,0.0063909115155821004,0.0070865188915291595,0.0070865188915291595,0.006381124509050084,0.006381124509050084,0.005323884859761685,0.005323884859761685,0.005323884859761685,0.005323884859761685,0.005323884859761685,0.005323884859761685,0.005323884859761685,0.005323884859761685,0.005323884859761685,0.005323884859761685,0.005323884859761693,0.0050713656937751705,0.0050713656937751705,0.0050713656937751705,0.0050713656937751705,0.0050713656937751705

mean_time: , 9439.313475656509
best_solution: , 0.851875
worst_solution: , 0.866875
mean_solution: , 0.8603750000000001
std_solution: , 0.0050713656937751705



solutions runs are : 



0.86375

0.85875

0.851875

0.860625

0.866875

