# Scenario 153
Mean curve: 0.7408888888888889,0.7451111111111112,0.7526666666666667,0.754,0.7656666666666666,0.7656666666666666,0.7656666666666666,0.7656666666666666,0.7699999999999999,0.7699999999999999,0.7699999999999999,0.7699999999999999,0.7734444444444444,0.7745555555555554,0.7745555555555554,0.7745555555555554,0.7753333333333334,0.7753333333333334,0.7765555555555556,0.7783333333333333,0.7783333333333333,0.7783333333333333,0.7787777777777778,0.7804444444444444,0.7804444444444444,0.7834444444444444,0.7834444444444444,0.7838888888888889,0.7838888888888889,0.7838888888888889,0.7838888888888889,0.7838888888888889,0.7838888888888889,0.7841111111111111,0.7841111111111111,0.7841111111111111,0.7841111111111111,0.7841111111111111,0.7841111111111111,0.7853333333333333,0.7857777777777778,0.7901111111111111,0.791,0.791,0.791,0.7914444444444444,0.7914444444444444,0.7946666666666666,0.7946666666666666,0.7946666666666666,0.7952222222222222,0.7958888888888888,0.7958888888888888,0.7958888888888888,0.7958888888888888,0.7958888888888888,0.7958888888888888,0.7968888888888888,0.7968888888888888,0.7968888888888888,0.797111111111111,0.797111111111111,0.797111111111111,0.797111111111111,0.7983333333333332,0.7986666666666666,0.7986666666666666,0.7986666666666666,0.7986666666666666,0.7986666666666666,0.7986666666666666,0.7986666666666666,0.7986666666666666,0.7986666666666666,0.7986666666666666,0.7986666666666666,0.7986666666666666,0.7986666666666666,0.7986666666666666,0.8015555555555556,0.8015555555555556,0.803888888888889,0.803888888888889,0.803888888888889,0.803888888888889,0.803888888888889,0.803888888888889,0.803888888888889,0.803888888888889,0.803888888888889,0.803888888888889,0.803888888888889,0.803888888888889,0.803888888888889,0.803888888888889,0.803888888888889,0.803888888888889,0.803888888888889,0.803888888888889,0.8047777777777778
Std curve: 0.009173229973577939,0.007717224601860144,0.004911563578955621,0.004436103283928238,0.006269660435407066,0.006269660435407066,0.006269660435407066,0.006269660435407066,0.00449965705140368,0.00449965705140368,0.00449965705140368,0.00449965705140368,0.003918931575232967,0.004042978977480042,0.004042978977480042,0.004042978977480042,0.0025482988758177244,0.0025482988758177244,0.0031111111111110884,0.004331908597692872,0.004331908597692872,0.004331908597692872,0.0044776537065799845,0.005275145542430766,0.005275145542430766,0.003284832333132091,0.003284832333132091,0.0037350525142159,0.0037350525142159,0.0037350525142159,0.0037350525142159,0.0037350525142159,0.0037350525142159,0.0037940824619919567,0.0037940824619919567,0.0037940824619919567,0.0037940824619919567,0.0037940824619919567,0.0037940824619919567,0.004297573245736357,0.004410985164728692,0.009872020569440528,0.008814970431243893,0.008814970431243893,0.008814970431243893,0.008378396676226179,0.008378396676226179,0.00994180598145226,0.00994180598145226,0.00994180598145226,0.009405803304474823,0.00883735058895477,0.00883735058895477,0.00883735058895477,0.00883735058895477,0.00883735058895477,0.00883735058895477,0.00831924735437108,0.00831924735437108,0.00831924735437108,0.008099687541603404,0.008099687541603404,0.008099687541603404,0.008099687541603404,0.0070797921431440345,0.00692642105578168,0.00692642105578168,0.00692642105578168,0.00692642105578168,0.00692642105578168,0.00692642105578168,0.00692642105578168,0.00692642105578168,0.00692642105578168,0.00692642105578168,0.00692642105578168,0.00692642105578168,0.00692642105578168,0.00692642105578168,0.008160428456434944,0.008160428456434944,0.007428673177976376,0.007428673177976376,0.007428673177976376,0.007428673177976376,0.007428673177976376,0.007428673177976376,0.007428673177976376,0.007428673177976376,0.007428673177976376,0.007428673177976376,0.007428673177976376,0.007428673177976376,0.007428673177976376,0.007428673177976376,0.007428673177976376,0.007428673177976376,0.007428673177976376,0.007428673177976376,0.005715476066494102

mean_time: , 8314.98588166237
best_solution: , 0.7938888888888889
worst_solution: , 0.8105555555555556
mean_solution: , 0.8047777777777778
std_solution: , 0.005715476066494102



solutions runs are : 



0.8105555555555556

0.8077777777777778

0.8061111111111111

0.8055555555555556

0.7938888888888889

