# Scenario 224
Mean curve: 0.5843008367988249,0.5863951642754175,0.5953924257749567,0.5988050111243979,0.6075821658961162,0.6121212019327539,0.6165286728773139,0.6180582540066692,0.6182189305102741,0.6200703468136253,0.6261443658817345,0.6304200312518631,0.6372316764654892,0.6432863963920848,0.6432863963920848,0.6432863963920848,0.6432863963920848,0.6433744514418687,0.6479890937751241,0.6508133633846146,0.6518421778390056,0.6544383115147057,0.658626727652253,0.6606827868199607,0.6606827868199607,0.6631980552463348,0.6642603326310731,0.6671756653215264,0.6676638503798141,0.6681688329918133,0.6689713300762614,0.6689713300762614,0.6704154268045686,0.6704154268045686,0.6754236527237284,0.6757997080328362,0.67930472395101,0.67930472395101,0.6799421306164626,0.6824884150266751,0.6824884150266751,0.6844218954242416,0.6879532627061389,0.6885044199723286,0.6911112028414228,0.6911112028414228,0.6911112028414228,0.6933020747363343,0.6933020747363343,0.6933020747363343,0.6949305883014981,0.6971118498728067,0.6971118498728067,0.6971118498728067,0.6971118498728067,0.6971118498728067,0.6987664470886203,0.6987664470886203,0.7011304393148696,0.7011304393148696,0.7011304393148696,0.7022714417364728,0.7064592316141075,0.7064592316141075,0.7075059963407533,0.7089728914172904,0.7089728914172904,0.7089728914172904,0.7089728914172904,0.7110119110837718,0.7110119110837718,0.712122207807526,0.7156438546642832,0.7160356004888666,0.7171187858962241,0.7171756214764272,0.7171756214764272,0.7171756214764272,0.7174519488255157,0.7175191454766989,0.7175191454766989,0.7187096548773559,0.7187096548773559,0.7188206639148769,0.7188752454223633,0.7192059744327802,0.7192059744327802,0.7205698295903453,0.7215883182729893,0.7228471534496359,0.7267229726711817,0.727296593986388,0.727296593986388,0.727296593986388,0.7284957607693927,0.7298818197509725,0.7298818197509725,0.7304045979598176,0.7304045979598176,0.7309443533231084
Std curve: 0.010120761035137383,0.009787293992328664,0.013107232696674605,0.010346505464642462,0.008392991593249357,0.010020672883292408,0.00655326984163643,0.008757389954435611,0.008852976672085924,0.008992038389773126,0.003178581242131915,0.004712441369015174,0.0037562803824178156,0.0026001132910646696,0.0026001132910646696,0.0026001132910646696,0.0026001132910646696,0.002493316195143908,0.005378563442575687,0.005064594982638718,0.004125734337620858,0.007517623816408121,0.005809449865563329,0.004078650008744658,0.004078650008744658,0.0075150168830408,0.006837812102029703,0.01265613587817741,0.012455357249754068,0.012208809159299325,0.011765432764261822,0.011765432764261822,0.011400734347638915,0.011400734347638915,0.009714234513889225,0.00940707710995509,0.009753111946958397,0.009753111946958397,0.00912599852350241,0.008271329170456032,0.008271329170456032,0.007947709624429302,0.010479638595120874,0.010438726103541206,0.006504835799807524,0.006504835799807524,0.006504835799807524,0.005323306790839639,0.005323306790839639,0.005323306790839639,0.004937740855143939,0.004065688413435791,0.004065688413435791,0.004065688413435791,0.004065688413435791,0.004065688413435791,0.005198156347020626,0.005198156347020626,0.00783081595987934,0.00783081595987934,0.00783081595987934,0.00914519450391574,0.013463464956767176,0.013463464956767176,0.012797240283018681,0.012222964856187141,0.012222964856187141,0.012222964856187141,0.012222964856187141,0.010343468658145356,0.010343468658145356,0.009498665583075099,0.009353168000866751,0.009212631281353174,0.011004187428080204,0.010951321288597883,0.010951321288597883,0.010951321288597883,0.010707777363088278,0.0106837236301118,0.0106837236301118,0.009911654530852765,0.009911654530852765,0.009865907107312005,0.00984004478834027,0.009732488447038484,0.009732488447038484,0.009383722283432969,0.011119483221810994,0.013308493838523625,0.014891223393002253,0.014157969480303094,0.014157969480303094,0.014157969480303094,0.012983525284538352,0.012695543476010845,0.012695543476010845,0.012298673130014813,0.012298673130014813,0.011992988281177097

mean_time: , 21014.170075178146
best_solution: , 0.7168469860896445
worst_solution: , 0.7493464052287582
mean_solution: , 0.7309443533231084
std_solution: , 0.011992988281177097



solutions runs are : 



0.7493464052287582

0.7403157894736843

0.7168469860896445

0.724578313253012

0.7236342725704428

