# Scenario 95
Mean curve: 0.7375999999999999,0.7487999999999999,0.7579,0.7712,0.7817000000000001,0.7947000000000001,0.8025,0.8100999999999999,0.8221,0.8257999999999999,0.8271,0.8329000000000001,0.8379999999999999,0.8432999999999999,0.8464,0.8539,0.8574999999999999,0.8606000000000001,0.8646,0.8646,0.8657,0.869,0.8716999999999999,0.8763,0.8766,0.8783,0.8793,0.8800000000000001,0.8818999999999999,0.8855999999999999,0.8855999999999999,0.8897,0.8901999999999999,0.8919,0.8924000000000001,0.8951,0.8961,0.8985999999999998,0.8988999999999999,0.8994,0.9026,0.9027000000000001,0.9033000000000001,0.9035,0.9038999999999999,0.9051,0.906,0.9065000000000001,0.9084000000000001,0.9084000000000001,0.909,0.9105000000000001,0.9106000000000002,0.9109999999999999,0.9131,0.9131,0.9144,0.9145999999999999,0.9158,0.9158,0.9158,0.9158,0.916,0.9168,0.9168,0.9168,0.9168,0.9177,0.9177,0.9177,0.9177,0.9177,0.9189999999999999,0.9189999999999999,0.9189999999999999,0.9189999999999999,0.9189999999999999,0.9189999999999999,0.9189999999999999,0.9189999999999999,0.9189999999999999,0.9189999999999999,0.9199999999999999,0.9199999999999999,0.9199999999999999,0.9199999999999999,0.9201,0.9201,0.9202,0.9202,0.9202,0.9202,0.9202,0.9202,0.9202,0.9202,0.9202999999999999,0.9202999999999999,0.9202999999999999,0.9202999999999999
Std curve: 0.008021221852062187,0.004643274706497521,0.004619523784980444,0.0050754310161798075,0.004512205669071393,0.006675327707311441,0.007576278769950349,0.005171073389539144,0.004079215610874219,0.002204540768504869,0.003839270764090512,0.005398147830506302,0.008677557259966653,0.0062417946137309,0.004066939881532539,0.005200000000000006,0.008130190649671161,0.006327716807822558,0.006711184694225001,0.006711184694225001,0.005767148342118497,0.004949747468305837,0.006063002556489644,0.007236021006050207,0.0068000000000000066,0.0056533176100410235,0.004985980344927146,0.005839520528262556,0.006483826030978922,0.004115823125451356,0.004115823125451356,0.006209669878504001,0.005818934610390461,0.006183849933496138,0.005748043145279971,0.0057480431452799595,0.004973932046178335,0.0026907248094147295,0.003152776554086896,0.0031048349392519916,0.005093132631298749,0.004945705207551323,0.004154515615568227,0.004277849927241494,0.004953786430600339,0.005073460357586342,0.0065038450166036675,0.006580273550544866,0.005911006682452684,0.005911006682452684,0.005991660871578123,0.007134423592694804,0.007248448109768077,0.007176350047203689,0.0074188947963965725,0.0074188947963965725,0.005961543424315574,0.005825804665451826,0.008041144197189874,0.008041144197189874,0.008041144197189874,0.008041144197189874,0.007930952023559364,0.0076850504227363664,0.0076850504227363664,0.0076850504227363664,0.0076850504227363664,0.007915806970865344,0.007915806970865344,0.007915806970865344,0.007915806970865344,0.007915806970865344,0.008062257748298574,0.008062257748298574,0.008062257748298574,0.008062257748298574,0.008062257748298574,0.008062257748298574,0.008062257748298574,0.008062257748298574,0.008062257748298574,0.008062257748298574,0.007071067811865499,0.007071067811865499,0.007071067811865499,0.007071067811865499,0.006938299503480671,0.006938299503480671,0.006975672010638128,0.006975672010638128,0.006975672010638128,0.006975672010638128,0.006975672010638128,0.006975672010638128,0.006975672010638128,0.006975672010638128,0.00684543643604996,0.00684543643604996,0.00684543643604996,0.00684543643604996

mean_time: , 13248.8755194664
best_solution: , 0.9115
worst_solution: , 0.931
mean_solution: , 0.9202999999999999
std_solution: , 0.00684543643604996



solutions runs are : 



0.923

0.9145

0.9115

0.9215

0.931

