# Scenario 137
Mean curve: 0.7975,0.8160000000000001,0.8365,0.8462499999999998,0.8462499999999998,0.8469999999999999,0.8469999999999999,0.8469999999999999,0.85075,0.8515,0.8539999999999999,0.8539999999999999,0.8539999999999999,0.85725,0.8625,0.8625,0.8632500000000001,0.8637499999999999,0.86625,0.8695,0.8734999999999999,0.87475,0.87475,0.87475,0.87475,0.87575,0.87575,0.8775000000000001,0.8775000000000001,0.8775000000000001,0.8775000000000001,0.8775000000000001,0.87775,0.8800000000000001,0.8800000000000001,0.8800000000000001,0.88025,0.8807500000000001,0.8842500000000001,0.8860000000000001,0.8862500000000001,0.8862500000000001,0.8862500000000001,0.8865000000000001,0.8865000000000001,0.8865000000000001,0.8867500000000001,0.8867500000000001,0.889,0.889,0.889,0.8915,0.892,0.892,0.893,0.8942499999999999,0.8942499999999999,0.8942499999999999,0.8942499999999999,0.8942499999999999,0.8942499999999999,0.8942499999999999,0.8942499999999999,0.8947499999999999,0.8952500000000001,0.89925,0.89925,0.89925,0.9004999999999999,0.9004999999999999,0.9004999999999999,0.9004999999999999,0.9004999999999999,0.9004999999999999,0.9004999999999999,0.9004999999999999,0.9004999999999999,0.9004999999999999,0.9004999999999999,0.90075,0.90625,0.907,0.90725,0.90725,0.90725,0.90725,0.9087499999999998,0.9087499999999998,0.9087499999999998,0.9087499999999998,0.9087499999999998,0.9087499999999998,0.9087499999999998,0.9087499999999998,0.9087499999999998,0.9087499999999998,0.9097500000000001,0.9097500000000001,0.9097500000000001,0.9097500000000001
Std curve: 0.015268431484602451,0.013167194082263713,0.011079259903080169,0.003535533905932709,0.003535533905932709,0.0038405728739342743,0.0038405728739342743,0.0038405728739342743,0.006051859218455082,0.0049623583103198055,0.006955213871621785,0.006955213871621785,0.006955213871621785,0.008993052874302488,0.008979142498033972,0.008979142498033972,0.008895223437328586,0.00897914249803397,0.010277402395547214,0.0072284161474004795,0.009855201672213506,0.008154753215150048,0.008154753215150048,0.008154753215150048,0.008154753215150048,0.007314369419163896,0.007314369419163896,0.00794512429103536,0.00794512429103536,0.00794512429103536,0.00794512429103536,0.00794512429103536,0.008192984804086973,0.010338036564067673,0.010338036564067673,0.010338036564067673,0.010136567466356638,0.01065363787633124,0.009987492177719081,0.0066801946079436715,0.0069372184627558,0.0069372184627558,0.0069372184627558,0.007132671308843544,0.007132671308843544,0.007132671308843544,0.007399324293474358,0.007399324293474358,0.009663074045043851,0.009663074045043851,0.009663074045043851,0.007390872749547259,0.00792937576357686,0.00792937576357686,0.007607562027351473,0.009205976319760981,0.009205976319760981,0.009205976319760981,0.009205976319760981,0.009205976319760981,0.009205976319760981,0.009205976319760981,0.009205976319760981,0.009165151389911674,0.009027735042633886,0.004847679857416309,0.004847679857416309,0.004847679857416309,0.007097534783289164,0.007097534783289164,0.007097534783289164,0.007097534783289164,0.007097534783289164,0.007097534783289164,0.007097534783289164,0.007097534783289164,0.007097534783289164,0.007097534783289164,0.007097534783289164,0.007097534783289164,0.009048480535426933,0.0087535707000058,0.008455767262643889,0.008455767262643889,0.008455767262643889,0.008455767262643889,0.010000000000000014,0.010000000000000014,0.010000000000000014,0.010000000000000014,0.010000000000000014,0.010000000000000014,0.010000000000000014,0.010000000000000014,0.010000000000000014,0.010000000000000014,0.009027735042633904,0.009027735042633904,0.009027735042633904,0.009027735042633904

mean_time: , 4688.133965206146
best_solution: , 0.9
worst_solution: , 0.92125
mean_solution: , 0.9097500000000001
std_solution: , 0.009027735042633904



solutions runs are : 



0.92125

0.905

0.92

0.9

0.9025

