# Scenario 120
Mean curve: 0.6462695901000594,0.6530596234378281,0.6554042887581113,0.6567170679196167,0.6621623405631528,0.6621623405631528,0.6630638821055215,0.6646068797871908,0.6646068797871908,0.6646068797871908,0.6717757321844402,0.6724834693894435,0.6724834693894435,0.6732114494841873,0.6763614078434343,0.6790664301671487,0.6807808306471684,0.6807808306471684,0.6807808306471684,0.6807808306471684,0.6807808306471684,0.6807808306471684,0.6807808306471684,0.6807808306471684,0.6807808306471684,0.6807808306471684,0.6818836429313018,0.6818836429313018,0.6869770240123694,0.6869770240123694,0.6869770240123694,0.6869770240123694,0.6886934151408479,0.6886934151408479,0.6886934151408479,0.6886934151408479,0.6886934151408479,0.6886934151408479,0.6886934151408479,0.6886934151408479,0.6886934151408479,0.6886934151408479,0.6886934151408479,0.6886934151408479,0.6900705185684662,0.6903748552477763,0.6903748552477763,0.6903748552477763,0.6903748552477763,0.6903748552477763,0.6903748552477763,0.6903748552477763,0.6923531426060466,0.6923531426060466,0.6926585468923094,0.6940903781821638,0.6940903781821638,0.6940903781821638,0.6940903781821638,0.6940903781821638,0.6940903781821638,0.6940903781821638,0.6940903781821638,0.6940903781821638,0.6940903781821638,0.694178069565259,0.694178069565259,0.694178069565259,0.694178069565259,0.694178069565259,0.694178069565259,0.694178069565259,0.694178069565259,0.6951192097790378,0.6951192097790378,0.6951192097790378,0.6951192097790378,0.6967832117357289,0.6967832117357289,0.6967832117357289,0.6967832117357289,0.6976176365048832,0.7033411690709747,0.7033411690709747,0.7033411690709747,0.7043073169085291,0.7043073169085291,0.7043073169085291,0.7043073169085291,0.7056712775415371,0.7082053609915826,0.7082053609915826,0.7082053609915826,0.7082053609915826,0.7082053609915826,0.7130855396456994,0.7130855396456994,0.7130855396456994,0.7130855396456994,0.7130855396456994
Std curve: 0.0037457355787971222,0.0086865988742567,0.008356631085387452,0.009811299541880918,0.009481239263524725,0.009481239263524725,0.008465891867248521,0.007454587610974109,0.007454587610974109,0.007454587610974109,0.011434308661267798,0.010671995769561592,0.010671995769561592,0.010036845328303328,0.009627347838774256,0.00866733924560366,0.0059953970462117544,0.0059953970462117544,0.0059953970462117544,0.0059953970462117544,0.0059953970462117544,0.0059953970462117544,0.0059953970462117544,0.0059953970462117544,0.0059953970462117544,0.0059953970462117544,0.0048135665090220615,0.0048135665090220615,0.006506762733571678,0.006506762733571678,0.006506762733571678,0.006506762733571678,0.004932260862554456,0.004932260862554456,0.004932260862554456,0.004932260862554456,0.004932260862554456,0.004932260862554456,0.004932260862554456,0.004932260862554456,0.004932260862554456,0.004932260862554456,0.004932260862554456,0.004932260862554456,0.00728288029849662,0.006937078246755647,0.006937078246755647,0.006937078246755647,0.006937078246755647,0.006937078246755647,0.006937078246755647,0.006937078246755647,0.00706738356375932,0.00706738356375932,0.007035320571461443,0.007571361207432664,0.007571361207432664,0.007571361207432664,0.007571361207432664,0.007571361207432664,0.007571361207432664,0.007571361207432664,0.007571361207432664,0.007571361207432664,0.007571361207432664,0.007500647102555613,0.007500647102555613,0.007500647102555613,0.007500647102555613,0.007500647102555613,0.007500647102555613,0.007500647102555613,0.007500647102555613,0.006211544211435922,0.006211544211435922,0.006211544211435922,0.006211544211435922,0.007426698526643745,0.007426698526643745,0.007426698526643745,0.007426698526643745,0.006613953767236164,0.009926793004843011,0.009926793004843011,0.009926793004843011,0.008478132759658686,0.008478132759658686,0.008478132759658686,0.008478132759658686,0.009025407141458464,0.00633185488204521,0.00633185488204521,0.00633185488204521,0.00633185488204521,0.00633185488204521,0.0107153863655958,0.0107153863655958,0.0107153863655958,0.0107153863655958,0.0107153863655958

mean_time: , 21126.902884435654
best_solution: , 0.699688222870361
worst_solution: , 0.7305020837467752
mean_solution: , 0.7130855396456994
std_solution: , 0.0107153863655958



solutions runs are : 



0.7051116838487973

0.7305020837467752

0.699688222870361

0.7182149563680548

0.7119107513945094

