# Scenario 10
Mean curve: 0.8043333333333333,0.8373333333333335,0.857,0.8823333333333332,0.899,0.9176666666666667,0.9286666666666668,0.942,0.9546666666666667,0.9640000000000001,0.9693333333333334,0.9810000000000001,0.9866666666666667,0.9886666666666667,0.9936666666666666,0.9963333333333333,0.9966666666666667,0.9983333333333333,0.9996666666666666,0.9996666666666666,0.9996666666666666,0.9996666666666666,1.0,1.0,1.0,1.0,1.0,1.0,1.0,1.0,1.0,1.0,1.0,1.0,1.0,1.0,1.0,1.0,1.0,1.0,1.0,1.0,1.0,1.0,1.0,1.0,1.0,1.0,1.0,1.0,1.0,1.0,1.0,1.0,1.0,1.0,1.0,1.0,1.0,1.0,1.0,1.0,1.0,1.0,1.0,1.0,1.0,1.0,1.0,1.0,1.0,1.0,1.0,1.0,1.0,1.0,1.0,1.0,1.0,1.0,1.0,1.0,1.0,1.0,1.0,1.0,1.0,1.0,1.0,1.0,1.0,1.0,1.0,1.0,1.0,1.0,1.0,1.0,1.0,1.0
Std curve: 0.01597219806761458,0.00778888096369861,0.013759844960366857,0.006110100926607796,0.006960204339273707,0.012719189352225942,0.01112554617885241,0.011125546178852412,0.010077477638553978,0.009225568335398731,0.005830951894845326,0.006633249580710806,0.01032795558988647,0.009797958971132734,0.00371184290855338,0.004136557881996963,0.004346134936801781,0.0014907119849998445,0.000666666666666682,0.000666666666666682,0.000666666666666682,0.000666666666666682,0.0,0.0,0.0,0.0,0.0,0.0,0.0,0.0,0.0,0.0,0.0,0.0,0.0,0.0,0.0,0.0,0.0,0.0,0.0,0.0,0.0,0.0,0.0,0.0,0.0,0.0,0.0,0.0,0.0,0.0,0.0,0.0,0.0,0.0,0.0,0.0,0.0,0.0,0.0,0.0,0.0,0.0,0.0,0.0,0.0,0.0,0.0,0.0,0.0,0.0,0.0,0.0,0.0,0.0,0.0,0.0,0.0,0.0,0.0,0.0,0.0,0.0,0.0,0.0,0.0,0.0,0.0,0.0,0.0,0.0,0.0,0.0,0.0,0.0,0.0,0.0,0.0,0.0

mean_time: , 3726.4089814186095
best_solution: , 1.0
worst_solution: , 1.0
mean_solution: , 1.0
std_solution: , 0.0



solutions runs are : 



1.0

1.0

1.0

1.0

1.0

