# Scenario 208
Mean curve: 0.7815,0.7871666666666667,0.7871666666666667,0.8053333333333332,0.8053333333333332,0.8133333333333332,0.8158333333333333,0.8230000000000001,0.8276666666666668,0.8381666666666667,0.8451666666666666,0.849,0.8553333333333333,0.8553333333333333,0.8616666666666667,0.8616666666666667,0.8616666666666667,0.867,0.8735000000000002,0.8735000000000002,0.8735000000000002,0.8736666666666666,0.8736666666666666,0.8748333333333334,0.877,0.8771666666666667,0.8813333333333333,0.8813333333333333,0.8815000000000002,0.8843333333333334,0.8886666666666667,0.8953333333333333,0.8953333333333333,0.8953333333333333,0.8959999999999999,0.8973333333333333,0.8973333333333333,0.8973333333333333,0.8985,0.8985,0.8985,0.8985,0.8985,0.9016666666666667,0.9028333333333334,0.9033333333333333,0.9036666666666667,0.9036666666666667,0.9086666666666667,0.9086666666666667,0.9086666666666667,0.9103333333333333,0.9103333333333333,0.9103333333333333,0.9103333333333333,0.9103333333333333,0.9118333333333334,0.9123333333333333,0.9123333333333333,0.9205,0.9205,0.9208333333333334,0.9228333333333334,0.9228333333333334,0.9263333333333333,0.9263333333333333,0.9263333333333333,0.9289999999999999,0.9293333333333333,0.9318333333333333,0.9355,0.9355,0.9355,0.9366666666666668,0.9366666666666668,0.9366666666666668,0.9366666666666668,0.9395,0.9395,0.9395,0.9395,0.9395,0.9395,0.9395,0.9395,0.9395,0.9395,0.9395,0.9395,0.9404999999999999,0.944,0.945,0.945,0.9468333333333334,0.9468333333333334,0.9504999999999999,0.9504999999999999,0.9504999999999999,0.951,0.951
Std curve: 0.015504479639410295,0.013276964177769614,0.013276964177769614,0.026659374002819747,0.026659374002819747,0.02399652752656797,0.019811612756158944,0.015353247937235363,0.00876229295206327,0.023436675911438,0.0191006108104776,0.017735714125897393,0.014275075403575926,0.014275075403575926,0.014240006242195916,0.014240006242195916,0.014240006242195916,0.013119112436102968,0.013201430898875256,0.013201430898875256,0.013201430898875256,0.013370780746754388,0.013370780746754388,0.01226331475943143,0.014968485412878468,0.01502405478631591,0.013308309851784744,0.013308309851784744,0.013523641850067193,0.01516941367064366,0.014236104336041746,0.01363818169698587,0.01363818169698587,0.01363818169698587,0.013968217893171321,0.01143095213298816,0.01143095213298816,0.01143095213298816,0.00927062265678224,0.00927062265678224,0.00927062265678224,0.00927062265678224,0.00927062265678224,0.01141392911217595,0.009436925111261403,0.009249624617007762,0.009480975102218623,0.009480975102218623,0.012710450643291751,0.012710450643291751,0.012710450643291751,0.010105004260816057,0.010105004260816057,0.010105004260816057,0.010105004260816057,0.010105004260816057,0.012554326390177652,0.011941989411781912,0.011941989411781912,0.016613247725836132,0.016613247725836132,0.016431676725154977,0.015895492023421807,0.015895492023421807,0.011409060726749857,0.011409060726749857,0.011409060726749857,0.01012971426601514,0.010292931771096324,0.007699206308300721,0.01167380733855831,0.01167380733855831,0.01167380733855831,0.010554093465991708,0.010554093465991708,0.010554093465991708,0.010554093465991708,0.009568466729604878,0.009568466729604878,0.009568466729604878,0.009568466729604878,0.009568466729604878,0.009568466729604878,0.009568466729604878,0.009568466729604878,0.009568466729604878,0.009568466729604878,0.009568466729604878,0.009568466729604878,0.008556998435328951,0.012398476608931529,0.011316163464511973,0.011316163464511973,0.011370038600540356,0.011370038600540356,0.009168181692983373,0.009168181692983373,0.009168181692983373,0.009374907406950147,0.009374907406950147

mean_time: , 4366.536228990555
best_solution: , 0.9341666666666667
worst_solution: , 0.9625
mean_solution: , 0.951
std_solution: , 0.009374907406950147



solutions runs are : 



0.9516666666666667

0.9508333333333333

0.9558333333333333

0.9341666666666667

0.9625

