# Scenario 419
Mean curve: 0.8,0.8085000000000001,0.8089999999999999,0.8105,0.8105,0.8105,0.8105,0.8105,0.8105,0.8140000000000001,0.8140000000000001,0.8140000000000001,0.8140000000000001,0.8140000000000001,0.8140000000000001,0.8140000000000001,0.8140000000000001,0.8140000000000001,0.8140000000000001,0.8140000000000001,0.8140000000000001,0.8140000000000001,0.8140000000000001,0.8140000000000001,0.8140000000000001,0.8160000000000001,0.8160000000000001,0.8254999999999999,0.8254999999999999,0.8254999999999999,0.8254999999999999,0.8254999999999999,0.8254999999999999,0.8254999999999999,0.8254999999999999,0.8254999999999999,0.8254999999999999,0.8254999999999999,0.8254999999999999,0.8265,0.8265,0.8265,0.8265,0.8265,0.8265,0.8265,0.827,0.827,0.827,0.8280000000000001,0.8280000000000001,0.8280000000000001,0.8280000000000001,0.8280000000000001,0.8280000000000001,0.8280000000000001,0.8280000000000001,0.8280000000000001,0.8280000000000001,0.8295,0.8295,0.8295,0.8295,0.8295,0.8295,0.8295,0.8370000000000001,0.8370000000000001,0.8385,0.8385,0.8385,0.8385,0.8385,0.8385,0.8385,0.8385,0.8385,0.8385,0.8385,0.8385,0.8385,0.8385,0.8385,0.8385,0.8385,0.8385,0.8385,0.8385,0.8385,0.8385,0.8385,0.8385,0.8385,0.8385,0.8390000000000001,0.8390000000000001,0.8390000000000001,0.8390000000000001,0.8390000000000001,0.8390000000000001
Std curve: 0.012349089035228453,0.006999999999999979,0.006041522986797283,0.003316624790355366,0.003316624790355366,0.003316624790355366,0.003316624790355366,0.003316624790355366,0.003316624790355366,0.009565563234854484,0.009565563234854484,0.009565563234854484,0.009565563234854484,0.009565563234854484,0.009565563234854484,0.009565563234854484,0.009565563234854484,0.009565563234854484,0.009565563234854484,0.009565563234854484,0.009565563234854484,0.009565563234854484,0.009565563234854484,0.009565563234854484,0.009565563234854484,0.010074720839804926,0.010074720839804926,0.018668154702594465,0.018668154702594465,0.018668154702594465,0.018668154702594465,0.018668154702594465,0.018668154702594465,0.018668154702594465,0.018668154702594465,0.018668154702594465,0.018668154702594465,0.018668154702594465,0.018668154702594465,0.01793042107704112,0.01793042107704112,0.01793042107704112,0.01793042107704112,0.01793042107704112,0.01793042107704112,0.01793042107704112,0.017349351572897496,0.017349351572897496,0.017349351572897496,0.01676305461424023,0.01676305461424023,0.01676305461424023,0.01676305461424023,0.01676305461424023,0.01676305461424023,0.01676305461424023,0.01676305461424023,0.01676305461424023,0.01676305461424023,0.015116216457831004,0.015116216457831004,0.015116216457831004,0.015116216457831004,0.015116216457831004,0.015116216457831004,0.015116216457831004,0.015362291495737243,0.015362291495737243,0.014195069566578422,0.014195069566578422,0.014195069566578422,0.014195069566578422,0.014195069566578422,0.014195069566578422,0.014195069566578422,0.014195069566578422,0.014195069566578422,0.014195069566578422,0.014195069566578422,0.014195069566578422,0.014195069566578422,0.014195069566578422,0.014195069566578422,0.014195069566578422,0.014195069566578422,0.014195069566578422,0.014195069566578422,0.014195069566578422,0.014195069566578422,0.014195069566578422,0.014195069566578422,0.014195069566578422,0.014195069566578422,0.014195069566578422,0.013928388277184147,0.013928388277184147,0.013928388277184147,0.013928388277184147,0.013928388277184147,0.013928388277184147

mean_time: , 4603.754913902283
best_solution: , 0.82
worst_solution: , 0.8575
mean_solution: , 0.8390000000000001
std_solution: , 0.013928388277184147



solutions runs are : 



0.8525

0.8325

0.8325

0.8575

0.82

