# Scenario 5
Mean curve: 0.8031666666666666,0.8186666666666668,0.8458333333333334,0.867,0.8863333333333333,0.8998333333333333,0.9213333333333333,0.9298333333333334,0.9356666666666668,0.9483333333333335,0.9540000000000001,0.9636666666666667,0.9671666666666667,0.9716666666666665,0.9761666666666666,0.9789999999999999,0.9799999999999999,0.9856666666666667,0.9886666666666667,0.9903333333333334,0.993,0.9946666666666667,0.9953333333333333,0.9976666666666667,0.9996666666666666,1.0,1.0,1.0,1.0,1.0,1.0,1.0,1.0,1.0,1.0,1.0,1.0,1.0,1.0,1.0,1.0,1.0,1.0,1.0,1.0,1.0,1.0,1.0,1.0,1.0,1.0,1.0,1.0,1.0,1.0,1.0,1.0,1.0,1.0,1.0,1.0,1.0,1.0,1.0,1.0,1.0,1.0,1.0,1.0,1.0,1.0,1.0,1.0,1.0,1.0,1.0,1.0,1.0,1.0,1.0,1.0,1.0,1.0,1.0,1.0,1.0,1.0,1.0,1.0,1.0,1.0,1.0,1.0,1.0,1.0,1.0,1.0,1.0,1.0,1.0
Std curve: 0.027010286106510507,0.01368900613225403,0.011642832797715314,0.009168181692983375,0.013066071415013102,0.011060440015358039,0.005883120864907605,0.004955356249106173,0.0060184900284225885,0.007071067811865492,0.004294699575575058,0.009015418890865661,0.008812869377601507,0.008449194570424368,0.004876246279442583,0.006289320754704387,0.007226494462892916,0.004784233364802423,0.00590668171555646,0.004876246279442583,0.0056174331821175535,0.004521553322083519,0.0040000000000000105,0.003887301263230203,0.000666666666666682,0.0,0.0,0.0,0.0,0.0,0.0,0.0,0.0,0.0,0.0,0.0,0.0,0.0,0.0,0.0,0.0,0.0,0.0,0.0,0.0,0.0,0.0,0.0,0.0,0.0,0.0,0.0,0.0,0.0,0.0,0.0,0.0,0.0,0.0,0.0,0.0,0.0,0.0,0.0,0.0,0.0,0.0,0.0,0.0,0.0,0.0,0.0,0.0,0.0,0.0,0.0,0.0,0.0,0.0,0.0,0.0,0.0,0.0,0.0,0.0,0.0,0.0,0.0,0.0,0.0,0.0,0.0,0.0,0.0,0.0,0.0,0.0,0.0,0.0,0.0

mean_time: , 4317.798417711258
best_solution: , 1.0
worst_solution: , 1.0
mean_solution: , 1.0
std_solution: , 0.0



solutions runs are : 



1.0

1.0

1.0

1.0

1.0

