# Scenario 169
Mean curve: 0.677875,0.677875,0.677875,0.677875,0.677875,0.6792916666666666,0.6792916666666666,0.6792916666666666,0.6792916666666666,0.6792916666666666,0.6792916666666666,0.6792916666666666,0.6792916666666666,0.6792916666666666,0.6792916666666666,0.6845416666666667,0.6845416666666667,0.6845416666666667,0.6845416666666667,0.6845416666666667,0.6845416666666667,0.6880833333333334,0.6882916666666666,0.6882916666666666,0.6885833333333333,0.6885833333333333,0.6885833333333333,0.6885833333333333,0.6888333333333334,0.6888333333333334,0.6888333333333334,0.6888333333333334,0.6888333333333334,0.6888333333333334,0.6888333333333334,0.6888333333333334,0.6888333333333334,0.6888333333333334,0.6888333333333334,0.6907500000000001,0.6911250000000001,0.6911250000000001,0.6917500000000001,0.6917500000000001,0.6917500000000001,0.6917500000000001,0.6917500000000001,0.6917500000000001,0.6917500000000001,0.6917500000000001,0.6919583333333333,0.6919583333333333,0.6921666666666667,0.6921666666666667,0.6921666666666667,0.6921666666666667,0.6921666666666667,0.6921666666666667,0.6921666666666667,0.692375,0.6942916666666668,0.6942916666666668,0.6942916666666668,0.6942916666666668,0.6947916666666667,0.6947916666666667,0.6962499999999999,0.6962499999999999,0.6966249999999999,0.6966249999999999,0.6966249999999999,0.6966249999999999,0.6966249999999999,0.6966249999999999,0.6976249999999999,0.6976249999999999,0.6976249999999999,0.6976249999999999,0.6976249999999999,0.6976249999999999,0.6976249999999999,0.6976249999999999,0.6981249999999999,0.6981249999999999,0.6981249999999999,0.6981249999999999,0.6981249999999999,0.6981249999999999,0.6981249999999999,0.6981249999999999,0.6981249999999999,0.6981249999999999,0.6981249999999999,0.6981249999999999,0.6981249999999999,0.6981249999999999,0.6981249999999999,0.6981249999999999,0.6981249999999999,0.6987916666666667
Std curve: 0.009559208765490056,0.009559208765490056,0.009559208765490056,0.009559208765490056,0.009559208765490056,0.008946794894759162,0.008946794894759162,0.008946794894759162,0.008946794894759162,0.008946794894759162,0.008946794894759162,0.008946794894759162,0.008946794894759162,0.008946794894759162,0.008946794894759162,0.007880839986250771,0.007880839986250771,0.007880839986250771,0.007880839986250771,0.007880839986250771,0.007880839986250771,0.008174953278833538,0.00785104380887591,0.00785104380887591,0.007413154599164309,0.007413154599164309,0.007413154599164309,0.007413154599164309,0.007193505944793379,0.007193505944793379,0.007193505944793379,0.007193505944793379,0.007193505944793379,0.007193505944793379,0.007193505944793379,0.007193505944793379,0.007193505944793379,0.007193505944793379,0.007193505944793379,0.005336912861279339,0.005732158309824405,0.005732158309824405,0.0060975860433089045,0.0060975860433089045,0.0060975860433089045,0.0060975860433089045,0.0060975860433089045,0.0060975860433089045,0.0060975860433089045,0.0060975860433089045,0.006023103666530888,0.006023103666530888,0.006120321342326188,0.006120321342326188,0.006120321342326188,0.006120321342326188,0.006120321342326188,0.006120321342326188,0.006120321342326188,0.005744260420435137,0.002870467441608319,0.002870467441608319,0.002870467441608319,0.002870467441608319,0.0022707377655731215,0.0022707377655731215,0.004303987169538904,0.004303987169538904,0.003955920317139305,0.003955920317139305,0.003955920317139305,0.003955920317139305,0.003955920317139305,0.003955920317139305,0.0036718713061446953,0.0036718713061446953,0.0036718713061446953,0.0036718713061446953,0.0036718713061446953,0.0036718713061446953,0.0036718713061446953,0.0036718713061446953,0.003092890593315932,0.003092890593315932,0.003092890593315932,0.003092890593315932,0.003092890593315932,0.003092890593315932,0.003092890593315932,0.003092890593315932,0.003092890593315932,0.003092890593315932,0.003092890593315932,0.003092890593315932,0.003092890593315932,0.003092890593315932,0.003092890593315932,0.003092890593315932,0.003092890593315932,0.002780762285577261

mean_time: , 21709.969720363617
best_solution: , 0.6952083333333333
worst_solution: , 0.70375
mean_solution: , 0.6987916666666667
std_solution: , 0.002780762285577261



solutions runs are : 



0.6977083333333334

0.70375

0.69875

0.6985416666666666

0.6952083333333333

