# Scenario 85
Mean curve: 0.7069000000000001,0.7152666666666666,0.7311,0.7387333333333334,0.7508666666666668,0.7608333333333334,0.7676000000000001,0.7765000000000001,0.7824,0.7859333333333333,0.7924666666666667,0.7981,0.8060666666666666,0.8060666666666666,0.8116666666666665,0.8169666666666666,0.8190666666666667,0.8243333333333333,0.8263999999999999,0.8272999999999999,0.8324333333333334,0.8356333333333333,0.8363666666666667,0.8370333333333333,0.8383,0.8393666666666666,0.8423333333333334,0.8446333333333333,0.8476666666666667,0.8486333333333332,0.8493666666666666,0.8523666666666665,0.8542666666666665,0.8564666666666666,0.8564666666666666,0.858,0.8593,0.8600666666666665,0.8600999999999999,0.8608333333333332,0.8613666666666667,0.8636333333333333,0.8652333333333333,0.8662000000000001,0.8662666666666666,0.8662666666666666,0.8664,0.8664333333333334,0.8664333333333334,0.8672666666666666,0.8672666666666666,0.8672666666666666,0.8672666666666666,0.8675666666666666,0.8675666666666666,0.8675666666666666,0.8688666666666667,0.8688666666666667,0.8691000000000001,0.8691000000000001,0.8691000000000001,0.8712666666666667,0.8712666666666667,0.8715333333333334,0.8720333333333332,0.8734999999999999,0.8741,0.8748333333333334,0.8752333333333333,0.8752333333333333,0.8752333333333333,0.8752333333333333,0.8752333333333333,0.8752333333333333,0.8767666666666667,0.8768333333333332,0.8776666666666667,0.8781333333333332,0.8781333333333332,0.8781333333333332,0.8781333333333332,0.8781666666666667,0.8781666666666667,0.8781666666666667,0.8781666666666667,0.8781666666666667,0.8792,0.8792,0.8792,0.8792,0.8792,0.8792,0.8792,0.8792,0.8792,0.8792,0.8792,0.8803333333333333,0.8803333333333333,0.8803333333333333
Std curve: 0.006786915516066334,0.006233065947919288,0.013700608259003209,0.010808227318935241,0.008767617185479252,0.00824957911384304,0.00979206027577672,0.00815952068309025,0.00968653131357601,0.008619486965913654,0.00877964818328289,0.00682446579105894,0.00681061263356276,0.00681061263356276,0.0060772800933750915,0.006797385118149808,0.007152000497141403,0.006006477984457917,0.003833478258129989,0.0031488975142985316,0.007172942988140281,0.008586423391998915,0.007773459118479161,0.007460562981437805,0.006327541211069119,0.005150404514857735,0.004108257267720456,0.0037139377126350964,0.0023967570682996825,0.002156128217172828,0.0025285041691350658,0.0020747155092794007,0.005649582088772372,0.004866438350808731,0.004866438350808731,0.0046821172798448794,0.0038490980184395633,0.0029108990592827655,0.0028917507192394915,0.002857738033247027,0.0030757112998459337,0.004476357646321154,0.0033641905085440575,0.005023721506789337,0.005027259027873269,0.005027259027873269,0.0049694623004461445,0.005029468715038937,0.005029468715038937,0.006419241907473702,0.006419241907473702,0.006419241907473702,0.006419241907473702,0.006332982446420222,0.006332982446420222,0.006332982446420222,0.005256107558513865,0.005256107558513865,0.005178588396250249,0.005178588396250249,0.005178588396250249,0.005097493937656482,0.005097493937656482,0.004806708275363132,0.004332564034277044,0.0034816981808051756,0.003789752263964234,0.003953901027255633,0.004259107887809348,0.004259107887809348,0.004259107887809348,0.004259107887809348,0.004259107887809348,0.004259107887809348,0.00629338276816742,0.0064005208121422795,0.007318925239860452,0.0070658804594096025,0.0070658804594096025,0.0070658804594096025,0.0070658804594096025,0.007021395872616773,0.007021395872616773,0.007021395872616773,0.007021395872616773,0.007021395872616773,0.005855102238409007,0.005855102238409007,0.005855102238409007,0.005855102238409007,0.005855102238409007,0.005855102238409007,0.005855102238409007,0.005855102238409007,0.005855102238409007,0.005855102238409007,0.005855102238409007,0.005256741703121174,0.005256741703121174,0.005256741703121174

mean_time: , 33378.53164620399
best_solution: , 0.8751666666666666
worst_solution: , 0.8903333333333333
mean_solution: , 0.8803333333333333
std_solution: , 0.005256741703121174



solutions runs are : 



0.8793333333333333

0.8796666666666667

0.8751666666666666

0.8903333333333333

0.8771666666666667

