# Scenario 388
Mean curve: 0.6671333333333334,0.6727,0.6748999999999999,0.6832,0.6876,0.6894666666666668,0.6918000000000001,0.6939666666666667,0.6950999999999999,0.697,0.6979,0.6979,0.7018333333333333,0.7018333333333333,0.7020666666666667,0.704,0.704,0.7042333333333334,0.7057666666666667,0.7063,0.7068666666666668,0.7068666666666668,0.7068666666666668,0.7072666666666667,0.7072666666666667,0.7074333333333334,0.7074333333333334,0.7074666666666667,0.7075333333333333,0.7075333333333333,0.7088333333333333,0.7090666666666666,0.7101333333333333,0.7110666666666667,0.7110666666666667,0.7114,0.7114,0.7114333333333334,0.7139666666666666,0.7143333333333334,0.7149333333333334,0.7149333333333334,0.7149333333333334,0.7153,0.7170000000000001,0.7170666666666667,0.7183666666666667,0.7189666666666666,0.7206,0.7206,0.7215666666666667,0.7219,0.7219,0.7219,0.7228,0.7237333333333333,0.7243333333333333,0.725,0.7260333333333333,0.7264333333333333,0.7273,0.7282666666666667,0.7296000000000001,0.7314333333333333,0.7314333333333333,0.7333333333333333,0.7333333333333333,0.7342,0.7342,0.7342,0.7342,0.7352666666666666,0.7352666666666666,0.7352666666666666,0.7357666666666667,0.7361666666666666,0.7361666666666666,0.7362333333333333,0.7364666666666666,0.7364666666666666,0.7364666666666666,0.7370666666666665,0.7370666666666665,0.7371333333333332,0.7371333333333332,0.7371333333333332,0.7376666666666666,0.7376666666666666,0.7376666666666666,0.7376666666666666,0.7380666666666666,0.7387333333333332,0.7387333333333332,0.7398666666666667,0.7408333333333333,0.7408333333333333,0.7409,0.7409,0.7409,0.7409
Std curve: 0.005600991975633501,0.0048159457361283894,0.00618384993349612,0.009367437690686212,0.009375262959275089,0.008669486720677293,0.006108645967442843,0.0050181891377490285,0.0061142820056360086,0.004059282914232232,0.003514414760825924,0.003514414760825924,0.005691123692987965,0.005691123692987965,0.0055932499000531394,0.008947377020979716,0.008947377020979716,0.008823957288100533,0.008618842407449196,0.008800505036012941,0.008483578909346654,0.008483578909346654,0.008483578909346654,0.008441037324352462,0.008441037324352462,0.00820203226848892,0.00820203226848892,0.00820121942152508,0.00820121942152508,0.00820121942152508,0.007011102306738634,0.006961481323843546,0.007172788083366829,0.008012212900039296,0.008012212900039296,0.00805025879501194,0.00805025879501194,0.008099794236069643,0.008446827149225272,0.008515998016804752,0.007548804173141895,0.007548804173141895,0.007548804173141895,0.007987768427066761,0.010143963722332625,0.010142649226574567,0.01046231331972047,0.011307519621915339,0.009056366698504325,0.009056366698504325,0.008089499366462709,0.008114185110040353,0.008114185110040353,0.008114185110040353,0.008451429859299977,0.009514667040358776,0.009812690196316677,0.010876069551491903,0.010774146008952283,0.01096185304691786,0.011549603167786056,0.011938080992260774,0.010894748990020632,0.012129669776580433,0.012129669776580433,0.011436296991985164,0.011436296991985164,0.011911432416893531,0.011911432416893531,0.011911432416893531,0.011911432416893531,0.01065551500397801,0.01065551500397801,0.01065551500397801,0.011027541279300083,0.010438710009702697,0.010438710009702697,0.010343328499300631,0.010545878605197182,0.010545878605197182,0.010545878605197182,0.009731164141846323,0.009731164141846323,0.009645609248657034,0.009645609248657034,0.009645609248657034,0.01018004584141613,0.01018004584141613,0.01018004584141613,0.01018004584141613,0.010211431502651015,0.010989692140061676,0.010989692140061676,0.010749883720301353,0.011880422738456938,0.011880422738456938,0.011867602959317446,0.011867602959317446,0.011867602959317446,0.011867602959317446

mean_time: , 33005.263041305545
best_solution: , 0.725
worst_solution: , 0.756
mean_solution: , 0.7409
std_solution: , 0.011867602959317446



solutions runs are : 



0.7523333333333333

0.756

0.7398333333333333

0.725

0.7313333333333333

