# Scenario 450
Mean curve: 0.7465555555555555,0.7652222222222222,0.7652222222222222,0.7652222222222222,0.7652222222222222,0.7652222222222222,0.7652222222222222,0.7652222222222222,0.7652222222222222,0.7657777777777779,0.7657777777777779,0.7657777777777779,0.7657777777777779,0.7657777777777779,0.7657777777777779,0.7667777777777779,0.7674444444444445,0.7674444444444445,0.7674444444444445,0.7674444444444445,0.7674444444444445,0.7674444444444445,0.7674444444444445,0.7674444444444445,0.7674444444444445,0.7674444444444445,0.7694444444444445,0.7694444444444445,0.7694444444444445,0.7694444444444445,0.7694444444444445,0.7694444444444445,0.7694444444444445,0.7700000000000001,0.7700000000000001,0.7700000000000001,0.7711111111111112,0.7711111111111112,0.7711111111111112,0.7711111111111112,0.7711111111111112,0.7711111111111112,0.7711111111111112,0.7711111111111112,0.7711111111111112,0.7711111111111112,0.7711111111111112,0.7711111111111112,0.7711111111111112,0.7711111111111112,0.7711111111111112,0.7711111111111112,0.7711111111111112,0.7711111111111112,0.7711111111111112,0.7711111111111112,0.7711111111111112,0.7711111111111112,0.7755555555555557,0.7755555555555557,0.7755555555555557,0.7755555555555557,0.7755555555555557,0.7755555555555557,0.7755555555555557,0.7755555555555557,0.7755555555555557,0.7755555555555557,0.7755555555555557,0.7755555555555557,0.7755555555555557,0.7755555555555557,0.7755555555555557,0.7755555555555557,0.7755555555555557,0.7755555555555557,0.7755555555555557,0.7755555555555557,0.7755555555555557,0.7755555555555557,0.7755555555555557,0.7755555555555557,0.7755555555555557,0.7755555555555557,0.7755555555555557,0.7755555555555557,0.7755555555555557,0.7755555555555557,0.7755555555555557,0.7755555555555557,0.7755555555555557,0.7755555555555557,0.7755555555555557,0.7755555555555557,0.7755555555555557,0.7755555555555557,0.7755555555555557,0.7755555555555557,0.7755555555555557,0.7755555555555557
Std curve: 0.006120195268409062,0.021587033144922912,0.021587033144922912,0.021587033144922912,0.021587033144922912,0.021587033144922912,0.021587033144922912,0.021587033144922912,0.021587033144922912,0.021133321649722217,0.021133321649722217,0.021133321649722217,0.021133321649722217,0.021133321649722217,0.021133321649722217,0.02044384057079176,0.01987802310264116,0.01987802310264116,0.01987802310264116,0.01987802310264116,0.01987802310264116,0.01987802310264116,0.01987802310264116,0.01987802310264116,0.01987802310264116,0.01987802310264116,0.01895087867274591,0.01895087867274591,0.01895087867274591,0.01895087867274591,0.01895087867274591,0.01895087867274591,0.01895087867274591,0.018836528735805193,0.018836528735805193,0.018836528735805193,0.017926461577549485,0.017926461577549485,0.017926461577549485,0.017926461577549485,0.017926461577549485,0.017926461577549485,0.017926461577549485,0.017926461577549485,0.017926461577549485,0.017926461577549485,0.017926461577549485,0.017926461577549485,0.017926461577549485,0.017926461577549485,0.017926461577549485,0.017926461577549485,0.017926461577549485,0.017926461577549485,0.017926461577549485,0.017926461577549485,0.017926461577549485,0.017926461577549485,0.016491673918737768,0.016491673918737768,0.016491673918737768,0.016491673918737768,0.016491673918737768,0.016491673918737768,0.016491673918737768,0.016491673918737768,0.016491673918737768,0.016491673918737768,0.016491673918737768,0.016491673918737768,0.016491673918737768,0.016491673918737768,0.016491673918737768,0.016491673918737768,0.016491673918737768,0.016491673918737768,0.016491673918737768,0.016491673918737768,0.016491673918737768,0.016491673918737768,0.016491673918737768,0.016491673918737768,0.016491673918737768,0.016491673918737768,0.016491673918737768,0.016491673918737768,0.016491673918737768,0.016491673918737768,0.016491673918737768,0.016491673918737768,0.016491673918737768,0.016491673918737768,0.016491673918737768,0.016491673918737768,0.016491673918737768,0.016491673918737768,0.016491673918737768,0.016491673918737768,0.016491673918737768,0.016491673918737768

mean_time: , 10683.606352281571
best_solution: , 0.7572222222222222
worst_solution: , 0.8055555555555556
mean_solution: , 0.7755555555555557
std_solution: , 0.016491673918737768



solutions runs are : 



0.7788888888888889

0.7677777777777778

0.8055555555555556

0.7683333333333333

0.7572222222222222

