# Scenario 192
Mean curve: 0.7189333333333334,0.7263999999999999,0.7294666666666666,0.7299333333333333,0.7322666666666666,0.7368666666666666,0.7368666666666666,0.7369333333333333,0.7376666666666667,0.7378,0.7378,0.7384666666666666,0.7387333333333335,0.7417333333333334,0.7417999999999999,0.7417999999999999,0.7427333333333334,0.7473333333333333,0.7473333333333333,0.7473333333333333,0.7473333333333333,0.7474666666666666,0.7480666666666667,0.7480666666666667,0.7480666666666667,0.7480666666666667,0.7480666666666667,0.7484666666666667,0.7484666666666667,0.7484666666666667,0.7502000000000001,0.7502000000000001,0.7502000000000001,0.7502000000000001,0.7530666666666667,0.7532,0.7532,0.7532,0.7543333333333333,0.7543333333333333,0.7543333333333333,0.7543333333333333,0.7543333333333333,0.7554000000000001,0.7572666666666666,0.7572666666666666,0.7572666666666666,0.7572666666666666,0.7572666666666666,0.7572666666666666,0.7572666666666666,0.7572666666666666,0.7572666666666666,0.7572666666666666,0.7582000000000001,0.7582000000000001,0.7582000000000001,0.7582000000000001,0.7584,0.7584,0.7584,0.7584,0.7599333333333333,0.7599333333333333,0.7599333333333333,0.7599333333333333,0.7599333333333333,0.7599333333333333,0.7599333333333333,0.7612666666666666,0.7612666666666666,0.7612666666666666,0.7612666666666666,0.7612666666666666,0.7612666666666666,0.7615333333333333,0.7615333333333333,0.7615333333333333,0.7615333333333333,0.7615333333333333,0.7617999999999999,0.7617999999999999,0.7617999999999999,0.7656,0.7656,0.7656,0.7656,0.7656,0.7656,0.7656,0.7656,0.7656,0.7656,0.7656,0.7656,0.7656,0.7656,0.7656,0.7656,0.7656
Std curve: 0.004024370206076404,0.004887171415496324,0.005175154318686745,0.0048460751587696424,0.00651630433775326,0.008693803668258353,0.008693803668258353,0.00862142035217453,0.007930251502246912,0.007872878903058442,0.007872878903058442,0.007425481652915054,0.007147338276900324,0.006684642432056073,0.006678655886063044,0.006678655886063044,0.005896891836665612,0.005019960159204455,0.005019960159204455,0.005019960159204455,0.005019960159204455,0.004901700385240494,0.004255192905928797,0.004255192905928797,0.004255192905928797,0.004255192905928797,0.004255192905928797,0.003969886648255851,0.003969886648255851,0.003969886648255851,0.0031594654962860736,0.0031594654962860736,0.0031594654962860736,0.0031594654962860736,0.007159764117778064,0.007144850515503383,0.007144850515503383,0.007144850515503383,0.007414700113812953,0.007414700113812953,0.007414700113812953,0.007414700113812953,0.007414700113812953,0.00657064177484464,0.004823092599382918,0.004823092599382918,0.004823092599382918,0.004823092599382918,0.004823092599382918,0.004823092599382918,0.004823092599382918,0.004823092599382918,0.004823092599382918,0.004823092599382918,0.004112852484049918,0.004112852484049918,0.004112852484049918,0.004112852484049918,0.004057366414587455,0.004057366414587455,0.004057366414587455,0.004057366414587455,0.003206936925548191,0.003206936925548191,0.003206936925548191,0.003206936925548191,0.003206936925548191,0.003206936925548191,0.003206936925548191,0.0034858443899736962,0.0034858443899736962,0.0034858443899736962,0.0034858443899736962,0.0034858443899736962,0.0034858443899736962,0.0032427697352040864,0.0032427697352040864,0.0032427697352040864,0.0032427697352040864,0.0032427697352040864,0.003630733014450686,0.003630733014450686,0.003630733014450686,0.005021730556071064,0.005021730556071064,0.005021730556071064,0.005021730556071064,0.005021730556071064,0.005021730556071064,0.005021730556071064,0.005021730556071064,0.005021730556071064,0.005021730556071064,0.005021730556071064,0.005021730556071064,0.005021730556071064,0.005021730556071064,0.005021730556071064,0.005021730556071064,0.005021730556071064

mean_time: , 18060.282552337645
best_solution: , 0.7603333333333333
worst_solution: , 0.7743333333333333
mean_solution: , 0.7656
std_solution: , 0.005021730556071064



solutions runs are : 



0.7646666666666667

0.7613333333333333

0.7603333333333333

0.7743333333333333

0.7673333333333333

