# Scenario 125
Mean curve: 0.7719166666666666,0.7834166666666667,0.7875,0.7899999999999999,0.7958333333333333,0.7994166666666667,0.8006666666666666,0.8025833333333333,0.80525,0.8058333333333334,0.8075833333333333,0.8121666666666666,0.8181666666666667,0.8184166666666666,0.8184166666666666,0.8184166666666666,0.8184166666666666,0.81875,0.81875,0.81875,0.81875,0.81875,0.81875,0.81875,0.81875,0.8223333333333332,0.8223333333333332,0.8223333333333332,0.8234999999999999,0.8234999999999999,0.8234999999999999,0.8234999999999999,0.8234999999999999,0.8234999999999999,0.8234999999999999,0.8242499999999999,0.8250833333333333,0.8250833333333333,0.8250833333333333,0.8269166666666667,0.8302499999999998,0.8302499999999998,0.8302499999999998,0.8311666666666667,0.8311666666666667,0.8311666666666667,0.8311666666666667,0.8311666666666667,0.8311666666666667,0.8311666666666667,0.8311666666666667,0.8311666666666667,0.8311666666666667,0.834,0.8340833333333333,0.8340833333333333,0.8340833333333333,0.8340833333333333,0.8340833333333333,0.8342499999999999,0.8342499999999999,0.8342499999999999,0.8342499999999999,0.8342499999999999,0.8349166666666668,0.8350833333333334,0.8350833333333334,0.8350833333333334,0.8350833333333334,0.8350833333333334,0.8350833333333334,0.8350833333333334,0.8350833333333334,0.8366666666666667,0.83775,0.83775,0.83775,0.83775,0.83775,0.83775,0.8386666666666667,0.8400833333333333,0.8400833333333333,0.8400833333333333,0.8406666666666667,0.8406666666666667,0.8414166666666667,0.8414166666666667,0.8421666666666667,0.8452500000000001,0.8454166666666667,0.8454166666666667,0.8466666666666667,0.8466666666666667,0.8466666666666667,0.8466666666666667,0.8474166666666667,0.8474166666666667,0.8474166666666667,0.8474166666666667
Std curve: 0.005674014843516426,0.0060173360661785556,0.003151278400198163,0.004224597285212167,0.006384660436459322,0.0048347699014534146,0.007059272861515768,0.007238016916869466,0.008289886743630568,0.007462871059079374,0.009254878593356998,0.009003857198137061,0.0053916087065406,0.005002777006601216,0.005002777006601216,0.005002777006601216,0.005002777006601216,0.004873397172404485,0.004873397172404485,0.004873397172404485,0.004873397172404485,0.004873397172404485,0.004873397172404485,0.004873397172404485,0.004873397172404485,0.004286607049870559,0.004286607049870559,0.004286607049870559,0.0035414215601459655,0.0035414215601459655,0.0035414215601459655,0.0035414215601459655,0.0035414215601459655,0.0035414215601459655,0.0035414215601459655,0.002950988534937622,0.003470110468942828,0.003470110468942828,0.003470110468942828,0.006239435515778285,0.00439854774013221,0.00439854774013221,0.00439854774013221,0.003822448313726564,0.003822448313726564,0.003822448313726564,0.003822448313726564,0.003822448313726564,0.003822448313726564,0.003822448313726564,0.003822448313726564,0.003822448313726564,0.003822448313726564,0.0046067583203617465,0.004544532734811996,0.004544532734811996,0.004544532734811996,0.004544532734811996,0.004544532734811996,0.004482992552104256,0.004482992552104256,0.004482992552104256,0.004482992552104256,0.004482992552104256,0.005173382731722937,0.0051194075178025746,0.0051194075178025746,0.0051194075178025746,0.0051194075178025746,0.0051194075178025746,0.0051194075178025746,0.0051194075178025746,0.0051194075178025746,0.005658081732256001,0.004997221450188324,0.004997221450188324,0.004997221450188324,0.004997221450188324,0.004997221450188324,0.004997221450188324,0.0059593530595937,0.006430180574620149,0.006430180574620149,0.006430180574620149,0.00656484746374372,0.00656484746374372,0.005241395064505461,0.005241395064505461,0.004043169823569392,0.006793583574062908,0.006713378020374245,0.006713378020374245,0.006635343079131429,0.006635343079131429,0.006635343079131429,0.006635343079131429,0.007028710961319821,0.007028710961319821,0.007028710961319821,0.007028710961319821

mean_time: , 7657.925490474701
best_solution: , 0.83625
worst_solution: , 0.85625
mean_solution: , 0.8474166666666667
std_solution: , 0.007028710961319821



solutions runs are : 



0.83625

0.85625

0.8525

0.8433333333333334

0.84875

