# Scenario 42
Mean curve: 0.5814449719373727,0.5892038252541043,0.6016381546029999,0.6133431592458665,0.6227332246109512,0.6408932968589615,0.6470684556045919,0.6540994360457695,0.6642468961760033,0.6751929541788442,0.6818036805897718,0.688995920731956,0.7001577341214814,0.7048479520365487,0.707224927655087,0.7151413576824234,0.7247962460387114,0.7277080512564114,0.7285922447209193,0.7335967286859767,0.7382157357995222,0.739166705767212,0.7413384302321325,0.7470950325059876,0.7488335575768573,0.7496439249112943,0.7512570527970184,0.7577468877672302,0.7586746220823102,0.7586746220823102,0.7607540595457719,0.7628765006514817,0.7638041554718275,0.7643328534737203,0.7655393131605115,0.7669486555195176,0.7679855163215696,0.7712694116322731,0.7731643831608046,0.7755288135256622,0.7755288135256622,0.7770942628912817,0.7770942628912817,0.7781618982759804,0.7781618982759804,0.7799042239496805,0.7799042239496805,0.7804581709417593,0.7807370004651506,0.7807370004651506,0.7825316975593034,0.7825316975593034,0.7825316975593034,0.7830533432919422,0.7837150680591864,0.7857535522344277,0.7879750869800712,0.7890437954253989,0.7896339847368019,0.7901109289760931,0.7901109289760931,0.7910147243032395,0.7910147243032395,0.7910147243032395,0.7910147243032395,0.7910147243032395,0.7910147243032395,0.7910147243032395,0.7910147243032395,0.7910147243032395,0.792284300349857,0.7935833490394542,0.794106339600138,0.7941809683485765,0.794293600015725,0.7962583554590734,0.7970692642925093,0.7970692642925093,0.7970692642925093,0.7970692642925093,0.7981284250908446,0.7981284250908446,0.7981284250908446,0.7981284250908446,0.7992266382122435,0.7992266382122435,0.7992266382122435,0.7992266382122435,0.7992266382122435,0.7992266382122435,0.7994087263965839,0.7994087263965839,0.7994087263965839,0.7994087263965839,0.7994087263965839,0.7994087263965839,0.7994087263965839,0.7994087263965839,0.7994087263965839,0.7994087263965839
Std curve: 0.011977275569260098,0.009178225201966171,0.00712459799631599,0.010635685100967117,0.006188692176764297,0.012662218775239015,0.009173488427557516,0.007504544652225278,0.010888848948951459,0.011986211196234938,0.009530259757742408,0.008447094922087391,0.010402962529730301,0.010052034334840101,0.011731776183658196,0.010348444659991619,0.013338680955095057,0.010982684571529946,0.009989209048948431,0.010503028217494352,0.01012046862512931,0.011707287771227865,0.010556105786477867,0.011818837104534506,0.010070293538752344,0.01017969673244806,0.009199141297669113,0.00983461977448326,0.00874729904606214,0.00874729904606214,0.00801005541707536,0.009144706359396211,0.010182885866166079,0.010872303223197696,0.009106177956082992,0.00802702386740175,0.008300171666920804,0.007848614955040432,0.006829923929264286,0.009857203191246144,0.009857203191246144,0.010526983453223662,0.010526983453223662,0.01010722677377764,0.01010722677377764,0.007634831565062844,0.007634831565062844,0.007459575691114447,0.007274290243341449,0.007274290243341449,0.007089088283407038,0.007089088283407038,0.007089088283407038,0.006460792076654303,0.006879828906564294,0.004146313313707151,0.006764622506522666,0.005929964231329802,0.005761915604394108,0.005177504642107738,0.005177504642107738,0.005618992826975408,0.005618992826975408,0.005618992826975408,0.005618992826975408,0.005618992826975408,0.005618992826975408,0.005618992826975408,0.005618992826975408,0.005618992826975408,0.004596711202365874,0.0036368266803344196,0.00336387783446199,0.0033498363677499894,0.0031841500492193913,0.002753220198270188,0.002269871417388629,0.002269871417388629,0.002269871417388629,0.002269871417388629,0.0031470540060219033,0.0031470540060219033,0.0031470540060219033,0.0031470540060219033,0.004930294559097049,0.004930294559097049,0.004930294559097049,0.004930294559097049,0.004930294559097049,0.004930294559097049,0.004802961641986139,0.004802961641986139,0.004802961641986139,0.004802961641986139,0.004802961641986139,0.004802961641986139,0.004802961641986139,0.004802961641986139,0.004802961641986139,0.004802961641986139

mean_time: , 47229.054024410245
best_solution: , 0.7936986301369863
worst_solution: , 0.8079809243284943
mean_solution: , 0.7994087263965839
std_solution: , 0.004802961641986139



solutions runs are : 



0.796369705820989

0.7994576271186441

0.8079809243284943

0.7995367445778059

0.7936986301369863

