# Scenario 155
Mean curve: 0.7931666666666667,0.8164999999999999,0.8265,0.8321666666666667,0.8414999999999999,0.8436666666666668,0.8495000000000001,0.8505,0.851,0.8546666666666667,0.8558333333333333,0.8568333333333333,0.8623333333333333,0.8648333333333333,0.8656666666666666,0.8663333333333334,0.8691666666666666,0.8693333333333333,0.8696666666666667,0.8713333333333333,0.8716666666666667,0.8716666666666667,0.8726666666666667,0.8731666666666668,0.8753333333333332,0.8753333333333332,0.8755,0.8755,0.8799999999999999,0.8799999999999999,0.882,0.8821666666666668,0.8836666666666666,0.8836666666666666,0.8853333333333333,0.8863333333333333,0.8876666666666667,0.8883333333333333,0.8885,0.8885,0.8885,0.8885,0.8885,0.8885,0.8891666666666668,0.893,0.893,0.893,0.893,0.893,0.8943333333333333,0.8943333333333333,0.8950000000000001,0.8950000000000001,0.8950000000000001,0.8950000000000001,0.8950000000000001,0.8963333333333334,0.8963333333333334,0.8963333333333334,0.8963333333333334,0.8976666666666666,0.8976666666666666,0.8976666666666666,0.8976666666666666,0.8993333333333334,0.8998333333333333,0.8998333333333333,0.9,0.9,0.9001666666666667,0.9001666666666667,0.9001666666666667,0.9001666666666667,0.9003333333333334,0.9003333333333334,0.9003333333333334,0.9018333333333335,0.9018333333333335,0.9018333333333335,0.9018333333333335,0.9025000000000001,0.9025000000000001,0.9025000000000001,0.9025000000000001,0.9025000000000001,0.9025000000000001,0.9025000000000001,0.9025000000000001,0.9025000000000001,0.9025000000000001,0.9025000000000001,0.9045,0.9045,0.9045,0.9045,0.9045,0.9045,0.9045,0.9045
Std curve: 0.008569973421454944,0.008389808632435464,0.005410894360249298,0.014108704956712204,0.010895972752454085,0.009348202441586772,0.00573972511924084,0.005286250509051212,0.0050935689299786875,0.003274480450731412,0.004472135954999567,0.004666666666666645,0.009536479667279982,0.009795123503276748,0.009594558643082843,0.00964076990931972,0.0057008771254957015,0.0055377492419453915,0.005259911279353169,0.004521553322083513,0.004346134936801759,0.004346134936801759,0.0046067583203617465,0.0039228674319799475,0.0040000000000000105,0.0040000000000000105,0.004169998667732283,0.004169998667732283,0.007110243002567167,0.007110243002567167,0.006023103666530872,0.005976807025680359,0.006944222218666553,0.006944222218666553,0.0070632067001390325,0.006023103666530891,0.004696334267868454,0.0036893239368631144,0.0034721111093332755,0.0034721111093332755,0.0034721111093332755,0.0034721111093332755,0.0034721111093332755,0.0034721111093332755,0.0038369548110737716,0.005016638981097459,0.005016638981097459,0.005016638981097459,0.005016638981097459,0.005016638981097459,0.00514781507049349,0.00514781507049349,0.004503085362035408,0.004503085362035408,0.004503085362035408,0.004503085362035408,0.004503085362035408,0.004904646323187373,0.004904646323187373,0.004904646323187373,0.004904646323187373,0.006900080514828147,0.006900080514828147,0.006900080514828147,0.006900080514828147,0.006222718234198164,0.0063552253216458765,0.0063552253216458765,0.006433419688539599,0.006433419688539599,0.0061779176642835455,0.0061779176642835455,0.0061779176642835455,0.0061779176642835455,0.0060918889608323505,0.0060918889608323505,0.0060918889608323505,0.006132789830991359,0.006132789830991359,0.006132789830991359,0.006132789830991359,0.0049721446300587694,0.0049721446300587694,0.0049721446300587694,0.0049721446300587694,0.0049721446300587694,0.0049721446300587694,0.0049721446300587694,0.0049721446300587694,0.0049721446300587694,0.0049721446300587694,0.0049721446300587694,0.006637435917246623,0.006637435917246623,0.006637435917246623,0.006637435917246623,0.006637435917246623,0.006637435917246623,0.006637435917246623,0.006637435917246623

mean_time: , 6623.100749206543
best_solution: , 0.8941666666666667
worst_solution: , 0.9133333333333333
mean_solution: , 0.9045
std_solution: , 0.006637435917246623



solutions runs are : 



0.9133333333333333

0.9091666666666667

0.9008333333333334

0.8941666666666667

0.905

