# Scenario 254
Mean curve: 0.7166666666666666,0.7214444444444444,0.7272222222222222,0.7306666666666667,0.7328888888888889,0.735111111111111,0.7508888888888888,0.7521111111111111,0.7569999999999999,0.7657777777777778,0.7657777777777778,0.7657777777777778,0.766,0.766,0.766,0.7714444444444445,0.7714444444444445,0.772,0.7724444444444445,0.772888888888889,0.7732222222222223,0.7763333333333333,0.7763333333333333,0.7769999999999999,0.7769999999999999,0.7784444444444445,0.7786666666666667,0.7786666666666667,0.7786666666666667,0.780111111111111,0.7807777777777778,0.783,0.783,0.7857777777777778,0.7864444444444445,0.7864444444444445,0.7864444444444445,0.7864444444444445,0.7895555555555556,0.7914444444444444,0.7921111111111111,0.7925555555555556,0.7928888888888889,0.7943333333333333,0.7972222222222223,0.7981111111111112,0.8003333333333333,0.8003333333333333,0.8026666666666668,0.8043333333333333,0.8047777777777778,0.8047777777777778,0.8047777777777778,0.8047777777777778,0.8047777777777778,0.8047777777777778,0.804888888888889,0.8053333333333332,0.8053333333333332,0.8053333333333332,0.8053333333333332,0.8053333333333332,0.8084444444444445,0.812,0.812,0.8122222222222224,0.8122222222222224,0.8122222222222224,0.8133333333333335,0.8133333333333335,0.8133333333333335,0.8133333333333335,0.8133333333333335,0.8133333333333335,0.8133333333333335,0.8133333333333335,0.8142222222222223,0.8164444444444443,0.8167777777777777,0.8167777777777777,0.8167777777777777,0.8167777777777777,0.8167777777777777,0.8175555555555555,0.8175555555555555,0.8187777777777777,0.819,0.8203333333333334,0.8212222222222222,0.8212222222222222,0.8214444444444444,0.822111111111111,0.822111111111111,0.822111111111111,0.822111111111111,0.8223333333333332,0.8223333333333332,0.8226666666666667,0.8226666666666667,0.8226666666666667
Std curve: 0.0031229931827900697,0.008906926143924925,0.007989190227665581,0.009212176590299622,0.008530265652297433,0.00591503629075829,0.015502289755204608,0.014021148048308773,0.01188213723137322,0.009991354287273942,0.009991354287273942,0.009991354287273942,0.009746161004261528,0.009746161004261528,0.009746161004261528,0.008466345867355007,0.008466345867355007,0.007837863150465965,0.007417030785901621,0.006906786785742254,0.007013215039137558,0.004786813161897332,0.004786813161897332,0.005370242654930915,0.005370242654930915,0.003150543750835092,0.0032126293988446806,0.0032126293988446806,0.0032126293988446806,0.003839367231815787,0.0032317865716109022,0.004669311419877951,0.004669311419877951,0.0032697642154582616,0.002346523564660327,0.002346523564660327,0.002346523564660327,0.002346523564660327,0.0056371781750959435,0.005801234436536276,0.006220237778790416,0.006010279260577133,0.005548884884081677,0.004408185427750538,0.0060553007081950135,0.005822476669588427,0.0073920210571021844,0.0073920210571021844,0.010905882431281686,0.009272287131122242,0.008969082698049143,0.008969082698049143,0.008969082698049143,0.008969082698049143,0.008969082698049143,0.008969082698049143,0.009008911911388662,0.008696529746377555,0.008696529746377555,0.008696529746377555,0.008696529746377555,0.008696529746377555,0.008856886837057612,0.008304394196024367,0.008304394196024367,0.00797372227467073,0.00797372227467073,0.00797372227467073,0.00939529695849319,0.00939529695849319,0.00939529695849319,0.00939529695849319,0.00939529695849319,0.00939529695849319,0.00939529695849319,0.00939529695849319,0.008289514423819751,0.009715712106088499,0.00933201048826491,0.00933201048826491,0.00933201048826491,0.00933201048826491,0.00933201048826491,0.008538944914151471,0.008538944914151471,0.007135375270223239,0.0073903507325848135,0.009146273612114066,0.009232256923484883,0.009232256923484883,0.008969082698049153,0.008273115763993925,0.008273115763993925,0.008273115763993925,0.008273115763993925,0.008258179633805375,0.008258179633805375,0.008737601445038922,0.008737601445038922,0.008737601445038922

mean_time: , 8345.142160844804
best_solution: , 0.8122222222222222
worst_solution: , 0.8355555555555556
mean_solution: , 0.8226666666666667
std_solution: , 0.008737601445038922



solutions runs are : 



0.8222222222222222

0.8122222222222222

0.8288888888888889

0.8144444444444444

0.8355555555555556

