# Scenario 92
Mean curve: 0.7149333333333334,0.7278666666666667,0.7389333333333333,0.7522666666666666,0.7627333333333333,0.7656666666666666,0.7740666666666667,0.7829333333333334,0.7886666666666666,0.7952666666666667,0.7992000000000001,0.8041333333333334,0.8093333333333333,0.8147333333333332,0.8183999999999999,0.8201333333333334,0.8279333333333334,0.8321333333333334,0.8365333333333332,0.8382666666666667,0.8396000000000001,0.8412666666666666,0.843,0.8461333333333332,0.8474666666666668,0.8498666666666667,0.8500666666666667,0.8511333333333333,0.853,0.8555999999999999,0.8576666666666668,0.8625999999999999,0.8627333333333332,0.8632666666666667,0.8646666666666667,0.8694,0.8711333333333334,0.8717333333333335,0.8738000000000001,0.874,0.8753333333333334,0.8766666666666667,0.8766666666666667,0.8775999999999999,0.8801333333333332,0.8812,0.8813333333333333,0.8826,0.8826,0.8834666666666667,0.8844666666666667,0.8855333333333334,0.8855333333333334,0.8855333333333334,0.8855333333333334,0.8855333333333334,0.8855333333333334,0.8855333333333334,0.8866000000000002,0.8867333333333335,0.8869333333333334,0.8898666666666667,0.8898666666666667,0.8898666666666667,0.8898666666666667,0.8898666666666667,0.8898666666666667,0.8898666666666667,0.8898666666666667,0.8898666666666667,0.8898666666666667,0.8905333333333333,0.8908000000000001,0.8915333333333333,0.8915333333333333,0.8915333333333333,0.8916666666666668,0.8922666666666668,0.8922666666666668,0.8924,0.8924,0.8924,0.8924,0.8924,0.8924,0.8924,0.8926666666666666,0.8926666666666666,0.8926666666666666,0.8926666666666666,0.8928,0.8933333333333333,0.8951333333333334,0.8951333333333334,0.8963333333333333,0.8976,0.8984666666666665,0.8984666666666665,0.8990666666666666,0.8990666666666666
Std curve: 0.008354373438837612,0.00691086101726837,0.007587709360098971,0.011902194008762525,0.008618842407449194,0.008251599171608425,0.004343065993307272,0.010834922960296273,0.008495750571772783,0.007528907254339402,0.006816972283287591,0.004754413154580105,0.007450577904505861,0.004927924963353682,0.005280572359550062,0.0050666666666666456,0.006042074698865161,0.003739280976634721,0.005768111572352878,0.005221323799787007,0.0054869542249472705,0.004368574646774878,0.006135506861249904,0.004450218471540988,0.0046072406781789525,0.00286434014119212,0.0026110874703421582,0.002604269997949929,0.0035714920629276708,0.0037853518844208874,0.0029287843515318555,0.004332820482472525,0.004368574646774918,0.004552898954390387,0.004853406592853667,0.003335998934185841,0.0034679484809706767,0.003814591866911986,0.0016944353369518414,0.0014757295747452417,0.0037653389990514544,0.0048166378315169225,0.0048166378315169225,0.005070174224488403,0.0071913528320862756,0.00660168328702778,0.006555743876767726,0.0070660377078592355,0.0070660377078592355,0.006574698979167517,0.006031767752676,0.004592747906573278,0.004592747906573278,0.004592747906573278,0.004592747906573278,0.004592747906573278,0.004592747906573278,0.004592747906573278,0.005990362630462749,0.005801915392542556,0.0057247998509409445,0.003606167556346274,0.003606167556346274,0.003606167556346274,0.003606167556346274,0.003606167556346274,0.003606167556346274,0.003606167556346274,0.003606167556346274,0.003606167556346274,0.003606167556346274,0.004003331945600659,0.004504812241740305,0.005912698199637806,0.005912698199637806,0.005912698199637806,0.005884065110297673,0.005904423953462557,0.005904423953462557,0.005941941321375264,0.005941941321375264,0.005941941321375264,0.005941941321375264,0.005941941321375264,0.005941941321375264,0.005941941321375264,0.00587272414547874,0.00587272414547874,0.00587272414547874,0.00587272414547874,0.005916455395289022,0.0062039413995369835,0.005678810517079166,0.005678810517079166,0.0043767060165786275,0.005458530530788988,0.006668666366756618,0.006668666366756618,0.006144193283996767,0.006144193283996767

mean_time: , 18194.991249418257
best_solution: , 0.8913333333333333
worst_solution: , 0.9086666666666666
mean_solution: , 0.8990666666666666
std_solution: , 0.006144193283996767



solutions runs are : 



0.8976666666666666

0.9086666666666666

0.8946666666666667

0.8913333333333333

0.903

