# Scenario 400
Mean curve: 0.7115215337645574,0.7129074009001338,0.7131968074608984,0.7131968074608984,0.7131968074608984,0.7131968074608984,0.7131968074608984,0.7131968074608984,0.7157016624122987,0.7157016624122987,0.7215813316014896,0.7215813316014896,0.7335748903035348,0.7335748903035348,0.7335748903035348,0.7335748903035348,0.734859478762256,0.734859478762256,0.734859478762256,0.734859478762256,0.734859478762256,0.7355543576768812,0.7360065023631808,0.7360065023631808,0.7360065023631808,0.7360065023631808,0.736345582003026,0.7370605815059772,0.7370605815059772,0.7370605815059772,0.7373535381573643,0.7373535381573643,0.7373535381573643,0.7373535381573643,0.7373535381573643,0.7373535381573643,0.7373535381573643,0.7373535381573643,0.7373535381573643,0.7373535381573643,0.7375962400257838,0.7375962400257838,0.7375962400257838,0.7375962400257838,0.7375962400257838,0.7375962400257838,0.7375962400257838,0.7375962400257838,0.7379932869009902,0.7379932869009902,0.7379932869009902,0.7394194260648996,0.7394194260648996,0.7394194260648996,0.7394194260648996,0.7394194260648996,0.7397107120217367,0.7397107120217367,0.7397107120217367,0.7397107120217367,0.7397107120217367,0.7397107120217367,0.7397107120217367,0.7397107120217367,0.7397107120217367,0.7397107120217367,0.7397107120217367,0.7397107120217367,0.7397107120217367,0.7397107120217367,0.7397107120217367,0.7427047378649138,0.7427047378649138,0.7427047378649138,0.7427047378649138,0.7427047378649138,0.7427047378649138,0.7427047378649138,0.7427047378649138,0.7427047378649138,0.7427047378649138,0.7427047378649138,0.7427047378649138,0.7427047378649138,0.743884325660088,0.743884325660088,0.743884325660088,0.743884325660088,0.743884325660088,0.743884325660088,0.743884325660088,0.743884325660088,0.743884325660088,0.743884325660088,0.743884325660088,0.743884325660088,0.743884325660088,0.743884325660088,0.743884325660088,0.743884325660088
Std curve: 0.003950493410141574,0.005470263973023275,0.00590364185496214,0.00590364185496214,0.00590364185496214,0.00590364185496214,0.00590364185496214,0.00590364185496214,0.004230990988270696,0.004230990988270696,0.005226502209691684,0.005226502209691684,0.017661598437865477,0.017661598437865477,0.017661598437865477,0.017661598437865477,0.017046485762975478,0.017046485762975478,0.017046485762975478,0.017046485762975478,0.017046485762975478,0.016779042896122472,0.01657905393612805,0.01657905393612805,0.01657905393612805,0.01657905393612805,0.01631024482736696,0.015823915958605328,0.015823915958605328,0.015823915958605328,0.015658042724146278,0.015658042724146278,0.015658042724146278,0.015658042724146278,0.015658042724146278,0.015658042724146278,0.015658042724146278,0.015658042724146278,0.015658042724146278,0.015658042724146278,0.015543938338360886,0.015543938338360886,0.015543938338360886,0.015543938338360886,0.015543938338360886,0.015543938338360886,0.015543938338360886,0.015543938338360886,0.015346424822877437,0.015346424822877437,0.015346424822877437,0.014966572737143694,0.014966572737143694,0.014966572737143694,0.014966572737143694,0.014966572737143694,0.014808286680305009,0.014808286680305009,0.014808286680305009,0.014808286680305009,0.014808286680305009,0.014808286680305009,0.014808286680305009,0.014808286680305009,0.014808286680305009,0.014808286680305009,0.014808286680305009,0.014808286680305009,0.014808286680305009,0.014808286680305009,0.014808286680305009,0.013826300057721124,0.013826300057721124,0.013826300057721124,0.013826300057721124,0.013826300057721124,0.013826300057721124,0.013826300057721124,0.013826300057721124,0.013826300057721124,0.013826300057721124,0.013826300057721124,0.013826300057721124,0.013826300057721124,0.014134387029955692,0.014134387029955692,0.014134387029955692,0.014134387029955692,0.014134387029955692,0.014134387029955692,0.014134387029955692,0.014134387029955692,0.014134387029955692,0.014134387029955692,0.014134387029955692,0.014134387029955692,0.014134387029955692,0.014134387029955692,0.014134387029955692,0.014134387029955692

mean_time: , 11159.917720651627
best_solution: , 0.7304347826086957
worst_solution: , 0.7686537702329254
mean_solution: , 0.743884325660088
std_solution: , 0.014134387029955692



solutions runs are : 



0.7304347826086957

0.74989491382934

0.73823477179897

0.7686537702329254

0.7322033898305085

