# Scenario 288
Mean curve: 0.6630333333333333,0.6679666666666667,0.6715666666666666,0.6758333333333334,0.6783333333333333,0.6783333333333333,0.6803,0.6837333333333333,0.6871666666666666,0.6873333333333334,0.6904,0.6923333333333334,0.6929666666666666,0.6936666666666668,0.6958666666666666,0.6973666666666667,0.6975666666666667,0.6981666666666666,0.6997666666666665,0.7004999999999999,0.7011,0.7049666666666666,0.7049666666666666,0.7062999999999999,0.7067333333333333,0.7078666666666666,0.7079,0.7086666666666667,0.7086666666666667,0.7093999999999999,0.7101999999999999,0.7114,0.7123666666666667,0.7151666666666666,0.7184999999999999,0.7184999999999999,0.7214333333333334,0.7221666666666666,0.7221666666666666,0.7251666666666666,0.7251666666666666,0.7264,0.7264,0.7264,0.7265666666666667,0.7281333333333333,0.7281333333333333,0.7300666666666668,0.7304666666666667,0.7307666666666667,0.7322333333333334,0.7322333333333334,0.7328666666666667,0.7328666666666667,0.7359,0.7359,0.7385999999999999,0.7387999999999999,0.7387999999999999,0.7398666666666667,0.7398666666666667,0.7398666666666667,0.7405,0.7405,0.7430666666666667,0.7430666666666667,0.7430666666666667,0.7432000000000001,0.7432000000000001,0.7432000000000001,0.7443000000000001,0.7446333333333334,0.7488,0.7491000000000001,0.7491000000000001,0.7494666666666667,0.7494666666666667,0.7516,0.7516,0.7526,0.7526,0.7529,0.7538333333333334,0.7538333333333334,0.7542666666666668,0.7546666666666667,0.7564666666666666,0.7565666666666667,0.7565666666666667,0.7567333333333333,0.7574,0.7574,0.7574,0.7585666666666666,0.7585666666666666,0.7633333333333334,0.7638333333333334,0.7638333333333334,0.7638333333333334,0.7645666666666667
Std curve: 0.0037124415446202477,0.005077619739821238,0.007286669716376291,0.006346477588219919,0.003951089863709882,0.003951089863709882,0.0029840315756446602,0.0036080157673959636,0.0013703203194063089,0.0013498971154211135,0.00485752566185248,0.0043397388554304965,0.00397408270338366,0.0035590260840104226,0.0037894590642992593,0.0021944374120843584,0.0024417662095749795,0.0019804601036683806,0.0011671427600007651,0.0006582805886043895,0.0011284207253207037,0.005646434469842185,0.005646434469842185,0.007084725353415837,0.006797548577734953,0.006457897834779081,0.0064166450216085105,0.006114645442614709,0.006114645442614709,0.005353711070110347,0.004780051138731556,0.005679984350526164,0.006084041054723039,0.0029702225879927194,0.005694051476955759,0.005694051476955759,0.006511186954431229,0.00674454512097657,0.00674454512097657,0.006866990283636296,0.006866990283636296,0.007024243731534401,0.007024243731534401,0.007024243731534401,0.006882828875784549,0.0063046719890006275,0.0063046719890006275,0.0029032548783888947,0.002842924941362725,0.0023795424396766225,0.0020483055327649756,0.0020483055327649756,0.0027596296047759034,0.0027596296047759034,0.0056643132367873595,0.0056643132367873595,0.00637843589326133,0.006382615277280762,0.006382615277280762,0.00681371166594733,0.00681371166594733,0.00681371166594733,0.007384668803225595,0.007384668803225595,0.010288396916483707,0.010288396916483707,0.010288396916483707,0.010123350345721633,0.010123350345721633,0.010123350345721633,0.009410041917488418,0.009762399522885991,0.00899221885854654,0.008952094726934026,0.008952094726934026,0.00965366942324697,0.00965366942324697,0.00982886904311309,0.00982886904311309,0.011550180373771955,0.011550180373771955,0.011358110171444323,0.01289056502511301,0.01289056502511301,0.012750860537408627,0.01285085384106615,0.01611534810186999,0.016300852056803004,0.016300852056803004,0.016197599273417747,0.015848098378740055,0.015848098378740055,0.015848098378740055,0.014812757264526348,0.014812757264526348,0.019006723956420158,0.018827580242234476,0.018827580242234476,0.018827580242234476,0.01812505938687591

mean_time: , 33095.605170536044
best_solution: , 0.7483333333333333
worst_solution: , 0.8
mean_solution: , 0.7645666666666667
std_solution: , 0.01812505938687591



solutions runs are : 



0.8

0.7578333333333334

0.7588333333333334

0.7483333333333333

0.7578333333333334

