# Scenario 397
Mean curve: 0.7135,0.7234,0.7257,0.7267,0.7316,0.7317,0.7326,0.7335,0.7335,0.7335,0.7347,0.736,0.736,0.736,0.736,0.7364,0.7376,0.7378,0.7395,0.7405999999999999,0.7418,0.7430999999999999,0.744,0.7462,0.7462,0.7471,0.75,0.75,0.7525000000000001,0.7525000000000001,0.7525000000000001,0.7531,0.7533,0.7533,0.7565999999999999,0.7565999999999999,0.7569999999999999,0.7569999999999999,0.7569999999999999,0.7574,0.7574,0.7583,0.7596,0.7600999999999999,0.7613,0.7624999999999998,0.7632999999999999,0.7638,0.7644,0.7678999999999999,0.7678999999999999,0.7678999999999999,0.7693999999999999,0.7693999999999999,0.7711,0.7711,0.7711,0.7711,0.7711,0.7711,0.7711,0.7724,0.7724,0.7727999999999999,0.7727999999999999,0.7731,0.7731,0.7731,0.7731,0.7736,0.7736,0.7739,0.7759,0.7762,0.7762,0.7762,0.7762,0.7762,0.7762,0.7763,0.7763,0.7763,0.7764,0.7768,0.7775000000000001,0.7786000000000001,0.7795,0.7811,0.7815000000000001,0.7822,0.7835,0.784,0.784,0.784,0.784,0.784,0.784,0.7841,0.7841,0.7841
Std curve: 0.006204836822995423,0.0064140470843298235,0.005035871324805664,0.004377213725647858,0.0050139804546886985,0.005025932749251655,0.0048826222462935,0.004549725266430942,0.004549725266430942,0.004549725266430942,0.005201922721455991,0.005991660871578101,0.005991660871578101,0.005991660871578101,0.005991660871578101,0.005589275444992842,0.005624944444170089,0.005670978751503127,0.0046797435827190285,0.0036523964735499436,0.004032369030731206,0.001854723699099151,0.003178049716414164,0.002803569153775246,0.002803569153775246,0.0032771939216347783,0.007259476565152612,0.007259476565152612,0.006789698078707169,0.006789698078707169,0.006789698078707169,0.0061757590626577916,0.005921148537234972,0.005921148537234972,0.006135144660071182,0.006135144660071182,0.006618156843109715,0.006618156843109715,0.006618156843109715,0.007102112361825877,0.007102112361825877,0.006493073232299177,0.005834380858325935,0.005379591062525102,0.004007492981902766,0.004230839160261248,0.0032954514106568237,0.003264965543462917,0.0026343879744639164,0.004543126676640226,0.004543126676640226,0.004543126676640226,0.003322649545167233,0.003322649545167233,0.004223742416388564,0.004223742416388564,0.004223742416388564,0.004223742416388564,0.004223742416388564,0.004223742416388564,0.004223742416388564,0.004066939881532537,0.004066939881532537,0.0035860842154082076,0.0035860842154082076,0.003773592452822635,0.003773592452822635,0.003773592452822635,0.003773592452822635,0.0040174618853201435,0.0040174618853201435,0.004140048308896914,0.0073171032519707135,0.007032780389006913,0.007032780389006913,0.007032780389006913,0.007032780389006913,0.007032780389006913,0.007032780389006913,0.006946941773183389,0.006946941773183389,0.006946941773183389,0.006865857557508766,0.006816157275180816,0.006403124237432868,0.006351377803280185,0.00728697468089467,0.00815720540381324,0.00804363102087608,0.007249827584156741,0.006058052492344369,0.005848076606885369,0.005848076606885369,0.005848076606885369,0.005848076606885369,0.005848076606885369,0.005848076606885369,0.005994997914928752,0.005994997914928752,0.005994997914928752

mean_time: , 13212.147600603104
best_solution: , 0.776
worst_solution: , 0.793
mean_solution: , 0.7841
std_solution: , 0.005994997914928752



solutions runs are : 



0.776

0.7805

0.7825

0.793

0.7885

