# Scenario 232
Mean curve: 0.7506666666666667,0.7556666666666667,0.7703333333333333,0.779,0.7833333333333333,0.7849999999999999,0.79,0.7953333333333333,0.7996666666666666,0.8048333333333332,0.8145,0.8176666666666665,0.8193333333333334,0.8216666666666667,0.8226666666666667,0.8246666666666667,0.8296666666666667,0.8296666666666667,0.8296666666666667,0.8309999999999998,0.8343333333333334,0.8361666666666666,0.8366666666666667,0.8391666666666667,0.8428333333333333,0.8451666666666666,0.8451666666666666,0.8466666666666667,0.8471666666666667,0.8471666666666667,0.8496666666666668,0.8496666666666668,0.8505,0.8525,0.853,0.8550000000000001,0.8580000000000002,0.8583333333333332,0.8595,0.8601666666666666,0.8601666666666666,0.8653333333333334,0.8653333333333334,0.8671666666666666,0.8699999999999999,0.8699999999999999,0.8706666666666667,0.8716666666666667,0.8716666666666667,0.8728333333333331,0.8728333333333331,0.8728333333333331,0.8728333333333331,0.8728333333333331,0.8728333333333331,0.8733333333333333,0.8733333333333333,0.8751666666666665,0.8751666666666665,0.8764999999999998,0.8779999999999999,0.8781666666666667,0.8791666666666667,0.8813333333333333,0.8815,0.8836666666666666,0.8836666666666666,0.8836666666666666,0.8836666666666666,0.8836666666666666,0.8836666666666666,0.8855000000000001,0.8855000000000001,0.8878333333333334,0.8878333333333334,0.8878333333333334,0.8878333333333334,0.8881666666666665,0.8881666666666665,0.8881666666666665,0.8898333333333334,0.8898333333333334,0.8898333333333334,0.8898333333333334,0.8918333333333333,0.8926666666666667,0.8946666666666667,0.8965,0.8965,0.8965,0.8965,0.8973333333333333,0.8981666666666668,0.8981666666666668,0.8981666666666668,0.8981666666666668,0.8981666666666668,0.8981666666666668,0.8981666666666668,0.8981666666666668
Std curve: 0.009709674442419674,0.008455767262643896,0.013193011618108857,0.005410894360249313,0.0064117946872237685,0.007763876465901413,0.005962847939999431,0.013920408678547382,0.011212592127702774,0.01195361405136073,0.009868580895391664,0.00713753770178797,0.008682677518420745,0.008449194570424395,0.006612278141625799,0.0035197853469904755,0.004169998667732253,0.004169998667732253,0.004169998667732253,0.00381517438075319,0.006920179830675576,0.006944222218666559,0.006831300510639738,0.005845225972250085,0.005441609239104851,0.004326918328582412,0.004326918328582412,0.002838231060987734,0.0028674417556808773,0.0028674417556808773,0.005906681715556439,0.005906681715556439,0.004932882862316235,0.006191391873668885,0.005930148958219053,0.0075828754440515475,0.008409650541028579,0.008514693182963206,0.007684761255599002,0.007644896627453165,0.007644896627453165,0.0071802197428460154,0.0071802197428460154,0.007389933092465142,0.003456073558887953,0.003456073558887953,0.0032231799343022914,0.0035355339059327407,0.0035355339059327407,0.004034572812303384,0.004034572812303384,0.004034572812303384,0.004034572812303384,0.004034572812303384,0.004034572812303384,0.0033333333333333266,0.0033333333333333266,0.003045944480416151,0.003045944480416151,0.0026562295750848465,0.004642796092394705,0.004453463071962483,0.003535533905932741,0.004102844541697073,0.003922867431979977,0.00490464632318742,0.00490464632318742,0.00490464632318742,0.00490464632318742,0.00490464632318742,0.00490464632318742,0.00439696865275766,0.00439696865275766,0.005567764362830038,0.005567764362830038,0.005567764362830038,0.005567764362830038,0.005734883511361772,0.005734883511361772,0.005734883511361772,0.0033499585403736257,0.0033499585403736257,0.0033499585403736257,0.0033499585403736257,0.00351188458428424,0.004515405728048014,0.006761820925033598,0.006485025486114573,0.006485025486114573,0.006485025486114573,0.006485025486114573,0.006289320754704399,0.004813176359397888,0.004813176359397888,0.004813176359397888,0.004813176359397888,0.004813176359397888,0.004813176359397888,0.004813176359397888,0.004813176359397888

mean_time: , 5439.62058725357
best_solution: , 0.89
worst_solution: , 0.905
mean_solution: , 0.8981666666666668
std_solution: , 0.004813176359397888



solutions runs are : 



0.905

0.8991666666666667

0.89

0.8991666666666667

0.8975

