# Scenario 106
Mean curve: 0.8088333333333333,0.8240000000000001,0.8415000000000001,0.8526666666666667,0.86,0.8666666666666666,0.8671666666666666,0.8673333333333332,0.8693333333333333,0.8693333333333333,0.8719999999999999,0.8823333333333332,0.8823333333333332,0.8823333333333332,0.8828333333333334,0.8828333333333334,0.8866666666666667,0.8866666666666667,0.8866666666666667,0.8866666666666667,0.8866666666666667,0.8966666666666667,0.8966666666666667,0.8966666666666667,0.8966666666666667,0.8966666666666667,0.8975,0.9001666666666667,0.9013333333333333,0.9013333333333333,0.9013333333333333,0.9013333333333333,0.9013333333333333,0.9013333333333333,0.9043333333333333,0.9043333333333333,0.9043333333333333,0.9085000000000001,0.9085000000000001,0.9085000000000001,0.9116666666666667,0.9135,0.9135,0.9135,0.9135,0.9135,0.9135,0.9135,0.9135,0.9146666666666666,0.9146666666666666,0.9146666666666666,0.9146666666666666,0.9173333333333332,0.9173333333333332,0.9173333333333332,0.9205,0.9205,0.9205,0.9205,0.9226666666666666,0.9226666666666666,0.9226666666666666,0.9226666666666666,0.9226666666666666,0.9226666666666666,0.9226666666666666,0.9226666666666666,0.9226666666666666,0.9226666666666666,0.9226666666666666,0.9241666666666666,0.9251666666666667,0.9268333333333333,0.9268333333333333,0.9268333333333333,0.9268333333333333,0.9268333333333333,0.9268333333333333,0.9268333333333333,0.9268333333333333,0.9268333333333333,0.9268333333333333,0.9268333333333333,0.9281666666666666,0.9281666666666666,0.9281666666666666,0.9285,0.9286666666666668,0.9316666666666666,0.9326666666666666,0.9326666666666666,0.9326666666666666,0.9333333333333333,0.9353333333333333,0.9356666666666668,0.9356666666666668,0.9356666666666668,0.9361666666666666,0.9361666666666666
Std curve: 0.005811865258054216,0.016282232989093107,0.007947746011710902,0.01454303957224897,0.017440374613713606,0.0117023264543613,0.011274356350191844,0.01103529690483123,0.010088497300281028,0.010088497300281028,0.009868580895391652,0.018038538989865273,0.018038538989865273,0.018038538989865273,0.01726911179598483,0.01726911179598483,0.012505554321536059,0.012505554321536059,0.012505554321536059,0.012505554321536059,0.012505554321536059,0.01974138349311472,0.01974138349311472,0.01974138349311472,0.01974138349311472,0.01974138349311472,0.01891501461214815,0.017113996870657924,0.016804430632689972,0.016804430632689972,0.016804430632689972,0.016804430632689972,0.016804430632689972,0.016804430632689972,0.013798148023879473,0.013798148023879473,0.013798148023879473,0.013492796432006076,0.013492796432006076,0.013492796432006076,0.015220600075774497,0.014116578118573132,0.014116578118573132,0.014116578118573132,0.014116578118573132,0.014116578118573132,0.014116578118573132,0.014116578118573132,0.014116578118573132,0.01388044187577134,0.01388044187577134,0.01388044187577134,0.01388044187577134,0.0092255683353987,0.0092255683353987,0.0092255683353987,0.013381164207779362,0.013381164207779362,0.013381164207779362,0.013381164207779362,0.010946841249115337,0.010946841249115337,0.010946841249115337,0.010946841249115337,0.010946841249115337,0.010946841249115337,0.010946841249115337,0.010946841249115337,0.010946841249115337,0.010946841249115337,0.010946841249115337,0.010408329997330656,0.009521904571390457,0.008888194417315578,0.008888194417315578,0.008888194417315578,0.008888194417315578,0.008888194417315578,0.008888194417315578,0.008888194417315578,0.008888194417315578,0.008888194417315578,0.008888194417315578,0.008888194417315578,0.009255628917943206,0.009255628917943206,0.009255628917943206,0.008762292952063258,0.008524474568362955,0.006055300708194976,0.006633249580710796,0.006633249580710796,0.006633249580710796,0.006324555320336759,0.007023769168568489,0.006463573143221757,0.006463573143221757,0.006463573143221757,0.00622718056408978,0.00622718056408978

mean_time: , 4358.058609437942
best_solution: , 0.925
worst_solution: , 0.9416666666666667
mean_solution: , 0.9361666666666666
std_solution: , 0.00622718056408978



solutions runs are : 



0.9341666666666667

0.9416666666666667

0.925

0.9383333333333334

0.9416666666666667

