# Scenario 307
Mean curve: 0.7568333333333334,0.7878333333333332,0.7879999999999999,0.7883333333333333,0.7994999999999999,0.7994999999999999,0.8026666666666668,0.8068333333333333,0.8091666666666667,0.8135,0.8233333333333333,0.8248333333333333,0.8273333333333334,0.8318333333333333,0.8328333333333333,0.833,0.8375,0.8385,0.8406666666666667,0.8431666666666666,0.8434999999999999,0.8455,0.8455,0.8474999999999999,0.8553333333333333,0.8553333333333333,0.8566666666666667,0.8591666666666666,0.8591666666666666,0.8591666666666666,0.8593333333333332,0.8593333333333332,0.8593333333333332,0.8593333333333332,0.8593333333333332,0.8593333333333332,0.8593333333333332,0.8618333333333332,0.8698333333333332,0.8703333333333333,0.873,0.8788333333333334,0.8788333333333334,0.8808333333333334,0.8808333333333334,0.8868333333333334,0.8868333333333334,0.8916666666666666,0.8916666666666666,0.8916666666666666,0.8936666666666667,0.8948333333333334,0.8956666666666667,0.8956666666666667,0.8956666666666667,0.8976666666666666,0.8976666666666666,0.8976666666666666,0.8976666666666666,0.8998333333333333,0.9006666666666666,0.9006666666666666,0.9006666666666666,0.9006666666666666,0.9006666666666666,0.9021666666666667,0.9021666666666667,0.9021666666666667,0.9021666666666667,0.9028333333333333,0.9043333333333333,0.9043333333333333,0.9053333333333333,0.9053333333333333,0.9053333333333333,0.9053333333333333,0.9053333333333333,0.9053333333333333,0.9068333333333334,0.9071666666666666,0.9071666666666666,0.9071666666666666,0.9076666666666666,0.9076666666666666,0.9081666666666667,0.9081666666666667,0.9086666666666666,0.9086666666666666,0.9086666666666666,0.9118333333333334,0.9118333333333334,0.9118333333333334,0.9125,0.9125,0.9125,0.9138333333333334,0.9138333333333334,0.9138333333333334,0.9164999999999999,0.9164999999999999
Std curve: 0.006654154925892384,0.02105943968865269,0.021112134478119982,0.020689503511576987,0.025075441726473715,0.025075441726473715,0.02392929399525009,0.021385353243127257,0.02058856208890969,0.017813852287849864,0.015247950681976912,0.015459624833740311,0.019532024984624606,0.019165942015286735,0.01917463602435954,0.01926856968687031,0.020889923142244672,0.019460786783227,0.017339742404853253,0.01435076459441951,0.014017845768876207,0.014894070408499284,0.014894070408499284,0.01248332220738269,0.019497863130780963,0.019497863130780963,0.020323768242025315,0.01745629463036823,0.01745629463036823,0.01745629463036823,0.017578395831246964,0.017578395831246964,0.017578395831246964,0.017578395831246964,0.017578395831246964,0.017578395831246964,0.017578395831246964,0.01516025505502246,0.017219175357722584,0.01651262143533445,0.013391539617733783,0.008765462528203136,0.008765462528203136,0.011726039399558573,0.011726039399558573,0.014657193910613767,0.014657193910613767,0.019881593944595537,0.019881593944595537,0.019881593944595537,0.018292378497918517,0.01658647373949965,0.015468606200229494,0.015468606200229494,0.015468606200229494,0.016510939134740693,0.016510939134740693,0.016510939134740693,0.016510939134740693,0.018168960099882208,0.019144189719076662,0.019144189719076662,0.019144189719076662,0.019144189719076662,0.019144189719076662,0.017421251390184373,0.017421251390184373,0.017421251390184373,0.017421251390184373,0.018292378497918517,0.01830604029032799,0.01830604029032799,0.01924693337766942,0.01924693337766942,0.01924693337766942,0.01924693337766942,0.01924693337766942,0.01924693337766942,0.021044925490219475,0.02135415650406264,0.02135415650406264,0.02135415650406264,0.021847959477565283,0.021847959477565283,0.021287711635276055,0.021287711635276055,0.021295539439046874,0.021295539439046874,0.021295539439046874,0.02559513842726995,0.02559513842726995,0.02559513842726995,0.02558211180579985,0.02558211180579985,0.02558211180579985,0.025763885145252796,0.025763885145252796,0.025763885145252796,0.022891046284519195,0.022891046284519195

mean_time: , 4394.2883133888245
best_solution: , 0.8875
worst_solution: , 0.95
mean_solution: , 0.9164999999999999
std_solution: , 0.022891046284519195



solutions runs are : 



0.895

0.92

0.95

0.93

0.8875

