# Scenario 458
Mean curve: 0.7486666666666666,0.7571666666666667,0.7571666666666667,0.7571666666666667,0.7571666666666667,0.7575000000000001,0.7575000000000001,0.7575000000000001,0.7575000000000001,0.7575000000000001,0.7575000000000001,0.7575000000000001,0.7588333333333334,0.7588333333333334,0.7589999999999999,0.7603333333333333,0.7641666666666667,0.7643333333333333,0.7643333333333333,0.7676666666666667,0.7676666666666667,0.7696666666666666,0.7696666666666666,0.7696666666666666,0.7696666666666666,0.7696666666666666,0.7696666666666666,0.7696666666666666,0.7696666666666666,0.7696666666666666,0.7696666666666666,0.7696666666666666,0.7696666666666666,0.7696666666666666,0.7696666666666666,0.7696666666666666,0.7696666666666666,0.7696666666666666,0.7696666666666666,0.7696666666666666,0.7696666666666666,0.7696666666666666,0.7696666666666666,0.7696666666666666,0.7696666666666666,0.7696666666666666,0.7696666666666666,0.7696666666666666,0.7696666666666666,0.7696666666666666,0.7696666666666666,0.7696666666666666,0.7696666666666666,0.7696666666666666,0.7696666666666666,0.7696666666666666,0.7696666666666666,0.7696666666666666,0.7696666666666666,0.7696666666666666,0.7696666666666666,0.7696666666666666,0.7696666666666666,0.7696666666666666,0.7696666666666666,0.7696666666666666,0.7696666666666666,0.7696666666666666,0.7696666666666666,0.7696666666666666,0.7696666666666666,0.7696666666666666,0.7696666666666666,0.7696666666666666,0.7696666666666666,0.7696666666666666,0.7696666666666666,0.7696666666666666,0.7696666666666666,0.7696666666666666,0.7696666666666666,0.7696666666666666,0.7696666666666666,0.7696666666666666,0.7696666666666666,0.7696666666666666,0.7696666666666666,0.7696666666666666,0.7696666666666666,0.7696666666666666,0.7696666666666666,0.7696666666666666,0.7696666666666666,0.7696666666666666,0.7696666666666666,0.7696666666666666,0.7696666666666666,0.7696666666666666,0.7696666666666666,0.7696666666666666
Std curve: 0.008797095480264446,0.006924192692613672,0.006924192692613672,0.006924192692613672,0.006924192692613672,0.006770032003863306,0.006770032003863306,0.006770032003863306,0.006770032003863306,0.006770032003863306,0.006770032003863306,0.006770032003863306,0.006802777210652862,0.006802777210652862,0.006695769808866898,0.0064247784224654705,0.009874208829065752,0.009623466688834697,0.009623466688834697,0.010921436616937244,0.010921436616937244,0.008038103701191651,0.008038103701191651,0.008038103701191651,0.008038103701191651,0.008038103701191651,0.008038103701191651,0.008038103701191651,0.008038103701191651,0.008038103701191651,0.008038103701191651,0.008038103701191651,0.008038103701191651,0.008038103701191651,0.008038103701191651,0.008038103701191651,0.008038103701191651,0.008038103701191651,0.008038103701191651,0.008038103701191651,0.008038103701191651,0.008038103701191651,0.008038103701191651,0.008038103701191651,0.008038103701191651,0.008038103701191651,0.008038103701191651,0.008038103701191651,0.008038103701191651,0.008038103701191651,0.008038103701191651,0.008038103701191651,0.008038103701191651,0.008038103701191651,0.008038103701191651,0.008038103701191651,0.008038103701191651,0.008038103701191651,0.008038103701191651,0.008038103701191651,0.008038103701191651,0.008038103701191651,0.008038103701191651,0.008038103701191651,0.008038103701191651,0.008038103701191651,0.008038103701191651,0.008038103701191651,0.008038103701191651,0.008038103701191651,0.008038103701191651,0.008038103701191651,0.008038103701191651,0.008038103701191651,0.008038103701191651,0.008038103701191651,0.008038103701191651,0.008038103701191651,0.008038103701191651,0.008038103701191651,0.008038103701191651,0.008038103701191651,0.008038103701191651,0.008038103701191651,0.008038103701191651,0.008038103701191651,0.008038103701191651,0.008038103701191651,0.008038103701191651,0.008038103701191651,0.008038103701191651,0.008038103701191651,0.008038103701191651,0.008038103701191651,0.008038103701191651,0.008038103701191651,0.008038103701191651,0.008038103701191651,0.008038103701191651,0.008038103701191651

mean_time: , 8517.188261795043
best_solution: , 0.76
worst_solution: , 0.7791666666666667
mean_solution: , 0.7696666666666666
std_solution: , 0.008038103701191651



solutions runs are : 



0.7616666666666667

0.76

0.7783333333333333

0.7791666666666667

0.7691666666666667

