# Scenario 412
Mean curve: 0.7963333333333333,0.7966666666666666,0.8083333333333333,0.8123333333333334,0.8130000000000001,0.8143333333333335,0.8143333333333335,0.8143333333333335,0.8143333333333335,0.8143333333333335,0.8143333333333335,0.8143333333333335,0.8143333333333335,0.8143333333333335,0.8143333333333335,0.8143333333333335,0.8143333333333335,0.8143333333333335,0.8143333333333335,0.8143333333333335,0.8143333333333335,0.8143333333333335,0.8143333333333335,0.8143333333333335,0.8143333333333335,0.8143333333333335,0.8143333333333335,0.8143333333333335,0.8143333333333335,0.8143333333333335,0.8143333333333335,0.8143333333333335,0.8143333333333335,0.8143333333333335,0.8143333333333335,0.8143333333333335,0.8153333333333335,0.8153333333333335,0.8153333333333335,0.8153333333333335,0.8153333333333335,0.8153333333333335,0.8153333333333335,0.8153333333333335,0.8153333333333335,0.8153333333333335,0.8153333333333335,0.8153333333333335,0.8153333333333335,0.8153333333333335,0.8153333333333335,0.8153333333333335,0.8153333333333335,0.8153333333333335,0.8153333333333335,0.8153333333333335,0.8153333333333335,0.8160000000000001,0.8160000000000001,0.8160000000000001,0.8160000000000001,0.8160000000000001,0.8160000000000001,0.8160000000000001,0.8160000000000001,0.8160000000000001,0.8160000000000001,0.8160000000000001,0.8160000000000001,0.8160000000000001,0.8160000000000001,0.8160000000000001,0.8160000000000001,0.8160000000000001,0.8160000000000001,0.8160000000000001,0.8160000000000001,0.8160000000000001,0.8160000000000001,0.8160000000000001,0.8160000000000001,0.8176666666666668,0.8176666666666668,0.8176666666666668,0.8176666666666668,0.8176666666666668,0.8176666666666668,0.8176666666666668,0.8176666666666668,0.8183333333333334,0.8183333333333334,0.8183333333333334,0.8183333333333334,0.8183333333333334,0.819,0.819,0.819,0.819,0.819,0.819
Std curve: 0.009392668535736927,0.009603240193925307,0.010434983894999018,0.013646326326972467,0.012927146286443513,0.011813363431112878,0.011813363431112878,0.011813363431112878,0.011813363431112878,0.011813363431112878,0.011813363431112878,0.011813363431112878,0.011813363431112878,0.011813363431112878,0.011813363431112878,0.011813363431112878,0.011813363431112878,0.011813363431112878,0.011813363431112878,0.011813363431112878,0.011813363431112878,0.011813363431112878,0.011813363431112878,0.011813363431112878,0.011813363431112878,0.011813363431112878,0.011813363431112878,0.011813363431112878,0.011813363431112878,0.011813363431112878,0.011813363431112878,0.011813363431112878,0.011813363431112878,0.011813363431112878,0.011813363431112878,0.011813363431112878,0.013224556283251561,0.013224556283251561,0.013224556283251561,0.013224556283251561,0.013224556283251561,0.013224556283251561,0.013224556283251561,0.013224556283251561,0.013224556283251561,0.013224556283251561,0.013224556283251561,0.013224556283251561,0.013224556283251561,0.013224556283251561,0.013224556283251561,0.013224556283251561,0.013224556283251561,0.013224556283251561,0.013224556283251561,0.013224556283251561,0.013224556283251561,0.014243907079481002,0.014243907079481002,0.014243907079481002,0.014243907079481002,0.014243907079481002,0.014243907079481002,0.014243907079481002,0.014243907079481002,0.014243907079481002,0.014243907079481002,0.014243907079481002,0.014243907079481002,0.014243907079481002,0.014243907079481002,0.014243907079481002,0.014243907079481002,0.014243907079481002,0.014243907079481002,0.014243907079481002,0.014243907079481002,0.014243907079481002,0.014243907079481002,0.014243907079481002,0.014243907079481002,0.01698365227047599,0.01698365227047599,0.01698365227047599,0.01698365227047599,0.01698365227047599,0.01698365227047599,0.01698365227047599,0.01698365227047599,0.016329931618554526,0.016329931618554526,0.016329931618554526,0.016329931618554526,0.016329931618554526,0.01576212055671586,0.01576212055671586,0.01576212055671586,0.01576212055671586,0.01576212055671586,0.01576212055671586

mean_time: , 4902.50431303978
best_solution: , 0.8066666666666666
worst_solution: , 0.8466666666666667
mean_solution: , 0.819
std_solution: , 0.01576212055671586



solutions runs are : 



0.8466666666666667

0.8266666666666667

0.8066666666666666

0.8083333333333333

0.8066666666666666

