# Scenario 142
Mean curve: 0.5649090223190232,0.565725092442104,0.565725092442104,0.5657633273039366,0.5657633273039366,0.5657633273039366,0.567624210883749,0.567624210883749,0.5715730452722825,0.5715730452722825,0.5715730452722825,0.5715730452722825,0.5777968788603288,0.5777968788603288,0.5781327823310488,0.5792561010466157,0.5804076256934815,0.5804076256934815,0.5804076256934815,0.5804076256934815,0.5804076256934815,0.5804076256934815,0.5827998140037786,0.5827998140037786,0.5827998140037786,0.5827998140037786,0.5837560711466762,0.5837560711466762,0.5837560711466762,0.5837560711466762,0.5844190094265238,0.5844190094265238,0.5857606529943286,0.5857606529943286,0.5861902717535539,0.5861902717535539,0.5861902717535539,0.5861902717535539,0.5861902717535539,0.5861902717535539,0.5861902717535539,0.5861902717535539,0.5861902717535539,0.5861902717535539,0.5861902717535539,0.5863111485057586,0.5877274395432945,0.5877274395432945,0.5877274395432945,0.5877274395432945,0.5877274395432945,0.5902224550520229,0.5902789960307055,0.5902789960307055,0.5902789960307055,0.5902789960307055,0.5959578998256887,0.5959578998256887,0.5959578998256887,0.5959578998256887,0.5959578998256887,0.5959578998256887,0.5959578998256887,0.5959578998256887,0.5991410498508394,0.5991410498508394,0.5991410498508394,0.5991410498508394,0.5991410498508394,0.5991410498508394,0.6006314999989643,0.6006314999989643,0.6026931788615764,0.6026931788615764,0.6026931788615764,0.6026931788615764,0.6026931788615764,0.6026931788615764,0.6026931788615764,0.6026931788615764,0.6026931788615764,0.6026931788615764,0.6026931788615764,0.6026931788615764,0.6026931788615764,0.6026931788615764,0.6026931788615764,0.6026931788615764,0.6026931788615764,0.6026931788615764,0.6026931788615764,0.6026931788615764,0.6026931788615764,0.6035621245499584,0.6035621245499584,0.6035621245499584,0.6035621245499584,0.6035621245499584,0.6035621245499584,0.6035621245499584
Std curve: 0.006165336318508074,0.004837001216820345,0.004837001216820345,0.004779382736361,0.004779382736361,0.004779382736361,0.00316411329537201,0.00316411329537201,0.0076937562567433605,0.0076937562567433605,0.0076937562567433605,0.0076937562567433605,0.008386694997357842,0.008386694997357842,0.00882760014571069,0.008053527014579136,0.006475352884789844,0.006475352884789844,0.006475352884789844,0.006475352884789844,0.006475352884789844,0.006475352884789844,0.010545300501565477,0.010545300501565477,0.010545300501565477,0.010545300501565477,0.010062631260784433,0.010062631260784433,0.010062631260784433,0.010062631260784433,0.00975258784235406,0.00975258784235406,0.008426998671695054,0.008426998671695054,0.008467520050430343,0.008467520050430343,0.008467520050430343,0.008467520050430343,0.008467520050430343,0.008467520050430343,0.008467520050430343,0.008467520050430343,0.008467520050430343,0.008467520050430343,0.008467520050430343,0.008398183051455644,0.008095426869339737,0.008095426869339737,0.008095426869339737,0.008095426869339737,0.008095426869339737,0.0073627370854254396,0.007345337225465052,0.007345337225465052,0.007345337225465052,0.007345337225465052,0.0049860809910068134,0.0049860809910068134,0.0049860809910068134,0.0049860809910068134,0.0049860809910068134,0.0049860809910068134,0.0049860809910068134,0.0049860809910068134,0.0039432683127605655,0.0039432683127605655,0.0039432683127605655,0.0039432683127605655,0.0039432683127605655,0.0039432683127605655,0.004135558767014808,0.004135558767014808,0.0015496678960753734,0.0015496678960753734,0.0015496678960753734,0.0015496678960753734,0.0015496678960753734,0.0015496678960753734,0.0015496678960753734,0.0015496678960753734,0.0015496678960753734,0.0015496678960753734,0.0015496678960753734,0.0015496678960753734,0.0015496678960753734,0.0015496678960753734,0.0015496678960753734,0.0015496678960753734,0.0015496678960753734,0.0015496678960753734,0.0015496678960753734,0.0015496678960753734,0.0015496678960753734,0.0025281268659192294,0.0025281268659192294,0.0025281268659192294,0.0025281268659192294,0.0025281268659192294,0.0025281268659192294,0.0025281268659192294

mean_time: , 40721.94913477897
best_solution: , 0.5999732691793638
worst_solution: , 0.6075958756768786
mean_solution: , 0.6035621245499584
std_solution: , 0.0025281268659192294



solutions runs are : 



0.6040447046301224

0.604133545310016

0.6075958756768786

0.6020632279534109

0.5999732691793638

