# Scenario 433
Mean curve: 0.7541666666666667,0.7555000000000001,0.7558333333333334,0.7568333333333334,0.7586666666666666,0.7586666666666666,0.7615000000000001,0.763,0.763,0.763,0.763,0.7635,0.7635,0.7635,0.7635,0.7635,0.7635,0.7635,0.7635,0.7635,0.7635,0.7635,0.7635,0.7635,0.7635,0.7635,0.7635,0.7635,0.7635,0.7635,0.7645,0.7729999999999999,0.7736666666666666,0.7736666666666666,0.7736666666666666,0.7736666666666666,0.7736666666666666,0.7736666666666666,0.7736666666666666,0.7736666666666666,0.7736666666666666,0.7736666666666666,0.7736666666666666,0.7736666666666666,0.7745,0.7745,0.7745,0.7745,0.7745,0.7745,0.7745,0.7745,0.7745,0.7745,0.7745,0.7745,0.7745,0.7745,0.7745,0.7745,0.7745,0.7745,0.7745,0.7745,0.7783333333333333,0.7783333333333333,0.7783333333333333,0.7783333333333333,0.7783333333333333,0.7783333333333333,0.7783333333333333,0.7783333333333333,0.7783333333333333,0.7783333333333333,0.7783333333333333,0.7783333333333333,0.7783333333333333,0.7783333333333333,0.7783333333333333,0.7783333333333333,0.7783333333333333,0.7783333333333333,0.7783333333333333,0.7783333333333333,0.7783333333333333,0.7783333333333333,0.7783333333333333,0.7783333333333333,0.7783333333333333,0.7783333333333333,0.7783333333333333,0.7783333333333333,0.7783333333333333,0.7783333333333333,0.7783333333333333,0.7783333333333333,0.7783333333333333,0.7783333333333333,0.7783333333333333,0.78
Std curve: 0.00408248290463862,0.0019436506316151128,0.0022360679774997916,0.001999999999999996,0.0038224483137265634,0.0038224483137265634,0.007806692285753595,0.006924192692613675,0.006924192692613675,0.006924192692613675,0.006924192692613675,0.006900080514828165,0.006900080514828165,0.006900080514828165,0.006900080514828165,0.006900080514828165,0.006900080514828165,0.006900080514828165,0.006900080514828165,0.006900080514828165,0.006900080514828165,0.006900080514828165,0.006900080514828165,0.006900080514828165,0.006900080514828165,0.006900080514828165,0.006900080514828165,0.006900080514828165,0.006900080514828165,0.006900080514828165,0.006424778422465471,0.013525695710182334,0.01310852140149046,0.01310852140149046,0.01310852140149046,0.01310852140149046,0.01310852140149046,0.01310852140149046,0.01310852140149046,0.01310852140149046,0.01310852140149046,0.01310852140149046,0.01310852140149046,0.01310852140149046,0.01260070544762387,0.01260070544762387,0.01260070544762387,0.01260070544762387,0.01260070544762387,0.01260070544762387,0.01260070544762387,0.01260070544762387,0.01260070544762387,0.01260070544762387,0.01260070544762387,0.01260070544762387,0.01260070544762387,0.01260070544762387,0.01260070544762387,0.01260070544762387,0.01260070544762387,0.01260070544762387,0.01260070544762387,0.01260070544762387,0.013049052754042249,0.013049052754042249,0.013049052754042249,0.013049052754042249,0.013049052754042249,0.013049052754042249,0.013049052754042249,0.013049052754042249,0.013049052754042249,0.013049052754042249,0.013049052754042249,0.013049052754042249,0.013049052754042249,0.013049052754042249,0.013049052754042249,0.013049052754042249,0.013049052754042249,0.013049052754042249,0.013049052754042249,0.013049052754042249,0.013049052754042249,0.013049052754042249,0.013049052754042249,0.013049052754042249,0.013049052754042249,0.013049052754042249,0.013049052754042249,0.013049052754042249,0.013049052754042249,0.013049052754042249,0.013049052754042249,0.013049052754042249,0.013049052754042249,0.013049052754042249,0.013049052754042249,0.011937336386313323

mean_time: , 6924.232522010803
best_solution: , 0.7633333333333333
worst_solution: , 0.7983333333333333
mean_solution: , 0.78
std_solution: , 0.011937336386313323



solutions runs are : 



0.7983333333333333

0.7758333333333334

0.775

0.7633333333333333

0.7875

