# Scenario 203
Mean curve: 0.6703581673581664,0.6740476934971144,0.6790644850512801,0.6875474495150096,0.7030378855857797,0.7091744754494811,0.7125429575998756,0.7147040582034236,0.7172033429468433,0.7223649878994656,0.726059559964478,0.7346902114678515,0.7434754333386783,0.7492059020460115,0.7512822811248234,0.7512822811248234,0.7530048005923053,0.7558618492915448,0.7558618492915448,0.7659837362104064,0.7750510657542571,0.7750510657542571,0.7800037420423263,0.7832164484160445,0.7832164484160445,0.7832164484160445,0.7832164484160445,0.7832164484160445,0.7852794602182989,0.7852794602182989,0.7902974429219387,0.7919212227234558,0.7960725064644192,0.7996181186804068,0.7996181186804068,0.8012374734540387,0.8081626064412124,0.8081626064412124,0.8120553575258509,0.8120553575258509,0.8120553575258509,0.8200760946153338,0.8200760946153338,0.8209466817581111,0.8252677535334986,0.8252677535334986,0.8289198215491951,0.8311658733602874,0.8393831166670507,0.8395218484093764,0.8413073472921706,0.8425375730840873,0.8425375730840873,0.8425375730840873,0.8425375730840873,0.845557021968246,0.8457616359076446,0.8457616359076446,0.8462055189588481,0.8483866942357668,0.8483866942357668,0.8501266725265616,0.8568652148499382,0.8568652148499382,0.8568652148499382,0.8608877418046225,0.8619284664495688,0.8619284664495688,0.8620923038237651,0.8651914413597661,0.8656781391759976,0.8656781391759976,0.8662314193392777,0.8662314193392777,0.867669995384496,0.8712518898362044,0.8733547340688018,0.8743676577162602,0.875466411322533,0.875466411322533,0.875466411322533,0.8765963297087283,0.8768551095735646,0.8795545635830718,0.8795545635830718,0.8795545635830718,0.8795545635830718,0.8795545635830718,0.8795545635830718,0.8798322824304783,0.8801288688741751,0.8801288688741751,0.8850816970090843,0.8866910270422856,0.8866910270422856,0.8874329386292432,0.8887408300721198,0.8887408300721198,0.8887408300721198,0.8887408300721198
Std curve: 0.013753028522144477,0.014132968953283793,0.010986824912206782,0.010482978275138728,0.014766199938139915,0.007605630588033546,0.006685067870297798,0.007575339810939595,0.008469378438970028,0.014045538074892405,0.011895858326628213,0.006996566842184589,0.011552462904424307,0.0067291730098699536,0.002944184462864911,0.002944184462864911,0.003576466140242347,0.002991531581534287,0.002991531581534287,0.008267065155036989,0.018207407401610837,0.018207407401610837,0.01478446968980114,0.01323156671856482,0.01323156671856482,0.01323156671856482,0.01323156671856482,0.01323156671856482,0.011160076686173807,0.011160076686173807,0.007909370760399723,0.006519317605152931,0.01275987113987677,0.011563168126212319,0.011563168126212319,0.010030510352992518,0.009184332887852833,0.009184332887852833,0.0071143447546310615,0.0071143447546310615,0.0071143447546310615,0.014539449077348438,0.014539449077348438,0.01345057296057019,0.013658851149128074,0.013658851149128074,0.015286805120403302,0.017257287848404218,0.017364302101062677,0.01717979567967414,0.015061836264702567,0.013951665557949163,0.013951665557949163,0.013951665557949163,0.013951665557949163,0.01291975426664575,0.012613975072775563,0.012613975072775563,0.01254718766196241,0.0142294525601598,0.0142294525601598,0.016802553877653524,0.02423792974808939,0.02423792974808939,0.02423792974808939,0.020314316020138147,0.019364164609401668,0.019364164609401668,0.01924197364331892,0.017929601952670262,0.017425190331394554,0.017425190331394554,0.017801522135265868,0.017801522135265868,0.017241867351489713,0.015132396418951007,0.01675117871278418,0.015365137202136997,0.01678771030079539,0.01678771030079539,0.01678771030079539,0.015898140412209227,0.016258658264756372,0.01331715677298416,0.01331715677298416,0.01331715677298416,0.01331715677298416,0.01331715677298416,0.01331715677298416,0.012985558351853086,0.013344223835129109,0.013344223835129109,0.009532347722945247,0.009138141798840748,0.009138141798840748,0.009395590767336091,0.010334369308670892,0.010334369308670892,0.010334369308670892,0.010334369308670892

mean_time: , 7921.017696285247
best_solution: , 0.8742610277398818
worst_solution: , 0.9006211180124224
mean_solution: , 0.8887408300721198
std_solution: , 0.010334369308670892



solutions runs are : 



0.8795362903225806

0.8908482142857143

0.8984375

0.8742610277398818

0.9006211180124224

