# Scenario 323
Mean curve: 0.6091270942664464,0.6179192137201295,0.628646698905164,0.628646698905164,0.6296152828649759,0.6311008216051107,0.6318246712377917,0.6378719771848896,0.6400037458758318,0.6400037458758318,0.6400037458758318,0.6401054319957472,0.6432739346068906,0.6437047991788546,0.6447489448278907,0.6471289852034825,0.6471289852034825,0.6473976726582584,0.6484247617319912,0.6510342791264982,0.6536053429228835,0.6553892928137933,0.6602610070775757,0.6610900872062903,0.6633042622924951,0.6640858256245699,0.6646688554393966,0.6655056984674099,0.6655056984674099,0.6668122410785154,0.6672217170004433,0.6676959398372602,0.6676959398372602,0.6717794467235971,0.6717794467235971,0.6750603761612042,0.6750603761612042,0.6750603761612042,0.6764263527496419,0.6769741702079195,0.678803726532003,0.6792666104575322,0.6809482047264506,0.6822870683842406,0.686062194956848,0.6870362407578916,0.6870362407578916,0.6870362407578916,0.6870362407578916,0.6870362407578916,0.6870362407578916,0.6877721592973847,0.6877721592973847,0.6901154415454303,0.6960806281359246,0.6962852743526172,0.6972665342851949,0.6972665342851949,0.6977528489399295,0.6983800772401282,0.6997851994959637,0.6997851994959637,0.702112563274315,0.7031437137208724,0.7043560503453412,0.7063762649539629,0.7063762649539629,0.7065679073059747,0.7074981174828553,0.7074981174828553,0.7083156712530124,0.7083537411112022,0.7125966482213328,0.7125966482213328,0.7125966482213328,0.7141777845542835,0.715266179204294,0.7170939738178956,0.7170939738178956,0.7172008789652188,0.7172008789652188,0.7179331485291002,0.7183073571584473,0.7183073571584473,0.7189974084705213,0.7189974084705213,0.7189974084705213,0.7189974084705213,0.7195309571931464,0.721172242305695,0.7229142436669508,0.7229142436669508,0.7229142436669508,0.7229270297058241,0.7229270297058241,0.7231579940832633,0.7241113045231271,0.7243941373488682,0.725241704965466,0.7277983229751486
Std curve: 0.012007326862676741,0.007026155534949056,0.010043954786072878,0.010043954786072878,0.00937089364770953,0.010846699394233838,0.012277632902337672,0.014555127767784502,0.014241306905299725,0.014241306905299725,0.014241306905299725,0.014180077064127114,0.013722093259362222,0.014228491327792943,0.014711708811973806,0.016177759575223733,0.016177759575223733,0.016447295744424252,0.017037924902161806,0.014415757473128189,0.012474532014312624,0.011437054110971257,0.013621228004176889,0.014340269809053376,0.015486084699704146,0.016135248663993323,0.016440259094920664,0.017225070289896116,0.017225070289896116,0.018685692247096184,0.018377652790683284,0.018060790736246966,0.018060790736246966,0.021883370350427835,0.021883370350427835,0.021727179495559416,0.021727179495559416,0.021727179495559416,0.02356996379530215,0.023945132983482515,0.025501020542639988,0.025139833345084225,0.026530583143037943,0.02474595792987602,0.02184746110537841,0.020432385898610902,0.020432385898610902,0.020432385898610902,0.020432385898610902,0.020432385898610902,0.020432385898610902,0.019471893703033684,0.019471893703033684,0.019644687905831716,0.025470262979649928,0.025352240545468783,0.024062937638973533,0.024062937638973533,0.02377310970702205,0.023453635821877216,0.023195114160393448,0.023195114160393448,0.02135090273920532,0.02171707034717215,0.02247222824213448,0.02140970889582364,0.02140970889582364,0.021539558333846125,0.02225301398622882,0.02225301398622882,0.0222042338148339,0.022184729692733177,0.02296923612588704,0.02296923612588704,0.02296923612588704,0.0209547287693211,0.02057859459334733,0.02102042361232947,0.02102042361232947,0.02094363901691932,0.02094363901691932,0.01995450362253521,0.020354527274699743,0.020354527274699743,0.02079586034105595,0.02079586034105595,0.02079586034105595,0.02079586034105595,0.020452863103592116,0.020875847323043595,0.01864906889839082,0.01864906889839082,0.01864906889839082,0.018634149121195622,0.018634149121195622,0.018610853812132806,0.01774710641937252,0.01773454879360801,0.018654190347811257,0.02186224124145071

mean_time: , 22973.21569185257
best_solution: , 0.7043774872086412
worst_solution: , 0.7582826896686924
mean_solution: , 0.7277983229751486
std_solution: , 0.02186224124145071



solutions runs are : 



0.7472090088340938

0.7043774872086412

0.7241721197699782

0.7582826896686924

0.7049503093943371

