# Scenario 494
Mean curve: 0.7038666666666668,0.7056666666666667,0.7062666666666667,0.7062666666666667,0.7079333333333333,0.7079333333333333,0.7079333333333333,0.7079333333333333,0.7079333333333333,0.7079333333333333,0.7084666666666666,0.7084666666666666,0.7084666666666666,0.7084666666666666,0.7084666666666666,0.7084666666666666,0.7084666666666666,0.7084666666666666,0.7084666666666666,0.7084666666666666,0.7094666666666667,0.7094666666666667,0.7094666666666667,0.7094666666666667,0.7094666666666667,0.7095333333333333,0.7095333333333333,0.7095333333333333,0.7095333333333333,0.7095333333333333,0.7095333333333333,0.7095333333333333,0.7095333333333333,0.7095333333333333,0.7108666666666666,0.7108666666666666,0.7108666666666666,0.7108666666666666,0.7108666666666666,0.7108666666666666,0.7112666666666667,0.7116,0.712,0.712,0.7125333333333334,0.7126666666666667,0.7126666666666667,0.7126666666666667,0.7126666666666667,0.7126666666666667,0.7130000000000001,0.7130000000000001,0.7130000000000001,0.7130000000000001,0.7130000000000001,0.7130000000000001,0.7130000000000001,0.7130000000000001,0.7130000000000001,0.7130000000000001,0.7131333333333334,0.7131333333333334,0.7131333333333334,0.7131333333333334,0.7131333333333334,0.7131333333333334,0.7131333333333334,0.7131333333333334,0.7131333333333334,0.7131333333333334,0.7138,0.7138,0.7138,0.7138,0.7138,0.7138,0.7138,0.7138,0.7138,0.7145333333333334,0.7145333333333334,0.7148,0.7148,0.7149333333333334,0.7149333333333334,0.7149333333333334,0.7149333333333334,0.7149333333333334,0.7149333333333334,0.7149333333333334,0.7149333333333334,0.7162000000000001,0.7162000000000001,0.7162000000000001,0.7162000000000001,0.7162000000000001,0.7162000000000001,0.7162000000000001,0.7162000000000001,0.7162000000000001
Std curve: 0.006561165208169108,0.007111805521650439,0.007240012277460421,0.007240012277460421,0.004133333333333335,0.004133333333333335,0.004133333333333335,0.004133333333333335,0.004133333333333335,0.004133333333333335,0.004107445813533167,0.004107445813533167,0.004107445813533167,0.004107445813533167,0.004107445813533167,0.004107445813533167,0.004107445813533167,0.004107445813533167,0.004107445813533167,0.004107445813533167,0.002295890047696345,0.002295890047696345,0.002295890047696345,0.002295890047696345,0.002295890047696345,0.00239072281027214,0.00239072281027214,0.00239072281027214,0.00239072281027214,0.00239072281027214,0.00239072281027214,0.00239072281027214,0.00239072281027214,0.00239072281027214,0.004697990113986103,0.004697990113986103,0.004697990113986103,0.004697990113986103,0.004697990113986103,0.004697990113986103,0.004635131545538327,0.0046875722216658585,0.004531372124791051,0.004531372124791051,0.0045392118748131234,0.004560701700396556,0.004560701700396556,0.004560701700396556,0.004560701700396556,0.004560701700396556,0.004462186808181739,0.004462186808181739,0.004462186808181739,0.004462186808181739,0.004462186808181739,0.004462186808181739,0.004462186808181739,0.004462186808181739,0.004462186808181739,0.004462186808181739,0.004489988864128734,0.004489988864128734,0.004489988864128734,0.004489988864128734,0.004489988864128734,0.004489988864128734,0.004489988864128734,0.004489988864128734,0.004489988864128734,0.004489988864128734,0.004851574772976069,0.004851574772976069,0.004851574772976069,0.004851574772976069,0.004851574772976069,0.004851574772976069,0.004851574772976069,0.004851574772976069,0.004851574772976069,0.0037094473981982698,0.0037094473981982698,0.0033572475498704433,0.0033572475498704433,0.0031999999999999884,0.0031999999999999884,0.0031999999999999884,0.0031999999999999884,0.0031999999999999884,0.0031999999999999884,0.0031999999999999884,0.0031999999999999884,0.002745501370929859,0.002745501370929859,0.002745501370929859,0.002745501370929859,0.002745501370929859,0.002745501370929859,0.002745501370929859,0.002745501370929859,0.002745501370929859

mean_time: , 20673.76540989876
best_solution: , 0.7123333333333334
worst_solution: , 0.7196666666666667
mean_solution: , 0.7162000000000001
std_solution: , 0.002745501370929859



solutions runs are : 



0.7176666666666667

0.7136666666666667

0.7176666666666667

0.7196666666666667

0.7123333333333334

