# Scenario 475
Mean curve: 0.7537499999999999,0.7568750000000001,0.763375,0.76425,0.76425,0.76425,0.76425,0.76425,0.7665,0.76725,0.76725,0.76875,0.76875,0.76875,0.76875,0.76875,0.76875,0.76875,0.76875,0.76875,0.76875,0.76875,0.76875,0.76875,0.76875,0.76875,0.76875,0.76875,0.76875,0.76875,0.76875,0.7698750000000001,0.7698750000000001,0.7698750000000001,0.7698750000000001,0.7698750000000001,0.7698750000000001,0.77075,0.77075,0.77075,0.77075,0.77075,0.77075,0.77075,0.77075,0.77075,0.77075,0.77075,0.7728750000000001,0.7728750000000001,0.7728750000000001,0.776375,0.776375,0.776375,0.776375,0.776375,0.776375,0.776375,0.776375,0.776375,0.776375,0.776375,0.776375,0.776375,0.776375,0.776375,0.776375,0.776375,0.776375,0.776375,0.776375,0.776375,0.776375,0.776375,0.776375,0.776375,0.776375,0.776375,0.776375,0.776375,0.776375,0.776375,0.776375,0.776375,0.776375,0.776375,0.776375,0.776375,0.776375,0.776375,0.776375,0.776375,0.776375,0.776375,0.776375,0.776375,0.776375,0.776375,0.776375,0.776375
Std curve: 0.0071041361191913855,0.0075828754440515345,0.0060930288034769685,0.005468660713556831,0.005468660713556831,0.005468660713556831,0.005468660713556831,0.005468660713556831,0.009342443470527382,0.010742730099932693,0.010742730099932693,0.011187325417632222,0.011187325417632222,0.011187325417632222,0.011187325417632222,0.011187325417632222,0.011187325417632222,0.011187325417632222,0.011187325417632222,0.011187325417632222,0.011187325417632222,0.011187325417632222,0.011187325417632222,0.011187325417632222,0.011187325417632222,0.011187325417632222,0.011187325417632222,0.011187325417632222,0.011187325417632222,0.011187325417632222,0.011187325417632222,0.01071214264281427,0.01071214264281427,0.01071214264281427,0.01071214264281427,0.01071214264281427,0.01071214264281427,0.011259718024888545,0.011259718024888545,0.011259718024888545,0.011259718024888545,0.011259718024888545,0.011259718024888545,0.011259718024888545,0.011259718024888545,0.011259718024888545,0.011259718024888545,0.011259718024888545,0.011446888223443079,0.011446888223443079,0.011446888223443079,0.010572665226895256,0.010572665226895256,0.010572665226895256,0.010572665226895256,0.010572665226895256,0.010572665226895256,0.010572665226895256,0.010572665226895256,0.010572665226895256,0.010572665226895256,0.010572665226895256,0.010572665226895256,0.010572665226895256,0.010572665226895256,0.010572665226895256,0.010572665226895256,0.010572665226895256,0.010572665226895256,0.010572665226895256,0.010572665226895256,0.010572665226895256,0.010572665226895256,0.010572665226895256,0.010572665226895256,0.010572665226895256,0.010572665226895256,0.010572665226895256,0.010572665226895256,0.010572665226895256,0.010572665226895256,0.010572665226895256,0.010572665226895256,0.010572665226895256,0.010572665226895256,0.010572665226895256,0.010572665226895256,0.010572665226895256,0.010572665226895256,0.010572665226895256,0.010572665226895256,0.010572665226895256,0.010572665226895256,0.010572665226895256,0.010572665226895256,0.010572665226895256,0.010572665226895256,0.010572665226895256,0.010572665226895256,0.010572665226895256

mean_time: , 12074.463892173768
best_solution: , 0.75625
worst_solution: , 0.7875
mean_solution: , 0.776375
std_solution: , 0.010572665226895256



solutions runs are : 



0.778125

0.779375

0.780625

0.75625

0.7875

