# Scenario 373
Mean curve: 0.7112499999999999,0.7159166666666666,0.7215,0.7215,0.7220833333333333,0.7233333333333334,0.7238333333333333,0.7245,0.728,0.72825,0.72825,0.73375,0.73375,0.7355833333333334,0.7363333333333333,0.7385833333333334,0.7385833333333334,0.7386666666666667,0.7386666666666667,0.7386666666666667,0.7391666666666666,0.7410833333333333,0.742,0.745,0.7463333333333334,0.7463333333333334,0.7485,0.7485,0.7485,0.7506666666666667,0.7506666666666667,0.7515,0.7515833333333333,0.7518333333333334,0.7525,0.7533333333333334,0.7533333333333334,0.7541666666666667,0.7542500000000001,0.7542500000000001,0.7542500000000001,0.7542500000000001,0.7542500000000001,0.75475,0.7555833333333334,0.75775,0.75775,0.7594166666666667,0.7601666666666668,0.7601666666666668,0.7606666666666667,0.7606666666666667,0.7619166666666667,0.7619166666666667,0.7619166666666667,0.7619166666666667,0.762,0.7635,0.7640833333333333,0.7640833333333333,0.7640833333333333,0.7640833333333333,0.7659999999999999,0.7684166666666666,0.7684166666666666,0.7684166666666666,0.76875,0.76875,0.76875,0.7689166666666666,0.7689166666666666,0.7689166666666666,0.7689166666666666,0.7690833333333333,0.76925,0.76925,0.7715833333333333,0.7719166666666666,0.7719166666666666,0.77225,0.77275,0.7731666666666667,0.7731666666666667,0.7731666666666667,0.77325,0.77325,0.7739166666666667,0.7739166666666667,0.7745,0.7745,0.7745,0.7745,0.7745,0.7746666666666667,0.7748333333333334,0.77575,0.77575,0.77575,0.7768333333333334,0.7768333333333334
Std curve: 0.00451078953424145,0.00942956343987711,0.009648690181689054,0.009648690181689054,0.009902300518341995,0.008846688018060178,0.009513878751008405,0.009858019859766762,0.01182452723978615,0.01182452723978615,0.01182452723978615,0.015053146588744218,0.015053146588744218,0.012721918967758837,0.011932681546445823,0.011572836970922703,0.011572836970922703,0.011676781329725317,0.011676781329725317,0.011676781329725317,0.012309661968461099,0.012669955713331325,0.012234400498412446,0.010182364929403933,0.011771552337922313,0.011771552337922313,0.012014458881789975,0.012014458881789975,0.012014458881789975,0.014109197158040033,0.014109197158040033,0.012991984708529612,0.013010145613669723,0.013251310207757674,0.013961753312372907,0.014183813152870985,0.014183813152870985,0.015131369182375185,0.015232913925663314,0.015232913925663314,0.015232913925663314,0.015232913925663314,0.015232913925663314,0.014650085323983646,0.015737870108612426,0.018963781268512916,0.018963781268512916,0.017353753996694175,0.016485684025171015,0.016485684025171015,0.016711606080140193,0.016711606080140193,0.017515072873892888,0.017515072873892888,0.017515072873892888,0.017515072873892888,0.017421251390184352,0.01739971264130534,0.017914534756882653,0.017914534756882653,0.017914534756882653,0.017914534756882653,0.020220314317811967,0.01835112772798689,0.01835112772798689,0.01835112772798689,0.018832227106154453,0.018832227106154453,0.018832227106154453,0.019076964002575372,0.019076964002575372,0.019076964002575372,0.019076964002575372,0.01932435136183248,0.01957428869148961,0.01957428869148961,0.017137920916299416,0.01767099003703214,0.01767099003703214,0.01821286175573004,0.01858650944457656,0.019250901854776115,0.019250901854776115,0.019250901854776115,0.0193853466996767,0.0193853466996767,0.01991405143220346,0.01991405143220346,0.02082566525548064,0.02082566525548064,0.02082566525548064,0.02082566525548064,0.02082566525548064,0.020958623258432042,0.020834333309334475,0.020235419991248567,0.020235419991248567,0.020235419991248567,0.019724843331302904,0.019724843331302904

mean_time: , 12541.00229768753
best_solution: , 0.7570833333333333
worst_solution: , 0.8075
mean_solution: , 0.7768333333333334
std_solution: , 0.019724843331302904



solutions runs are : 



0.7570833333333333

0.7916666666666666

0.7695833333333333

0.8075

0.7583333333333333

