# Scenario 268
Mean curve: 0.6881666666666667,0.6900416666666668,0.6953750000000001,0.6988749999999999,0.6995416666666667,0.7014583333333333,0.706125,0.7092083333333334,0.7104583333333334,0.7170833333333333,0.7170833333333333,0.7170833333333333,0.718375,0.7206666666666666,0.7217083333333333,0.7217083333333333,0.7237083333333334,0.7244166666666667,0.7264166666666667,0.7264166666666667,0.7264166666666667,0.7282916666666668,0.7282916666666668,0.7293333333333334,0.731375,0.732125,0.7335,0.7339166666666667,0.7339166666666667,0.7351249999999999,0.7371249999999999,0.7371249999999999,0.7387916666666666,0.7414166666666666,0.743,0.7434583333333332,0.7434583333333332,0.7434583333333332,0.744,0.744,0.7444166666666666,0.7458750000000001,0.7460416666666667,0.7472083333333334,0.7475833333333333,0.7481666666666666,0.74825,0.752625,0.752625,0.752625,0.7541666666666667,0.7570833333333333,0.7594166666666666,0.7594166666666666,0.7594166666666666,0.7604166666666667,0.7604166666666667,0.7605,0.760625,0.761625,0.761625,0.761625,0.761625,0.761625,0.762,0.7626666666666667,0.762875,0.7635,0.7674166666666666,0.7674166666666666,0.7676666666666667,0.7682083333333333,0.7693749999999999,0.7693749999999999,0.7693749999999999,0.771625,0.771625,0.771625,0.771625,0.771625,0.7724166666666668,0.7727916666666668,0.7732916666666667,0.7747083333333332,0.7753333333333332,0.7779583333333333,0.7786666666666665,0.7792916666666667,0.7805833333333332,0.781125,0.781125,0.781125,0.784375,0.784375,0.7850833333333334,0.7876666666666667,0.7876666666666667,0.787875,0.787875,0.787875
Std curve: 0.005517333796520023,0.007794451374036669,0.011278821106638541,0.008084407145170796,0.007880839986250738,0.006085330722319024,0.006783609740478224,0.007518957522304685,0.006053006599111626,0.007922147225763163,0.007922147225763163,0.007922147225763163,0.006182131509439137,0.005115675799822453,0.005709093623334647,0.005709093623334647,0.006526388741103336,0.0053039555469898865,0.006604396683691549,0.006604396683691549,0.006604396683691549,0.007301065371269849,0.007301065371269849,0.009176509866683141,0.00808225937882882,0.007826681572955702,0.00869366787444235,0.008442411122159087,0.008442411122159087,0.007315556104023196,0.006941471585894276,0.006941471585894276,0.008071296880510191,0.006494388603504834,0.004006505127081882,0.004707780203497676,0.004707780203497676,0.004707780203497676,0.00416333199893229,0.00416333199893229,0.004461252938108077,0.004165416479110414,0.004379957508672629,0.005475006341954722,0.005979711066970066,0.006735839055216333,0.006791283220259466,0.0067025078225326105,0.0067025078225326105,0.0067025078225326105,0.006317689011374667,0.006189989678684628,0.008119549453838774,0.008119549453838774,0.008119549453838774,0.007820690151415313,0.007820690151415313,0.0076723258099049485,0.007451230323465588,0.008237364060587974,0.008237364060587974,0.008237364060587974,0.008237364060587974,0.008237364060587974,0.008216472276267131,0.008196162720037531,0.00823420204593821,0.00884708049773103,0.003683672684216711,0.003683672684216711,0.003666666666666657,0.004391042017562571,0.006164695630947421,0.006164695630947421,0.006164695630947421,0.007318877798011258,0.007318877798011258,0.007318877798011258,0.007318877798011258,0.007318877798011258,0.007712949068503785,0.008203784695695838,0.008914524664837727,0.009534841081236974,0.008802027859785727,0.009609926869880133,0.008968114814905807,0.008558012814510907,0.008263667130544649,0.008938058451861281,0.008938058451861281,0.008938058451861281,0.011050703848875675,0.011050703848875675,0.01083221148037443,0.011145658098310954,0.011145658098310954,0.011068285524165179,0.011068285524165179,0.011068285524165179

mean_time: , 21753.290858983994
best_solution: , 0.7708333333333334
worst_solution: , 0.8041666666666667
mean_solution: , 0.787875
std_solution: , 0.011068285524165179



solutions runs are : 



0.7860416666666666

0.7941666666666667

0.7841666666666667

0.7708333333333334

0.8041666666666667

