# Scenario 319
Mean curve: 0.7795000000000001,0.7845000000000001,0.8035,0.807,0.8099999999999999,0.8135,0.8180000000000002,0.8190000000000002,0.8195,0.8215,0.8215,0.8235000000000001,0.827,0.8305,0.835,0.8444999999999998,0.8454999999999998,0.8469999999999999,0.8474999999999999,0.8479999999999999,0.8479999999999999,0.85,0.8539999999999999,0.8539999999999999,0.8539999999999999,0.859,0.859,0.859,0.859,0.859,0.8619999999999999,0.8640000000000001,0.8654999999999999,0.8675,0.8695,0.8695,0.8695,0.8695,0.8695,0.873,0.873,0.874,0.876,0.876,0.8815,0.8815,0.8815,0.8835,0.8835,0.8855000000000001,0.8855000000000001,0.8875,0.8875,0.89,0.89,0.89,0.89,0.892,0.8950000000000001,0.8950000000000001,0.897,0.897,0.897,0.897,0.899,0.901,0.901,0.901,0.901,0.901,0.9029999999999999,0.906,0.906,0.908,0.908,0.9119999999999999,0.9129999999999999,0.9129999999999999,0.9135,0.9145,0.9164999999999999,0.9164999999999999,0.917,0.9190000000000002,0.921,0.921,0.921,0.921,0.921,0.921,0.921,0.921,0.921,0.921,0.922,0.923,0.923,0.924,0.925,0.9269999999999999
Std curve: 0.018193405398660274,0.014525839046333972,0.007348469228349541,0.008573214099741117,0.010606601717798191,0.014628738838327764,0.012083045973594535,0.013564659966250503,0.014352700094407311,0.014966629547095746,0.014966629547095746,0.012409673645990837,0.016911534525287732,0.015198684153570648,0.017029386365926387,0.013266499161421622,0.013453624047073731,0.010653637876331258,0.011180339887498938,0.01029563014098701,0.01029563014098701,0.010488088481701525,0.013928388277184131,0.013928388277184131,0.013928388277184131,0.011575836902790236,0.011575836902790236,0.011575836902790236,0.011575836902790236,0.011575836902790236,0.010770329614269016,0.013564659966250548,0.015999999999999997,0.01483239697419132,0.01568438714135812,0.01568438714135812,0.01568438714135812,0.01568438714135812,0.01568438714135812,0.014696938456699081,0.014696938456699081,0.014628738838327807,0.014628738838327807,0.014628738838327807,0.011135528725660033,0.011135528725660033,0.011135528725660033,0.011575836902790218,0.011575836902790218,0.013266499161421596,0.013266499161421596,0.0158113883008419,0.0158113883008419,0.01923538406167136,0.01923538406167136,0.01923538406167136,0.01923538406167136,0.021118712081942895,0.024899799195977488,0.024899799195977488,0.027129319932501096,0.027129319932501096,0.027129319932501096,0.027129319932501096,0.026153393661244063,0.028705400188814643,0.028705400188814643,0.028705400188814643,0.028705400188814643,0.028705400188814643,0.026758176320519297,0.024979991993593582,0.024979991993593582,0.024819347291981708,0.024819347291981708,0.025612496949731386,0.026381811916545834,0.026381811916545834,0.02681417535558383,0.027766886753829628,0.026248809496813356,0.026248809496813356,0.026758176320519276,0.025768197453450225,0.027999999999999973,0.027999999999999973,0.027999999999999973,0.027999999999999973,0.027999999999999973,0.027999999999999973,0.027999999999999973,0.027999999999999973,0.027999999999999973,0.027999999999999973,0.02767670500619607,0.028740215726399804,0.028740215726399804,0.02835489375751563,0.02949576240750523,0.03026549190084309

mean_time: , 3622.5079555511475
best_solution: , 0.88
worst_solution: , 0.96
mean_solution: , 0.9269999999999999
std_solution: , 0.03026549190084309



solutions runs are : 



0.92

0.915

0.88

0.96

0.96

