# Scenario 96
Mean curve: 0.726,0.7396999999999999,0.7529999999999999,0.7657999999999999,0.7762,0.7878000000000001,0.7965,0.8002,0.8076000000000001,0.8116999999999999,0.8208,0.8217000000000001,0.8284,0.8361000000000001,0.8377000000000001,0.8440999999999999,0.8452,0.8477,0.8509,0.8543,0.8601000000000001,0.8632000000000002,0.8648,0.8683,0.8723000000000001,0.8734,0.8737999999999999,0.8755,0.8777999999999999,0.8799999999999999,0.8818999999999999,0.8819999999999999,0.8839,0.8842000000000001,0.8847000000000002,0.8887,0.8907999999999999,0.8923,0.8942,0.8956,0.8956,0.897,0.897,0.898,0.901,0.9024999999999999,0.9042999999999999,0.9058999999999999,0.9081999999999999,0.909,0.9092,0.9099999999999999,0.9099999999999999,0.9106,0.9106,0.9111,0.9127000000000001,0.9127000000000001,0.9135,0.9141999999999999,0.9148,0.9153,0.9153,0.9155,0.9157,0.9157,0.9166000000000001,0.917,0.9177,0.9179999999999999,0.9179999999999999,0.9179999999999999,0.9179999999999999,0.9179999999999999,0.9179999999999999,0.9179999999999999,0.9179999999999999,0.9179999999999999,0.9179999999999999,0.9200000000000002,0.9200000000000002,0.9202,0.9202,0.9202,0.9202,0.9202,0.9202,0.9202,0.9202,0.9202,0.9202,0.9202,0.9202,0.9202,0.9202,0.9202,0.9202,0.9202,0.9202,0.9202
Std curve: 0.0042308391602612315,0.008170679286326197,0.009736529155710431,0.009749871794028883,0.006903622237637284,0.009447751055145365,0.007949842765740716,0.004523273151159464,0.0065604877867426635,0.007645913941446103,0.005904235767650201,0.006297618597533524,0.010504284840006957,0.00946255779374689,0.008274055837375043,0.004091454509095763,0.0036138621999185507,0.0034438350715444974,0.002634387974463908,0.004781213235152751,0.005083306010855533,0.00479165942028438,0.002839013913315655,0.005134199061197364,0.005134199061197364,0.00421188793773052,0.004057092555020141,0.0028106938645110218,0.0032496153618543516,0.004837354648979095,0.005825804665451783,0.005848076606885355,0.006240192304729051,0.005904235767650184,0.005653317610041011,0.0033704599092705275,0.005297169055259592,0.006720119046564571,0.005163332257370231,0.004140048308896891,0.004140048308896891,0.006332456079595035,0.006332456079595035,0.006877499545619779,0.0048166378315169294,0.004857983120596452,0.005741080037762934,0.0065299310869258095,0.005455272678794351,0.0055226805085936475,0.005427706698044783,0.005974947698515875,0.005974947698515875,0.005073460357586338,0.005073460357586338,0.004810405388322293,0.0029597297173897404,0.0029597297173897404,0.0026457513110645843,0.003108054053583997,0.0038807215823864357,0.0033256578296631755,0.0033256578296631755,0.003646916505762091,0.003982461550347972,0.003982461550347972,0.003397057550292593,0.003420526275297404,0.004621688003316546,0.0051672042731055155,0.0051672042731055155,0.0051672042731055155,0.0051672042731055155,0.0051672042731055155,0.0051672042731055155,0.0051672042731055155,0.0051672042731055155,0.0051672042731055155,0.0051672042731055155,0.004324349662087927,0.004324349662087927,0.00413037528561267,0.00413037528561267,0.00413037528561267,0.00413037528561267,0.00413037528561267,0.00413037528561267,0.00413037528561267,0.00413037528561267,0.00413037528561267,0.00413037528561267,0.00413037528561267,0.00413037528561267,0.00413037528561267,0.00413037528561267,0.00413037528561267,0.00413037528561267,0.00413037528561267,0.00413037528561267,0.00413037528561267

mean_time: , 13243.038166332244
best_solution: , 0.9165
worst_solution: , 0.9275
mean_solution: , 0.9202
std_solution: , 0.00413037528561267



solutions runs are : 



0.9165

0.918

0.9275

0.922

0.917

