# Scenario 168
Mean curve: 0.6892083333333334,0.6906666666666667,0.6927916666666667,0.6927916666666667,0.6945416666666666,0.6977500000000001,0.6977500000000001,0.6977500000000001,0.6977500000000001,0.6977500000000001,0.6977500000000001,0.6977500000000001,0.6977500000000001,0.6977500000000001,0.6977500000000001,0.6977500000000001,0.6977500000000001,0.6977500000000001,0.6977500000000001,0.6977500000000001,0.6977500000000001,0.6987083333333333,0.6987083333333333,0.6987083333333333,0.7002083333333333,0.7002083333333333,0.7009583333333333,0.7017083333333333,0.7023333333333333,0.7023333333333333,0.7023333333333333,0.7023333333333333,0.7023333333333333,0.7023333333333333,0.7023333333333333,0.7023333333333333,0.7023333333333333,0.7023333333333333,0.7023333333333333,0.7023333333333333,0.7023333333333333,0.7023333333333333,0.7023333333333333,0.7023333333333333,0.705875,0.705875,0.705875,0.705875,0.705875,0.705875,0.705875,0.705875,0.705875,0.705875,0.705875,0.705875,0.705875,0.7065,0.7066666666666668,0.7066666666666668,0.7066666666666668,0.7066666666666668,0.7077500000000001,0.7077500000000001,0.7077500000000001,0.7077500000000001,0.7092499999999999,0.7092499999999999,0.7092499999999999,0.7092499999999999,0.7092499999999999,0.7092499999999999,0.7092499999999999,0.7099583333333334,0.7099583333333334,0.7099583333333334,0.7099583333333334,0.7099583333333334,0.7099583333333334,0.7099583333333334,0.7099583333333334,0.7110833333333334,0.7110833333333334,0.7110833333333334,0.7110833333333334,0.7112083333333333,0.7112083333333333,0.7112083333333333,0.7112083333333333,0.7112083333333333,0.7112083333333333,0.711375,0.7130416666666667,0.7132916666666667,0.7132916666666667,0.7132916666666667,0.7132916666666667,0.7132916666666667,0.7133333333333333,0.7133333333333333
Std curve: 0.010945255187116983,0.009577353206624699,0.007247604968386272,0.007247604968386272,0.006124291342224352,0.005551839034650274,0.005551839034650274,0.005551839034650274,0.005551839034650274,0.005551839034650274,0.005551839034650274,0.005551839034650274,0.005551839034650274,0.005551839034650274,0.005551839034650274,0.005551839034650274,0.005551839034650274,0.005551839034650274,0.005551839034650274,0.005551839034650274,0.005551839034650274,0.006100147994561722,0.006100147994561722,0.006100147994561722,0.004193662546695382,0.004193662546695382,0.0031857974756025437,0.004034142480819876,0.004544150696836037,0.004544150696836037,0.004544150696836037,0.004544150696836037,0.004544150696836037,0.004544150696836037,0.004544150696836037,0.004544150696836037,0.004544150696836037,0.004544150696836037,0.004544150696836037,0.004544150696836037,0.004544150696836037,0.004544150696836037,0.004544150696836037,0.004544150696836037,0.010220995548379797,0.010220995548379797,0.010220995548379797,0.010220995548379797,0.010220995548379797,0.010220995548379797,0.010220995548379797,0.010220995548379797,0.010220995548379797,0.010220995548379797,0.010220995548379797,0.010220995548379797,0.010220995548379797,0.010128857289941428,0.009985232151087459,0.009985232151087459,0.009985232151087459,0.009985232151087459,0.009095748396305194,0.009095748396305194,0.009095748396305194,0.009095748396305194,0.007967599317792574,0.007967599317792574,0.007967599317792574,0.007967599317792574,0.007967599317792574,0.007967599317792574,0.007967599317792574,0.00791929780837781,0.00791929780837781,0.00791929780837781,0.00791929780837781,0.00791929780837781,0.00791929780837781,0.00791929780837781,0.00791929780837781,0.0076483022807533945,0.0076483022807533945,0.0076483022807533945,0.0076483022807533945,0.0076483022807533945,0.0076483022807533945,0.0076483022807533945,0.0076483022807533945,0.0076483022807533945,0.0076483022807533945,0.007454258663490416,0.006203437667043049,0.005944476895030821,0.005944476895030821,0.005944476895030821,0.005944476895030821,0.005944476895030821,0.005904329861306087,0.005904329861306087

mean_time: , 21691.60744628906
best_solution: , 0.7077083333333334
worst_solution: , 0.7247916666666666
mean_solution: , 0.7133333333333333
std_solution: , 0.005904329861306087



solutions runs are : 



0.7114583333333333

0.7247916666666666

0.7077083333333334

0.7114583333333333

0.71125

