# Scenario 482
Mean curve: 0.5146956680607581,0.5150448453259374,0.518134716149353,0.518134716149353,0.518134716149353,0.5183216527615586,0.5196942736278098,0.5196942736278098,0.5196942736278098,0.5196942736278098,0.5196942736278098,0.5196942736278098,0.5196942736278098,0.5203654338213527,0.5203654338213527,0.5223915940268979,0.5223915940268979,0.5223915940268979,0.5223915940268979,0.5223915940268979,0.5223915940268979,0.5223915940268979,0.5223915940268979,0.5223915940268979,0.5225904821779851,0.5231838158761576,0.5253133402485114,0.5253133402485114,0.5253133402485114,0.5253159425482495,0.5257289355504865,0.5257289355504865,0.5257289355504865,0.5257289355504865,0.5257289355504865,0.5257289355504865,0.5257289355504865,0.5257289355504865,0.5257289355504865,0.5257289355504865,0.5257289355504865,0.5257289355504865,0.5257289355504865,0.5257289355504865,0.5257289355504865,0.5257289355504865,0.5257289355504865,0.5257289355504865,0.5257289355504865,0.5257289355504865,0.5257289355504865,0.5257289355504865,0.5257289355504865,0.5257289355504865,0.5258000369839507,0.5258000369839507,0.5258000369839507,0.5258000369839507,0.5269864711452167,0.5269864711452167,0.5269864711452167,0.5269864711452167,0.5269864711452167,0.5269864711452167,0.5269864711452167,0.5269864711452167,0.5284174223367313,0.5284174223367313,0.5284174223367313,0.5284174223367313,0.5284174223367313,0.5284174223367313,0.5284174223367313,0.5284174223367313,0.5284174223367313,0.5284174223367313,0.5284174223367313,0.5284174223367313,0.5284174223367313,0.5284174223367313,0.5284174223367313,0.5284174223367313,0.5284174223367313,0.5284174223367313,0.5284174223367313,0.5284174223367313,0.5284174223367313,0.5284174223367313,0.5284174223367313,0.5284174223367313,0.5284174223367313,0.5284174223367313,0.5284174223367313,0.5284174223367313,0.5284174223367313,0.5284174223367313,0.5284174223367313,0.5284174223367313,0.5284174223367313,0.5284174223367313
Std curve: 0.003725096649666575,0.003383294151542171,0.0015533499916072567,0.0015533499916072567,0.0015533499916072567,0.0016317118414770216,0.00248332639092264,0.00248332639092264,0.00248332639092264,0.00248332639092264,0.00248332639092264,0.00248332639092264,0.00248332639092264,0.0023967558295028813,0.0023967558295028813,0.0036076335240904285,0.0036076335240904285,0.0036076335240904285,0.0036076335240904285,0.0036076335240904285,0.0036076335240904285,0.0036076335240904285,0.0036076335240904285,0.0036076335240904285,0.0037199630174906914,0.004263081480757896,0.004443210768172919,0.004443210768172919,0.004443210768172919,0.004444801224343845,0.004763006985303104,0.004763006985303104,0.004763006985303104,0.004763006985303104,0.004763006985303104,0.004763006985303104,0.004763006985303104,0.004763006985303104,0.004763006985303104,0.004763006985303104,0.004763006985303104,0.004763006985303104,0.004763006985303104,0.004763006985303104,0.004763006985303104,0.004763006985303104,0.004763006985303104,0.004763006985303104,0.004763006985303104,0.004763006985303104,0.004763006985303104,0.004763006985303104,0.004763006985303104,0.004763006985303104,0.004649785636749183,0.004649785636749183,0.004649785636749183,0.004649785636749183,0.003131317557817102,0.003131317557817102,0.003131317557817102,0.003131317557817102,0.003131317557817102,0.003131317557817102,0.003131317557817102,0.003131317557817102,0.0021217584107007365,0.0021217584107007365,0.0021217584107007365,0.0021217584107007365,0.0021217584107007365,0.0021217584107007365,0.0021217584107007365,0.0021217584107007365,0.0021217584107007365,0.0021217584107007365,0.0021217584107007365,0.0021217584107007365,0.0021217584107007365,0.0021217584107007365,0.0021217584107007365,0.0021217584107007365,0.0021217584107007365,0.0021217584107007365,0.0021217584107007365,0.0021217584107007365,0.0021217584107007365,0.0021217584107007365,0.0021217584107007365,0.0021217584107007365,0.0021217584107007365,0.0021217584107007365,0.0021217584107007365,0.0021217584107007365,0.0021217584107007365,0.0021217584107007365,0.0021217584107007365,0.0021217584107007365,0.0021217584107007365,0.0021217584107007365

mean_time: , 93945.44449901581
best_solution: , 0.5243799831724028
worst_solution: , 0.5301021700582622
mean_solution: , 0.5284174223367313
std_solution: , 0.0021217584107007365



solutions runs are : 



0.5294262598053309

0.5243799831724028

0.5282380916994872

0.5299406069481735

0.5301021700582622

