# Scenario 180
Mean curve: 0.5570965863057934,0.5570965863057934,0.5570965863057934,0.5570965863057934,0.5570965863057934,0.5570965863057934,0.5570965863057934,0.5624978115532632,0.5624978115532632,0.5635646572794515,0.5635646572794515,0.5635646572794515,0.5646199944485996,0.5646199944485996,0.5646199944485996,0.5646199944485996,0.5646199944485996,0.5646199944485996,0.5651476708627686,0.5684942471732646,0.5684942471732646,0.5684942471732646,0.5684942471732646,0.5684942471732646,0.5684942471732646,0.5684942471732646,0.570213452510358,0.570213452510358,0.570213452510358,0.570213452510358,0.5711670333679101,0.5711670333679101,0.5711670333679101,0.5711670333679101,0.5711670333679101,0.5711670333679101,0.5711670333679101,0.5711670333679101,0.5711670333679101,0.5711670333679101,0.5728681642634763,0.5728681642634763,0.5728681642634763,0.5728798569216862,0.5728798569216862,0.5728798569216862,0.5728798569216862,0.5728798569216862,0.5728798569216862,0.5728798569216862,0.5728798569216862,0.5728798569216862,0.5741427694943817,0.5741427694943817,0.5741427694943817,0.5741427694943817,0.5745189019094961,0.5756180834716866,0.5756180834716866,0.5763719120457533,0.5767827816430325,0.5768824111896893,0.5768824111896893,0.5777969151918135,0.5777969151918135,0.5777969151918135,0.5777969151918135,0.5777969151918135,0.5777969151918135,0.5825577929493482,0.5825577929493482,0.5825577929493482,0.5825577929493482,0.5825577929493482,0.5831314959229414,0.5831314959229414,0.5831314959229414,0.5831314959229414,0.5831314959229414,0.5831314959229414,0.5831314959229414,0.5831314959229414,0.5838543638095295,0.5868446158330982,0.5868446158330982,0.5868446158330982,0.5868446158330982,0.5868446158330982,0.5868446158330982,0.5868446158330982,0.5868446158330982,0.5868446158330982,0.5868446158330982,0.5868446158330982,0.5896365635162051,0.5896365635162051,0.5896365635162051,0.5896365635162051,0.5896365635162051,0.5896365635162051
Std curve: 0.009028660376947276,0.009028660376947276,0.009028660376947276,0.009028660376947276,0.009028660376947276,0.009028660376947276,0.009028660376947276,0.007832926968160256,0.007832926968160256,0.007267826450780862,0.007267826450780862,0.007267826450780862,0.006044428985645501,0.006044428985645501,0.006044428985645501,0.006044428985645501,0.006044428985645501,0.006044428985645501,0.005593361092198662,0.007060820681395528,0.007060820681395528,0.007060820681395528,0.007060820681395528,0.007060820681395528,0.007060820681395528,0.007060820681395528,0.008658925521184047,0.008658925521184047,0.008658925521184047,0.008658925521184047,0.007566780683734857,0.007566780683734857,0.007566780683734857,0.007566780683734857,0.007566780683734857,0.007566780683734857,0.007566780683734857,0.007566780683734857,0.007566780683734857,0.007566780683734857,0.008147286947697776,0.008147286947697776,0.008147286947697776,0.008135043955525488,0.008135043955525488,0.008135043955525488,0.008135043955525488,0.008135043955525488,0.008135043955525488,0.008135043955525488,0.008135043955525488,0.008135043955525488,0.006657158817193086,0.006657158817193086,0.006657158817193086,0.006657158817193086,0.006988536565068338,0.006204333433383216,0.006204333433383216,0.0066558476616662525,0.007000752067830881,0.007073627097099484,0.007073627097099484,0.007799738244241388,0.007799738244241388,0.007799738244241388,0.007799738244241388,0.007799738244241388,0.007799738244241388,0.002459025464287646,0.002459025464287646,0.002459025464287646,0.002459025464287646,0.002459025464287646,0.0026431410145971597,0.0026431410145971597,0.0026431410145971597,0.0026431410145971597,0.0026431410145971597,0.0026431410145971597,0.0026431410145971597,0.0026431410145971597,0.0035418680067901987,0.006724164303197971,0.006724164303197971,0.006724164303197971,0.006724164303197971,0.006724164303197971,0.006724164303197971,0.006724164303197971,0.006724164303197971,0.006724164303197971,0.006724164303197971,0.006724164303197971,0.00764155197722598,0.00764155197722598,0.00764155197722598,0.00764155197722598,0.00764155197722598,0.00764155197722598

mean_time: , 130944.26353054047
best_solution: , 0.5781238707812387
worst_solution: , 0.5988411724608044
mean_solution: , 0.5896365635162051
std_solution: , 0.00764155197722598



solutions runs are : 



0.5891449477614755

0.5781238707812387

0.5969752186588921

0.5850976079186142

0.5988411724608044

