# Scenario 385
Mean curve: 0.6948,0.6988,0.7006666666666665,0.7145333333333334,0.7145333333333334,0.7153666666666667,0.7161666666666667,0.7183333333333334,0.7192666666666667,0.7192666666666667,0.7208666666666667,0.7213333333333334,0.7213333333333334,0.7237333333333333,0.7237333333333333,0.7256333333333334,0.7256333333333334,0.7256333333333334,0.7260333333333333,0.7262666666666668,0.7262666666666668,0.7271000000000001,0.7271000000000001,0.7280333333333333,0.7301,0.7301,0.7301,0.7301333333333334,0.7301333333333334,0.7303333333333334,0.7303666666666666,0.7306,0.7306,0.7307666666666667,0.7307666666666667,0.7317,0.7317,0.7338333333333333,0.7342,0.7360666666666666,0.7360666666666666,0.7373333333333333,0.7373333333333333,0.7383333333333333,0.7383333333333333,0.7383333333333333,0.7383333333333333,0.7383333333333333,0.7383333333333333,0.7383666666666666,0.7383666666666666,0.7383666666666666,0.7388,0.7393333333333333,0.7393333333333333,0.7411,0.7411,0.7413000000000001,0.7419333333333334,0.7422000000000001,0.7422000000000001,0.7422000000000001,0.7430999999999999,0.7430999999999999,0.7430999999999999,0.7432666666666666,0.7432666666666666,0.7437666666666667,0.7437666666666667,0.7437666666666667,0.7447333333333334,0.7449000000000001,0.7452666666666667,0.7457666666666667,0.7457666666666667,0.7457666666666667,0.7464333333333334,0.7464333333333334,0.7464333333333334,0.7464333333333334,0.7481666666666668,0.7481666666666668,0.7481666666666668,0.7482666666666666,0.7503333333333333,0.7503333333333333,0.7513,0.7513,0.7513,0.7516333333333334,0.7517,0.7517,0.7523333333333333,0.7523333333333333,0.7523333333333333,0.7533666666666667,0.7548333333333332,0.7572666666666666,0.7585333333333334,0.7587666666666667
Std curve: 0.002209575122556885,0.005728486323240686,0.007546890456045803,0.010373791763649167,0.010373791763649167,0.009914859779363695,0.010020534472327864,0.009405081368896069,0.008523562113993851,0.008523562113993851,0.007386474125047762,0.00704588138166153,0.00704588138166153,0.0072030857585096445,0.0072030857585096445,0.00495804621017414,0.00495804621017414,0.00495804621017414,0.004681405297082863,0.004430450190318005,0.004430450190318005,0.004218477871881698,0.004218477871881698,0.0037747700445045587,0.0054605657012600645,0.0054605657012600645,0.0054605657012600645,0.005448139335793669,0.005448139335793669,0.00539032054293208,0.005437932613697148,0.0053795910625251105,0.0053795910625251105,0.005345403009440294,0.005345403009440294,0.004261455150532527,0.004261455150532527,0.0035714920629277155,0.0031223210739590762,0.0034263683398023524,0.0034263683398023524,0.0037727090178455735,0.0037727090178455735,0.005588679032949854,0.005588679032949854,0.005588679032949854,0.005588679032949854,0.005588679032949854,0.005588679032949854,0.005651351854006057,0.005651351854006057,0.005651351854006057,0.005599999999999991,0.006586180818788523,0.006586180818788523,0.006950299753727661,0.006950299753727661,0.006744874597302269,0.007240012277460438,0.007502888332724494,0.007502888332724494,0.007502888332724494,0.00857748992032827,0.00857748992032827,0.00857748992032827,0.008748714191239728,0.008748714191239728,0.009421960164070585,0.009421960164070585,0.009421960164070585,0.008655505633859726,0.008810095219563606,0.009183681179135074,0.009759098319004685,0.009759098319004685,0.009759098319004685,0.01062470914634581,0.01062470914634581,0.01062470914634581,0.01062470914634581,0.01324386650491465,0.01324386650491465,0.01324386650491465,0.0131797824969408,0.014730542722143311,0.014730542722143311,0.014122244077262588,0.014122244077262588,0.014122244077262588,0.013806359243318128,0.013832891559210934,0.013832891559210934,0.013402736039082978,0.013402736039082978,0.013402736039082978,0.01296379574044579,0.013925595937776692,0.014213295809831663,0.014501494175888696,0.014327750850864362

mean_time: , 32980.152351808545
best_solution: , 0.739
worst_solution: , 0.781
mean_solution: , 0.7587666666666667
std_solution: , 0.014327750850864362



solutions runs are : 



0.7643333333333333

0.7485

0.781

0.739

0.761

