# Scenario 207
Mean curve: 0.7708333333333333,0.7968333333333334,0.7993333333333335,0.8085000000000001,0.8151666666666667,0.8241666666666667,0.827,0.8281666666666666,0.8338333333333334,0.8338333333333334,0.8390000000000001,0.8463333333333333,0.8463333333333333,0.8506666666666668,0.8556666666666667,0.8556666666666667,0.8576666666666666,0.8576666666666666,0.868,0.8711666666666666,0.8789999999999999,0.8789999999999999,0.8809999999999999,0.8809999999999999,0.8816666666666666,0.8816666666666666,0.8831666666666667,0.8851666666666667,0.8861666666666667,0.8891666666666668,0.8935000000000001,0.8935000000000001,0.8935000000000001,0.8971666666666668,0.9006666666666667,0.9015000000000001,0.9095000000000001,0.9101666666666667,0.9101666666666667,0.9105000000000001,0.9108333333333334,0.9108333333333334,0.9115,0.9161666666666667,0.9161666666666667,0.9183333333333333,0.9183333333333333,0.9193333333333333,0.9193333333333333,0.9200000000000002,0.9201666666666668,0.9226666666666666,0.9226666666666666,0.9226666666666666,0.9226666666666666,0.9244999999999999,0.9291666666666666,0.9303333333333335,0.9303333333333335,0.9303333333333335,0.9303333333333335,0.9341666666666667,0.9341666666666667,0.9341666666666667,0.9345000000000001,0.9359999999999999,0.9359999999999999,0.938,0.938,0.938,0.9388333333333334,0.9388333333333334,0.9395,0.9396666666666667,0.9396666666666667,0.9396666666666667,0.9396666666666667,0.9411666666666667,0.9411666666666667,0.9411666666666667,0.9416666666666667,0.942,0.9426666666666665,0.9426666666666665,0.9441666666666666,0.9441666666666666,0.9453333333333334,0.9461666666666666,0.9465,0.9465,0.9493333333333333,0.9493333333333333,0.9493333333333333,0.95,0.95,0.95,0.9506666666666668,0.9516666666666668,0.9526666666666668,0.9526666666666668
Std curve: 0.012549900398011175,0.025470025956449722,0.024143091949642426,0.021404828115793556,0.0200097198603301,0.014013882006385302,0.013287420951996521,0.013605554421305717,0.007774602526460392,0.007774602526460392,0.012432037465980981,0.014333333333333323,0.014333333333333323,0.012686388155990031,0.010466878978738369,0.010466878978738369,0.008521215354109496,0.008521215354109496,0.01672157621491201,0.01607793519081352,0.00861845564923194,0.00861845564923194,0.007367345368433456,0.007367345368433456,0.006851601597031498,0.006851601597031498,0.006485025486114573,0.006980130530457313,0.007121953539740501,0.010233387622005834,0.011836853936376469,0.011836853936376469,0.011836853936376469,0.009698224350650765,0.011883695646650611,0.012353586973470967,0.008276472678623427,0.009300537618869162,0.009300537618869162,0.009318440498996265,0.008866290718846937,0.008866290718846937,0.00996382345175675,0.010416333327999822,0.010416333327999822,0.007321960878829584,0.007321960878829584,0.008809716857601664,0.008809716857601664,0.008514693182963193,0.008323327326122504,0.012653501930734851,0.012653501930734851,0.012653501930734851,0.012653501930734851,0.012434271635729634,0.010684880283216402,0.011932681546445823,0.011932681546445823,0.011932681546445823,0.011932681546445823,0.012747548783981938,0.012747548783981938,0.012747548783981938,0.012589678312014145,0.014628738838327784,0.014628738838327784,0.014922019523732922,0.014922019523732922,0.014922019523732922,0.01362799406450642,0.01362799406450642,0.012655697004379763,0.012423096769056152,0.012423096769056152,0.012423096769056152,0.012423096769056152,0.01280841737122723,0.01280841737122723,0.01280841737122723,0.013591255358583422,0.013129694927487423,0.01226331475943145,0.01226331475943145,0.012899181713926247,0.012899181713926247,0.012106013198223263,0.01093668647768196,0.011147994338793783,0.011147994338793783,0.010716031603785694,0.010716031603785694,0.010716031603785694,0.01163089754824528,0.01163089754824528,0.01163089754824528,0.01061183825315439,0.011118053386771918,0.012554326390177633,0.012554326390177633

mean_time: , 4385.599021625519
best_solution: , 0.935
worst_solution: , 0.9716666666666667
mean_solution: , 0.9526666666666668
std_solution: , 0.012554326390177633



solutions runs are : 



0.935

0.9591666666666666

0.9533333333333334

0.9716666666666667

0.9441666666666667

