# Scenario 326
Mean curve: 0.7345833333333334,0.7385,0.7418333333333333,0.7473333333333333,0.7523333333333333,0.75425,0.75425,0.7564166666666666,0.7564166666666666,0.75825,0.75825,0.7618333333333333,0.7629999999999999,0.7629999999999999,0.7629999999999999,0.7683333333333333,0.7709166666666667,0.7709166666666667,0.7725,0.77275,0.77275,0.77275,0.7729999999999999,0.7737499999999999,0.7768333333333333,0.7789166666666667,0.7789166666666667,0.7790833333333333,0.7814166666666666,0.7814166666666666,0.7814166666666666,0.7821666666666667,0.7821666666666667,0.7821666666666667,0.7821666666666667,0.7821666666666667,0.7821666666666667,0.7825833333333334,0.7825833333333334,0.7825833333333334,0.78325,0.78325,0.7835833333333333,0.78575,0.78575,0.7859166666666666,0.7871666666666666,0.7871666666666666,0.7875833333333333,0.7884166666666668,0.7884166666666668,0.7904166666666668,0.7953333333333334,0.7969166666666667,0.7997500000000001,0.8002499999999999,0.8007500000000001,0.8007500000000001,0.8007500000000001,0.8010833333333334,0.8010833333333334,0.8010833333333334,0.8010833333333334,0.8010833333333334,0.8022500000000001,0.8022500000000001,0.8022500000000001,0.8036666666666668,0.8036666666666668,0.8036666666666668,0.8044166666666666,0.8048333333333334,0.805,0.8065000000000001,0.8083333333333333,0.8083333333333333,0.8147499999999999,0.81525,0.8170833333333333,0.8170833333333333,0.8171666666666667,0.8174999999999999,0.8174999999999999,0.82,0.8200833333333334,0.8219166666666666,0.8219166666666666,0.8219166666666666,0.8219166666666666,0.8219166666666666,0.8219166666666666,0.8219166666666666,0.8219166666666666,0.8230000000000001,0.8252499999999999,0.8265833333333333,0.8291666666666666,0.8301666666666667,0.8306666666666667,0.8314166666666667
Std curve: 0.004602233757161344,0.00257660413895671,0.008163264597505616,0.00988685996664258,0.010160517265922589,0.012526083896325218,0.012526083896325218,0.01590466388621067,0.01590466388621067,0.014306661230194705,0.014306661230194705,0.01694066442354347,0.019078420037076226,0.019078420037076226,0.019078420037076226,0.020363024769856224,0.023254927793194005,0.023254927793194005,0.025640408646422863,0.026032298314892517,0.026032298314892517,0.026032298314892517,0.026427836755125368,0.026959331511659475,0.03192504241709532,0.03329852349078962,0.03329852349078962,0.03319701291783144,0.03219579855267526,0.03219579855267526,0.03219579855267526,0.031973730536871144,0.031973730536871144,0.031973730536871144,0.031973730536871144,0.031973730536871144,0.031973730536871144,0.03188020110071804,0.03188020110071804,0.03188020110071804,0.03237304262637187,0.03237304262637187,0.032148310824814584,0.03214809481135703,0.03214809481135703,0.03238054971738437,0.03376018364878959,0.03376018364878959,0.03434546711155801,0.0332231512319012,0.0332231512319012,0.03225764336642644,0.02950094160455825,0.027240696678968317,0.027144929954269943,0.027871979158685924,0.028271255523745133,0.028271255523745133,0.028271255523745133,0.028752536120024832,0.028752536120024832,0.028752536120024832,0.028752536120024832,0.028752536120024832,0.03049202992404554,0.03049202992404554,0.03049202992404554,0.02888963674245682,0.02888963674245682,0.02888963674245682,0.028120030425145562,0.02771832526606821,0.027983129838450086,0.02762798500715453,0.028814541082199777,0.028814541082199777,0.030520484924063715,0.029941609843159758,0.02802280817080578,0.02802280817080578,0.02794389219688467,0.028404322832195017,0.028404322832195017,0.032089285162219226,0.0320138858761146,0.030538682209799304,0.030538682209799304,0.030538682209799304,0.030538682209799304,0.030538682209799304,0.030538682209799304,0.030538682209799304,0.030538682209799304,0.03111850110643365,0.03328392171070658,0.03434445612710541,0.03295619988880867,0.03262327049481366,0.03252733892862709,0.03234428508682453

mean_time: , 7685.10931315422
best_solution: , 0.7804166666666666
worst_solution: , 0.8795833333333334
mean_solution: , 0.8314166666666667
std_solution: , 0.03234428508682453



solutions runs are : 



0.8254166666666667

0.7804166666666666

0.825

0.8795833333333334

0.8466666666666667

