# Scenario 370
Mean curve: 0.7248333333333333,0.7305833333333334,0.7356666666666667,0.7356666666666667,0.73625,0.7375833333333334,0.7375833333333334,0.7380833333333333,0.7380833333333333,0.7389166666666667,0.7394166666666667,0.7400833333333333,0.7404166666666667,0.7405833333333334,0.7405833333333334,0.7429166666666667,0.7429166666666667,0.7429166666666667,0.7449166666666667,0.7460833333333333,0.7491666666666666,0.7491666666666666,0.75125,0.7513333333333333,0.7540833333333332,0.7540833333333332,0.75475,0.75475,0.7565833333333333,0.7575000000000001,0.7575000000000001,0.7575000000000001,0.75875,0.75875,0.75875,0.7590833333333333,0.7594166666666666,0.7594166666666666,0.7594166666666666,0.76075,0.76075,0.76125,0.7631666666666665,0.7631666666666665,0.76425,0.7647499999999999,0.7647499999999999,0.7647499999999999,0.7647499999999999,0.7647499999999999,0.7647499999999999,0.7650833333333333,0.7666666666666666,0.7675,0.7680833333333332,0.7688333333333333,0.7688333333333333,0.7695833333333333,0.7695833333333333,0.7700833333333332,0.7719166666666666,0.7719166666666666,0.7722499999999999,0.7722499999999999,0.7730833333333333,0.7730833333333333,0.7740833333333332,0.7741666666666667,0.7753333333333333,0.77725,0.77725,0.7779999999999999,0.7779999999999999,0.77825,0.7788333333333333,0.78,0.7803333333333333,0.7803333333333333,0.7820833333333332,0.7821666666666667,0.7821666666666667,0.7834999999999999,0.7849166666666667,0.7849999999999999,0.7855833333333333,0.7861666666666667,0.7870833333333334,0.7883333333333333,0.7888333333333334,0.789,0.789,0.789,0.789,0.789,0.789,0.7890833333333334,0.7895833333333334,0.7895833333333334,0.7906666666666666,0.7906666666666666
Std curve: 0.011985523675575364,0.007757612748491338,0.008410476271360084,0.008410476271360084,0.008971405191557825,0.010689428838291062,0.010689428838291062,0.01103844292562235,0.01103844292562235,0.01197972824770613,0.011626717316403414,0.011375534175491602,0.01164581469885209,0.01162671731640341,0.01162671731640341,0.008771798244627168,0.008771798244627168,0.008771798244627168,0.008721779889703974,0.00930427022632322,0.0057554322166106725,0.0057554322166106725,0.0029697549468675516,0.003020761493398612,0.0030889588321417385,0.0030889588321417385,0.003619008458434725,0.003619008458434725,0.0038496031541503588,0.00494413232473042,0.00494413232473042,0.00494413232473042,0.005048377076953632,0.005048377076953632,0.005048377076953632,0.005146465885548146,0.005352828950917212,0.005352828950917212,0.005352828950917212,0.0037583240945932013,0.0037583240945932013,0.004354116825871032,0.005661762583820994,0.005661762583820994,0.006483954554642291,0.0067731085920720155,0.0067731085920720155,0.0067731085920720155,0.0067731085920720155,0.0067731085920720155,0.0067731085920720155,0.0063102650058808225,0.004816061092266622,0.004743416490252564,0.004171663670261256,0.0036266758578314857,0.0036266758578314857,0.0039878287046684726,0.0039878287046684726,0.004498456525421925,0.005643334317779024,0.005643334317779024,0.005417307654381684,0.005417307654381684,0.0051948157918362495,0.0051948157918362495,0.005970994705890962,0.006015027477539535,0.007028710961319856,0.009315459074988106,0.009315459074988106,0.009118814494098354,0.009118814494098354,0.009107384061542857,0.009187098441715873,0.009693210682396905,0.009673130023133393,0.009673130023133393,0.008001735922771876,0.007859000501901537,0.007859000501901537,0.008218373723959407,0.006337717780610513,0.006449590856963103,0.005506309512227246,0.005906681715556437,0.006072478900745551,0.005968668193156677,0.006188026071912336,0.006327848502189891,0.006327848502189891,0.006327848502189891,0.006327848502189891,0.006327848502189891,0.006327848502189891,0.006254998001598424,0.006754628043053181,0.006754628043053181,0.008159010016199562,0.008159010016199562

mean_time: , 12538.24931359291
best_solution: , 0.7795833333333333
worst_solution: , 0.8025
mean_solution: , 0.7906666666666666
std_solution: , 0.008159010016199562



solutions runs are : 



0.8025

0.795

0.78375

0.7925

0.7795833333333333

