# Scenario 97
Mean curve: 0.7306,0.7402000000000001,0.7575,0.7678,0.7725,0.7806,0.7895000000000001,0.7975000000000001,0.8007,0.8072000000000001,0.8109999999999999,0.8160000000000001,0.8202999999999999,0.826,0.8280000000000001,0.8334999999999999,0.8368,0.8405000000000001,0.8415000000000001,0.8497999999999999,0.8532,0.8558,0.8576,0.8585,0.8622,0.8637,0.8684,0.8704000000000001,0.8710000000000001,0.8727,0.8732,0.8745999999999998,0.8757999999999999,0.8790000000000001,0.8813000000000001,0.883,0.8856999999999999,0.8856999999999999,0.8867,0.8875,0.8877,0.8894,0.8896,0.8902999999999999,0.8917999999999999,0.8917999999999999,0.8917999999999999,0.8917999999999999,0.892,0.8922999999999999,0.8932,0.8942,0.8953,0.8968,0.8972999999999999,0.8972999999999999,0.8972999999999999,0.8977999999999999,0.8985999999999998,0.8987,0.8987999999999999,0.8991,0.8991999999999999,0.8991999999999999,0.8991999999999999,0.8991999999999999,0.901,0.901,0.9014,0.9038999999999999,0.9038999999999999,0.9038999999999999,0.9038999999999999,0.9038999999999999,0.9038999999999999,0.9038999999999999,0.9038999999999999,0.9038999999999999,0.9038999999999999,0.9038999999999999,0.9038999999999999,0.9043000000000001,0.9064,0.9064,0.9064,0.9064,0.9064,0.9064,0.9064,0.9065,0.9065,0.9065,0.9065,0.9077,0.9077,0.9077,0.9077,0.9079,0.9085000000000001,0.9085000000000001
Std curve: 0.009764220398987345,0.006896375859826665,0.007918333157931647,0.005653317610041027,0.0024083189157584426,0.003992492955535444,0.00679705818718658,0.008105553651663766,0.008801136290275275,0.010279105019407087,0.009364827814754511,0.007854934754662169,0.009195651146058092,0.005890670590009248,0.00602494813255682,0.009486832980505159,0.007972452571197903,0.004806245936279155,0.00356370593624108,0.0024819347291981817,0.004707440918375918,0.0032649655434629056,0.004115823125451349,0.004301162633521312,0.001777638883463127,0.004007492981902766,0.0026532998322843114,0.0031527765540868753,0.0034785054261852015,0.0030919249667480456,0.003641428291206604,0.0023958297101421815,0.0034146742157927603,0.006640783086353596,0.007379701890998039,0.006557438524301981,0.005085272854036442,0.005085272854036442,0.005697367813297648,0.004847679857416326,0.004696807426326948,0.005180733538795468,0.004882622246293503,0.004632493928760207,0.0026570660511172936,0.0026570660511172936,0.0026570660511172936,0.0026570660511172936,0.003049590136395391,0.002908607914449813,0.002521904042583722,0.0033105890714493855,0.002657066051117297,0.00273130005674955,0.0029427877939124437,0.0029427877939124437,0.0029427877939124437,0.0019646882704388384,0.0023958297101421724,0.0022494443758403985,0.0024207436873820596,0.0029563490998188945,0.0028390139133156627,0.0028390139133156627,0.0028390139133156627,0.0028390139133156627,0.0028635642126552657,0.0028635642126552657,0.0026153393661243964,0.004164132562731413,0.004164132562731413,0.004164132562731413,0.004164132562731413,0.004164132562731413,0.004164132562731413,0.004164132562731413,0.004164132562731413,0.004164132562731413,0.004164132562731413,0.004164132562731413,0.004164132562731413,0.004296510211788174,0.002870540018881485,0.002870540018881485,0.002870540018881485,0.002870540018881485,0.002870540018881485,0.002870540018881485,0.002870540018881485,0.003033150177620623,0.003033150177620623,0.003033150177620623,0.003033150177620623,0.002420743687382041,0.002420743687382041,0.002420743687382041,0.002420743687382041,0.0024372115213907863,0.002846049894151536,0.002846049894151536

mean_time: , 13248.274066448212
best_solution: , 0.9045
worst_solution: , 0.9115
mean_solution: , 0.9085000000000001
std_solution: , 0.002846049894151536



solutions runs are : 



0.9045

0.9115

0.9115

0.906

0.909

