# Scenario 303
Mean curve: 0.6701060370820846,0.6902356978271575,0.7034329222782703,0.704221398972887,0.7127060129291081,0.7188942856181433,0.7404513835354545,0.7436109493383267,0.7436109493383267,0.7476747786936354,0.7532725948615824,0.7574350422314071,0.7574350422314071,0.7574350422314071,0.7635849736329426,0.7644636586558342,0.7719642886277902,0.773575922272126,0.7743944518183662,0.7748581535691005,0.7763468549591338,0.7780472704075497,0.781102230792106,0.7831079970119861,0.7831079970119861,0.7849701797219274,0.7925818368675148,0.7944545385951993,0.7944545385951993,0.7944545385951993,0.7962601025928615,0.7962601025928615,0.7962601025928615,0.7964989105048971,0.8026468520244057,0.8071067122338708,0.8079086928439425,0.809328095431329,0.809328095431329,0.8093922184451309,0.8107684673776714,0.8121668449399093,0.8145159140038606,0.8149090791290309,0.8160120851578136,0.8160120851578136,0.8160120851578136,0.8204168469796904,0.8218299811460528,0.8218299811460528,0.8224397358259736,0.8224397358259736,0.8258323042717386,0.8273397529316127,0.8300487891314262,0.8312605000715498,0.8318098379248833,0.8325200371752285,0.8330294720345854,0.8347256813419545,0.8385455438988914,0.8385455438988914,0.8394860730434486,0.8396740400542694,0.8396740400542694,0.8415848813855018,0.8427049240574889,0.842843170815103,0.8433239473346484,0.8433239473346484,0.8433239473346484,0.8433239473346484,0.8433458525500388,0.8492356411083172,0.8492356411083172,0.8492356411083172,0.8492356411083172,0.8516970231263696,0.8516970231263696,0.8516970231263696,0.8528783636894307,0.8528783636894307,0.8528783636894307,0.8528783636894307,0.8528783636894307,0.8543533225045662,0.8564558585975816,0.8564558585975816,0.8571638841590907,0.8575784778974773,0.860053572528992,0.860053572528992,0.860053572528992,0.8624554940662218,0.8624554940662218,0.8624554940662218,0.8624554940662218,0.8624554940662218,0.8625007462584637,0.8632931601195695
Std curve: 0.008808563021903554,0.021022213994724745,0.013528338512860534,0.013306565827407624,0.02261054779376741,0.022823058061341606,0.015857555122720177,0.012825989304432543,0.012825989304432543,0.013094935112626594,0.016671557062132386,0.018732906050800902,0.018732906050800902,0.018732906050800902,0.022952529525716737,0.024025686663357915,0.026383606408872173,0.026537571335035443,0.026926470045388624,0.027188084237078212,0.02472068733481553,0.022664629852406727,0.018328493389628834,0.019797360536805936,0.019797360536805936,0.018694787381288755,0.025289053661838083,0.02765961291257297,0.02765961291257297,0.02765961291257297,0.026902240912127992,0.026902240912127992,0.026902240912127992,0.02660286425060308,0.022418647089268547,0.018502849069396293,0.019252686165810984,0.017284449146115235,0.017284449146115235,0.017243078611579622,0.017334324133372492,0.01761391303010379,0.020874878099542193,0.02124446419439566,0.02096676846096791,0.02096676846096791,0.02096676846096791,0.016790445789782647,0.016755955992768877,0.016755955992768877,0.017731049020355685,0.017731049020355685,0.016941802192311523,0.014712874900556285,0.015273459956984368,0.016035223403747453,0.015714266179382198,0.016358652603426133,0.01611177801105343,0.017987475691385382,0.02061140477721068,0.02061140477721068,0.020713563080125487,0.020754370389972455,0.020754370389972455,0.01789683417804416,0.016430241420661806,0.01629295660508728,0.016926330968339197,0.016926330968339197,0.016926330968339197,0.016926330968339197,0.016955924168654473,0.015265293243859987,0.015265293243859987,0.015265293243859987,0.015265293243859987,0.015542592224899234,0.015542592224899234,0.015542592224899234,0.01517469365763168,0.01517469365763168,0.01517469365763168,0.01517469365763168,0.01517469365763168,0.015950819938688427,0.017838593409020442,0.017838593409020442,0.017938563453619372,0.018374570559778546,0.019483063050960835,0.019483063050960835,0.019483063050960835,0.022056431472268195,0.022056431472268195,0.022056431472268195,0.022056431472268195,0.022056431472268195,0.022077848183578976,0.022508682398057315

mean_time: , 8382.606788587571
best_solution: , 0.8260178748758689
worst_solution: , 0.8895116092874299
mean_solution: , 0.8632931601195695
std_solution: , 0.022508682398057315



solutions runs are : 



0.8260178748758689

0.8769990128331688

0.8734793187347932

0.850457984866587

0.8895116092874299

