# Scenario 66
Mean curve: 0.7100833333333333,0.7290416666666666,0.7392916666666667,0.7474166666666667,0.755125,0.7645416666666667,0.7697499999999999,0.7778750000000001,0.78475,0.7914166666666667,0.7963333333333333,0.804625,0.8094583333333334,0.8140416666666667,0.820875,0.8256666666666665,0.8256666666666665,0.8280833333333334,0.8318749999999999,0.8337083333333334,0.8359583333333335,0.8394999999999999,0.8430833333333332,0.8453333333333333,0.8454583333333334,0.848625,0.848625,0.8494166666666667,0.85,0.8546666666666667,0.8556250000000001,0.8565416666666668,0.8585416666666668,0.8615833333333335,0.8618750000000001,0.8650833333333333,0.8657083333333333,0.8661666666666668,0.8675833333333334,0.8682916666666667,0.8709999999999999,0.875125,0.8768750000000001,0.8768750000000001,0.8792500000000001,0.8794583333333333,0.8824583333333335,0.883875,0.8853333333333332,0.8853333333333332,0.8872499999999999,0.8875,0.8881250000000002,0.8883750000000001,0.8883750000000001,0.8889583333333334,0.8899166666666668,0.8899166666666668,0.8904583333333334,0.8904583333333334,0.8904583333333334,0.8904583333333334,0.8904583333333334,0.8904583333333334,0.8904583333333334,0.8904583333333334,0.8904583333333334,0.8905000000000001,0.891,0.8930833333333335,0.8930833333333335,0.8930833333333335,0.8930833333333335,0.8930833333333335,0.8930833333333335,0.8930833333333335,0.8930833333333335,0.8930833333333335,0.8946666666666667,0.8949583333333333,0.8949583333333333,0.8949583333333333,0.8954166666666665,0.8959583333333333,0.8959583333333333,0.8959583333333333,0.8959583333333333,0.8959583333333333,0.8974166666666668,0.8974166666666668,0.8974166666666668,0.8974166666666668,0.8974166666666668,0.8974166666666668,0.8974166666666668,0.8974166666666668,0.8984166666666666,0.8984166666666666,0.8984166666666666,0.8984166666666666
Std curve: 0.011947948452442495,0.010070584226680543,0.01068455531232922,0.005840174559796027,0.006097586043308917,0.0029148804053988034,0.008507961957288411,0.007865404206608426,0.007105846575571091,0.006830538046157135,0.006292356474326625,0.005504732812165646,0.006562466931133611,0.002505549396395484,0.007772145778354891,0.004070558247273254,0.004070558247273254,0.006580695674133215,0.007438404473481598,0.00627688661324669,0.005493999251708861,0.006959206532037653,0.00871660293157066,0.007038584137926214,0.006807624402095045,0.002650340648964851,0.002650340648964851,0.002947456530637879,0.003456073558887945,0.006289596789761456,0.005833333333333328,0.004578785622605409,0.0073574414333003515,0.004888691599554583,0.004828661535272709,0.005417628119799691,0.005136335702078313,0.0051177116196814065,0.005905211916415665,0.0064407017388549105,0.005149501054579113,0.007978486698616463,0.006817308445746329,0.006817308445746329,0.007428595276213229,0.007206767652699782,0.005471517157059828,0.006736096792653737,0.007047211820602847,0.007047211820602847,0.004642422140793883,0.004604119532187082,0.004372022796524893,0.0041193142633210045,0.0041193142633210045,0.003729108472544073,0.0038450906650197773,0.0038450906650197773,0.00470556703396212,0.00470556703396212,0.00470556703396212,0.00470556703396212,0.00470556703396212,0.00470556703396212,0.00470556703396212,0.00470556703396212,0.00470556703396212,0.004652135113161589,0.0044554118153594165,0.0052546275901448015,0.0052546275901448015,0.0052546275901448015,0.0052546275901448015,0.0052546275901448015,0.0052546275901448015,0.0052546275901448015,0.0052546275901448015,0.0052546275901448015,0.005341790170179095,0.005243050956583689,0.005243050956583689,0.005243050956583689,0.004464365078659612,0.0035074325842891574,0.0035074325842891574,0.0035074325842891574,0.0035074325842891574,0.0035074325842891574,0.004056031174545998,0.004056031174545998,0.004056031174545998,0.004056031174545998,0.004056031174545998,0.004056031174545998,0.004056031174545998,0.004056031174545998,0.003128054063187262,0.003128054063187262,0.003128054063187262,0.003128054063187262

mean_time: , 22026.456303977968
best_solution: , 0.8939583333333333
worst_solution: , 0.9035416666666667
mean_solution: , 0.8984166666666666
std_solution: , 0.003128054063187262



solutions runs are : 



0.9035416666666667

0.8970833333333333

0.898125

0.899375

0.8939583333333333

