# Scenario 165
Mean curve: 0.7189166666666666,0.7244583333333334,0.7272500000000001,0.7277916666666667,0.7291666666666667,0.7310416666666667,0.7331666666666667,0.7350833333333332,0.73575,0.7368750000000001,0.7368750000000001,0.7369583333333333,0.7369583333333333,0.7411666666666668,0.7419583333333334,0.7419583333333334,0.7419583333333334,0.742625,0.742625,0.742625,0.7433749999999999,0.7433749999999999,0.7433749999999999,0.7434583333333333,0.7434999999999999,0.74575,0.74575,0.74575,0.74575,0.7458750000000001,0.7460416666666666,0.7460416666666666,0.7460416666666666,0.7463333333333333,0.7463333333333333,0.746375,0.7512083333333333,0.7512083333333333,0.7512083333333333,0.7512083333333333,0.7512083333333333,0.7512083333333333,0.7519583333333333,0.7519583333333333,0.7519583333333333,0.7534166666666666,0.7534166666666666,0.7534166666666666,0.7534166666666666,0.7534166666666666,0.7534166666666666,0.7535,0.7535,0.7535,0.7535,0.7535,0.7535,0.7549583333333334,0.7549583333333334,0.7549583333333334,0.7549583333333334,0.7549583333333334,0.7549583333333334,0.7549583333333334,0.7549583333333334,0.7549583333333334,0.7549583333333334,0.7549583333333334,0.7549583333333334,0.7549583333333334,0.7549583333333334,0.7555416666666667,0.7555416666666667,0.7588333333333334,0.7590833333333333,0.7590833333333333,0.7590833333333333,0.7590833333333333,0.7590833333333333,0.7590833333333333,0.7590833333333333,0.7590833333333333,0.7590833333333333,0.7590833333333333,0.7590833333333333,0.7590833333333333,0.7590833333333333,0.7590833333333333,0.7590833333333333,0.7590833333333333,0.7590833333333333,0.7590833333333333,0.7590833333333333,0.7591666666666665,0.7591666666666665,0.7591666666666665,0.7591666666666665,0.7591666666666665,0.7591666666666665,0.7591666666666665
Std curve: 0.005233107744607124,0.0033530665897884707,0.0072401753355073595,0.007446102634562906,0.007515031233763747,0.005747886084852801,0.0038468962958612763,0.005112620550059316,0.004463587246947334,0.004970398486148874,0.004970398486148874,0.0049099530434505035,0.0049099530434505035,0.006343194077994997,0.005071708018234301,0.005071708018234301,0.005071708018234301,0.0041699986677322595,0.0041699986677322595,0.0041699986677322595,0.0041549836207726305,0.0041549836207726305,0.0041549836207726305,0.004094372832179416,0.004036293679437437,0.008053208470334442,0.008053208470334442,0.008053208470334442,0.008053208470334442,0.008035727513216611,0.007875992001011665,0.007875992001011665,0.007875992001011665,0.0076235198927762544,0.0076235198927762544,0.007615545139894943,0.008299305526501708,0.008299305526501708,0.008299305526501708,0.008299305526501708,0.008299305526501708,0.008299305526501708,0.007862313414143559,0.007862313414143559,0.007862313414143559,0.006004338709078035,0.006004338709078035,0.006004338709078035,0.006004338709078035,0.006004338709078035,0.006004338709078035,0.0059239978055363645,0.0059239978055363645,0.0059239978055363645,0.0059239978055363645,0.0059239978055363645,0.0059239978055363645,0.005618669277012501,0.005618669277012501,0.005618669277012501,0.005618669277012501,0.005618669277012501,0.005618669277012501,0.005618669277012501,0.005618669277012501,0.005618669277012501,0.005618669277012501,0.005618669277012501,0.005618669277012501,0.005618669277012501,0.005618669277012501,0.006193634725353997,0.006193634725353997,0.005612795401778162,0.005566205070682248,0.005566205070682248,0.005566205070682248,0.005566205070682248,0.005566205070682248,0.005566205070682248,0.005566205070682248,0.005566205070682248,0.005566205070682248,0.005566205070682248,0.005566205070682248,0.005566205070682248,0.005566205070682248,0.005566205070682248,0.005566205070682248,0.005566205070682248,0.005566205070682248,0.005566205070682248,0.005566205070682248,0.005411856838871896,0.005411856838871896,0.005411856838871896,0.005411856838871896,0.005411856838871896,0.005411856838871896,0.005411856838871896

mean_time: , 21749.298100662232
best_solution: , 0.7491666666666666
worst_solution: , 0.764375
mean_solution: , 0.7591666666666665
std_solution: , 0.005411856838871896



solutions runs are : 



0.764375

0.7633333333333333

0.7585416666666667

0.7491666666666666

0.7604166666666666

