# Scenario 172
Mean curve: 0.7350833333333333,0.7414166666666666,0.7434166666666666,0.7470833333333334,0.75275,0.75275,0.753,0.7560833333333334,0.7560833333333334,0.7583333333333333,0.7616666666666666,0.7616666666666666,0.7616666666666666,0.7616666666666666,0.7616666666666666,0.7616666666666666,0.763,0.7640833333333333,0.7640833333333333,0.7640833333333333,0.7640833333333333,0.7640833333333333,0.7640833333333333,0.7644166666666667,0.7644166666666667,0.7644166666666667,0.7644166666666667,0.76475,0.76475,0.7661666666666667,0.7661666666666667,0.7661666666666667,0.7661666666666667,0.7664166666666667,0.7664166666666667,0.7664166666666667,0.7664166666666667,0.7675833333333334,0.7675833333333334,0.7708333333333334,0.7716666666666667,0.7716666666666667,0.7716666666666667,0.7716666666666667,0.7716666666666667,0.7716666666666667,0.7716666666666667,0.7716666666666667,0.7716666666666667,0.7716666666666667,0.7735000000000001,0.7735000000000001,0.7735000000000001,0.7735000000000001,0.7735000000000001,0.7735000000000001,0.7735000000000001,0.7744166666666668,0.7744166666666668,0.7744166666666668,0.7744166666666668,0.7744166666666668,0.7744166666666668,0.7744166666666668,0.7744166666666668,0.7744166666666668,0.7744166666666668,0.7744166666666668,0.7744166666666668,0.7744166666666668,0.7744166666666668,0.7746666666666667,0.7746666666666667,0.7746666666666667,0.7746666666666667,0.7755833333333334,0.7764166666666668,0.7764166666666668,0.7764166666666668,0.7764166666666668,0.7764166666666668,0.7764166666666668,0.7764166666666668,0.7764166666666668,0.7776666666666667,0.7776666666666667,0.7776666666666667,0.7776666666666667,0.7776666666666667,0.7780833333333333,0.7780833333333333,0.7780833333333333,0.7780833333333333,0.7780833333333333,0.7780833333333333,0.7784166666666666,0.7784166666666666,0.7790833333333333,0.7790833333333333,0.7790833333333333
Std curve: 0.004276875806785451,0.0035217577681859184,0.003306139070812919,0.003935239651039203,0.005004164932000804,0.005004164932000804,0.005057996968497839,0.002720804619552414,0.002720804619552414,0.004571955574781753,0.0056580817322559995,0.0056580817322559995,0.0056580817322559995,0.0056580817322559995,0.0056580817322559995,0.0056580817322559995,0.005105824560680126,0.0039033461428768,0.0039033461428768,0.0039033461428768,0.0039033461428768,0.0039033461428768,0.0039033461428768,0.00363814665882385,0.00363814665882385,0.00363814665882385,0.00363814665882385,0.0034820970692960337,0.0034820970692960337,0.003199392303408742,0.003199392303408742,0.003199392303408742,0.003199392303408742,0.0033395774849189867,0.0033395774849189867,0.0033395774849189867,0.0033395774849189867,0.00213111864209073,0.00213111864209073,0.006123724356957942,0.005833333333333328,0.005833333333333328,0.005833333333333328,0.005833333333333328,0.005833333333333328,0.005833333333333328,0.005833333333333328,0.005833333333333328,0.005833333333333328,0.005833333333333328,0.004294699575575048,0.004294699575575048,0.004294699575575048,0.004294699575575048,0.004294699575575048,0.004294699575575048,0.004294699575575048,0.0035118845842842406,0.0035118845842842406,0.0035118845842842406,0.0035118845842842406,0.0035118845842842406,0.0035118845842842406,0.0035118845842842406,0.0035118845842842406,0.0035118845842842406,0.0035118845842842406,0.0035118845842842406,0.0035118845842842406,0.0035118845842842406,0.0035118845842842406,0.0034399612400917118,0.0034399612400917118,0.0034399612400917118,0.0034399612400917118,0.003462096346306825,0.0027462095088806693,0.0027462095088806693,0.0027462095088806693,0.0027462095088806693,0.0027462095088806693,0.0027462095088806693,0.0027462095088806693,0.0027462095088806693,0.0033603075256093025,0.0033603075256093025,0.0033603075256093025,0.0033603075256093025,0.0033603075256093025,0.003914006188605767,0.003914006188605767,0.003914006188605767,0.003914006188605767,0.003914006188605767,0.003914006188605767,0.0035881750236018196,0.0035881750236018196,0.0042930822907970715,0.0042930822907970715,0.0042930822907970715

mean_time: , 12469.772104358673
best_solution: , 0.7741666666666667
worst_solution: , 0.7845833333333333
mean_solution: , 0.7790833333333333
std_solution: , 0.0042930822907970715



solutions runs are : 



0.7775

0.7741666666666667

0.78375

0.7845833333333333

0.7754166666666666

