# Scenario 179
Mean curve: 0.7462500000000001,0.747375,0.7511249999999999,0.752,0.75775,0.7585,0.7625,0.7655,0.7655,0.7665,0.7665,0.77225,0.772375,0.772375,0.772375,0.772375,0.772375,0.772375,0.772375,0.772375,0.7736250000000001,0.7736250000000001,0.7742500000000001,0.7742500000000001,0.776625,0.77675,0.77675,0.77675,0.77675,0.77675,0.77675,0.77675,0.77675,0.77675,0.77675,0.77675,0.77675,0.77675,0.777375,0.777375,0.777625,0.777625,0.778875,0.778875,0.7797499999999999,0.7797499999999999,0.780125,0.780125,0.782375,0.782375,0.782375,0.783625,0.783625,0.783625,0.783625,0.783625,0.783625,0.783625,0.783625,0.783625,0.783625,0.783625,0.783625,0.783625,0.783625,0.783625,0.783625,0.783625,0.783625,0.783625,0.7845000000000001,0.7855000000000001,0.7863749999999999,0.7863749999999999,0.7863749999999999,0.7863749999999999,0.7863749999999999,0.7863749999999999,0.7863749999999999,0.78875,0.79,0.79,0.79,0.79,0.79,0.79,0.79,0.79,0.790375,0.790375,0.790375,0.790375,0.790375,0.790375,0.790375,0.790375,0.790375,0.790375,0.790375,0.790375
Std curve: 0.004050462936504909,0.004319288135792739,0.0037790541144577367,0.003147419578003523,0.006169481339626552,0.0057906174109502604,0.004472135954999596,0.0038405728739343203,0.0038405728739343203,0.0033911649915626422,0.0033911649915626422,0.0065024034018199865,0.00640312423743286,0.00640312423743286,0.00640312423743286,0.00640312423743286,0.00640312423743286,0.00640312423743286,0.00640312423743286,0.00640312423743286,0.006051859218455122,0.006051859218455122,0.005525509026325096,0.005525509026325096,0.005736396952791887,0.005678908345800281,0.005678908345800281,0.005678908345800281,0.005678908345800281,0.005678908345800281,0.005678908345800281,0.005678908345800281,0.005678908345800281,0.005678908345800281,0.005678908345800281,0.005678908345800281,0.005678908345800281,0.005678908345800281,0.005114318136369696,0.005114318136369696,0.0054971583568239986,0.0054971583568239986,0.005175060386121114,0.005175060386121114,0.006538348415311016,0.006538348415311016,0.00626747556836085,0.00626747556836085,0.004733524057190378,0.004733524057190378,0.004733524057190378,0.00523509789784298,0.00523509789784298,0.00523509789784298,0.00523509789784298,0.00523509789784298,0.00523509789784298,0.00523509789784298,0.00523509789784298,0.00523509789784298,0.00523509789784298,0.00523509789784298,0.00523509789784298,0.00523509789784298,0.00523509789784298,0.00523509789784298,0.00523509789784298,0.00523509789784298,0.00523509789784298,0.00523509789784298,0.006535958231200695,0.00734634262745756,0.0068852196769602116,0.0068852196769602116,0.0068852196769602116,0.0068852196769602116,0.0068852196769602116,0.0068852196769602116,0.0068852196769602116,0.004677071733467434,0.006249999999999993,0.006249999999999993,0.006249999999999993,0.006249999999999993,0.006249999999999993,0.006249999999999993,0.006249999999999993,0.006249999999999993,0.005871009282908667,0.005871009282908667,0.005871009282908667,0.005871009282908667,0.005871009282908667,0.005871009282908667,0.005871009282908667,0.005871009282908667,0.005871009282908667,0.005871009282908667,0.005871009282908667,0.005871009282908667

mean_time: , 9429.360553216935
best_solution: , 0.784375
worst_solution: , 0.799375
mean_solution: , 0.790375
std_solution: , 0.005871009282908667



solutions runs are : 



0.799375

0.785

0.795

0.784375

0.788125

