# Scenario 493
Mean curve: 0.7110666666666667,0.7110666666666667,0.7110666666666667,0.7131333333333333,0.7131333333333333,0.7131333333333333,0.7135333333333334,0.7135333333333334,0.7135333333333334,0.7135333333333334,0.7135333333333334,0.7135333333333334,0.7136,0.7136,0.7146,0.7146,0.7146,0.7146,0.7146,0.7146,0.7166666666666667,0.7178666666666667,0.7180666666666667,0.7199333333333333,0.7199333333333333,0.7199333333333333,0.7199333333333333,0.7199333333333333,0.7199333333333333,0.7199333333333333,0.7199333333333333,0.7199333333333333,0.7199333333333333,0.7199333333333333,0.7199333333333333,0.7199333333333333,0.7203333333333333,0.7203333333333333,0.7203333333333333,0.7203333333333333,0.7208,0.7208,0.7223333333333334,0.7223333333333334,0.7223333333333334,0.7223333333333334,0.7223333333333334,0.7227333333333333,0.7227333333333333,0.7227333333333333,0.7227333333333333,0.7227333333333333,0.7227333333333333,0.7243333333333333,0.7243333333333333,0.7246666666666666,0.7246666666666666,0.7258666666666668,0.7258666666666668,0.7258666666666668,0.7258666666666668,0.7258666666666668,0.7258666666666668,0.7258666666666668,0.7262,0.7262,0.7262,0.7262,0.7264,0.7264,0.7264,0.7264,0.7264,0.7264666666666666,0.7264666666666666,0.7268,0.7268,0.7268,0.7268,0.7268,0.7268,0.7268,0.7268,0.7268,0.7268,0.7268,0.7268,0.7268,0.7268,0.7268,0.7268,0.7268,0.7268,0.7268,0.7268,0.7268,0.7268,0.7268,0.7268,0.7268
Std curve: 0.007602338821412494,0.007602338821412494,0.007602338821412494,0.008059776671843948,0.008059776671843948,0.008059776671843948,0.007582435844326886,0.007582435844326886,0.007582435844326886,0.007582435844326886,0.007582435844326886,0.007582435844326886,0.007508217720160553,0.007508217720160553,0.006621178142898712,0.006621178142898712,0.006621178142898712,0.006621178142898712,0.006621178142898712,0.006621178142898712,0.0065794292221201525,0.004924316083365145,0.00471121593174791,0.007875136683117142,0.007875136683117142,0.007875136683117142,0.007875136683117142,0.007875136683117142,0.007875136683117142,0.007875136683117142,0.007875136683117142,0.007875136683117142,0.007875136683117142,0.007875136683117142,0.007875136683117142,0.007875136683117142,0.007574812062208361,0.007574812062208361,0.007574812062208361,0.007574812062208361,0.0075501287700571,0.0075501287700571,0.007045881381661489,0.007045881381661489,0.007045881381661489,0.007045881381661489,0.007045881381661489,0.0065026490328514595,0.0065026490328514595,0.0065026490328514595,0.0065026490328514595,0.0065026490328514595,0.0065026490328514595,0.007306009702825291,0.007306009702825291,0.007198765326236286,0.007198765326236286,0.006936537721050404,0.006936537721050404,0.006936537721050404,0.006936537721050404,0.006936537721050404,0.006936537721050404,0.006936537721050404,0.006444980820590365,0.006444980820590365,0.006444980820590365,0.006444980820590365,0.006165855802544983,0.006165855802544983,0.006165855802544983,0.006165855802544983,0.006165855802544983,0.0060758172747010075,0.0060758172747010075,0.005651351854006051,0.005651351854006051,0.005651351854006051,0.005651351854006051,0.005651351854006051,0.005651351854006051,0.005651351854006051,0.005651351854006051,0.005651351854006051,0.005651351854006051,0.005651351854006051,0.005651351854006051,0.005651351854006051,0.005651351854006051,0.005651351854006051,0.005651351854006051,0.005651351854006051,0.005651351854006051,0.005651351854006051,0.005651351854006051,0.005651351854006051,0.005651351854006051,0.005651351854006051,0.005651351854006051,0.005651351854006051

mean_time: , 20693.577381134033
best_solution: , 0.72
worst_solution: , 0.7343333333333333
mean_solution: , 0.7268
std_solution: , 0.005651351854006051



solutions runs are : 



0.731

0.72

0.7206666666666667

0.728

0.7343333333333333

