# Scenario 362
Mean curve: 0.5625167706158285,0.5679393515209571,0.5752527757942527,0.5755663573602456,0.5755663573602456,0.5755663573602456,0.578744565261292,0.5793775829605963,0.5837539292878173,0.5838916142536255,0.5897484475048553,0.5910446267441104,0.5911928329525917,0.5911928329525917,0.5945509748387601,0.5958978569275456,0.5958978569275456,0.5958978569275456,0.5964321547292518,0.6011060110664366,0.601932186101707,0.6024529616434088,0.6039017982086816,0.6046202029555678,0.6068939050537345,0.6087720061708226,0.6087720061708226,0.6087720061708226,0.6101323655598521,0.6101323655598521,0.6101323655598521,0.6101793278084835,0.6101793278084835,0.6125508912833937,0.6125508912833937,0.6138394591831424,0.614704608067011,0.6153734572955388,0.6153734572955388,0.615791914138732,0.6159394142637338,0.6159394142637338,0.6181294221498819,0.6181294221498819,0.6181294221498819,0.6181294221498819,0.6182984423134046,0.6187474892190059,0.6218061296436609,0.6218061296436609,0.6218061296436609,0.6218061296436609,0.6222702024171964,0.622303723781946,0.6229836877807358,0.6232788976643096,0.6237681862088127,0.6254296060404049,0.6257188329304545,0.6257188329304545,0.6261563521342713,0.6261884001242934,0.6262886399488016,0.6267454418658439,0.6267454418658439,0.6269464172222002,0.6288818317957404,0.6298573248294459,0.6301508619807537,0.6301556057753417,0.6305758974233397,0.6310027527064437,0.6313218100278145,0.6319547364643078,0.6320870564878621,0.6321713844095209,0.6321713844095209,0.6334630164039441,0.6337603116534,0.6337603116534,0.6339377223860753,0.635159946140862,0.6355507482689408,0.6355507482689408,0.6355507482689408,0.6355507482689408,0.635703771734781,0.6378374387809801,0.6378374387809801,0.6378374387809801,0.6378374387809801,0.6379844749591431,0.6379844749591431,0.6380413440566185,0.6380413440566185,0.6386730618763082,0.6386730618763082,0.6387948831639643,0.6391684559996892,0.6391684559996892
Std curve: 0.0025383381537408935,0.003842485467829092,0.009195122182954948,0.009054716216052255,0.009054716216052255,0.009054716216052255,0.007759496492647427,0.007572627934073675,0.0074874834075351684,0.007663330651045956,0.009087130417982271,0.008618144952637243,0.008492441856125124,0.008492441856125124,0.009219447618791015,0.008124027060317528,0.008124027060317528,0.008124027060317528,0.007622216799562646,0.0064897547568272115,0.005778796039541589,0.005725382253395171,0.004719777608320195,0.005367749086385295,0.0028955309827383394,0.0035050663183999247,0.0035050663183999247,0.0035050663183999247,0.003823660269699191,0.003823660269699191,0.003823660269699191,0.003817904243809041,0.003817904243809041,0.005290972159237615,0.005290972159237615,0.0060647620243587455,0.005726636606972482,0.006269265566140345,0.006269265566140345,0.00650904056385642,0.006594174341256641,0.006594174341256641,0.007932962840825682,0.007932962840825682,0.007932962840825682,0.007932962840825682,0.008018827008981938,0.008255865406502964,0.0044133128313546535,0.0044133128313546535,0.0044133128313546535,0.0044133128313546535,0.0047904556443477755,0.004774770487279725,0.005533147375592223,0.005411206820205135,0.0058874826818775825,0.007454345973493242,0.007750730957242685,0.007750730957242685,0.008283275041888558,0.008268003639108214,0.008397940384162925,0.008859208904825088,0.008859208904825088,0.00908386178099956,0.009818444984922209,0.009889953409603395,0.009720947572356309,0.009718483368772162,0.00953516544975543,0.00966007316888598,0.009555564865863694,0.010298582701402752,0.010261548193293002,0.010284094158467406,0.010284094158467406,0.00981998498227826,0.009744213335615306,0.009744213335615306,0.009780259724739105,0.009675380615518767,0.009771491474469039,0.009771491474469039,0.009771491474469039,0.009771491474469039,0.009962309613354032,0.006474451275537856,0.006474451275537856,0.006474451275537856,0.006474451275537856,0.006257912716138447,0.006257912716138447,0.006353395726242884,0.006353395726242884,0.007021116268765378,0.007021116268765378,0.007048762431454952,0.007022952141523871,0.007022952141523871

mean_time: , 85050.03226246833
best_solution: , 0.628903141238706
worst_solution: , 0.6505985707132778
mean_solution: , 0.6391684559996892
std_solution: , 0.007022952141523871



solutions runs are : 



0.6505985707132778

0.628903141238706

0.6362760392768652

0.6394294916034047

0.6406350371661925

