# Scenario 75
Mean curve: 0.750125,0.7665,0.7778749999999999,0.788375,0.8009999999999999,0.81175,0.819875,0.8275,0.8389999999999999,0.84375,0.8477499999999999,0.851625,0.85925,0.8626249999999999,0.86775,0.8707499999999999,0.876125,0.882125,0.8846250000000001,0.889375,0.890625,0.8965,0.899875,0.9008749999999999,0.9021250000000001,0.9033749999999999,0.9047499999999999,0.905,0.90575,0.907375,0.9101250000000001,0.91275,0.91325,0.91625,0.9181249999999999,0.9188749999999999,0.9196249999999999,0.921125,0.922875,0.922875,0.923,0.9247500000000001,0.9268750000000001,0.9275,0.9280000000000002,0.9280000000000002,0.92925,0.92925,0.93,0.9317500000000001,0.9328749999999999,0.933,0.933,0.933,0.933,0.9336249999999999,0.9336249999999999,0.9336249999999999,0.9336249999999999,0.9338749999999999,0.9338749999999999,0.9338749999999999,0.9338749999999999,0.9349999999999999,0.9354999999999999,0.9354999999999999,0.9354999999999999,0.9354999999999999,0.9354999999999999,0.9366249999999999,0.93775,0.938125,0.938125,0.9395,0.9400000000000001,0.9410000000000001,0.9412499999999999,0.9412499999999999,0.9417500000000001,0.9417500000000001,0.943,0.943,0.943,0.943,0.943,0.943,0.943,0.943,0.943,0.943,0.9435,0.9435,0.944125,0.944125,0.944125,0.944125,0.944125,0.944125,0.944125,0.944125
Std curve: 0.007152359750459986,0.006080193253507652,0.010887205793958332,0.005626388717463439,0.008683677216479177,0.005382262535402714,0.004633438248212673,0.008023403267940606,0.007055582895835047,0.0036869703009381463,0.00526782687642634,0.006307237905771409,0.005309190145398817,0.00836099575409532,0.0068761362697375315,0.0067938391208506,0.008416872934766211,0.006319612329882247,0.004194490433890617,0.004626688880830444,0.005405437077609917,0.005667892024377324,0.004000000000000022,0.004268342769740997,0.002755675960631095,0.0019605483926697716,0.003526683994916477,0.003535533905932745,0.0029421505739849587,0.0025739075352467456,0.006816799102217974,0.007305819598101236,0.007314369419163905,0.005462943345853039,0.006970921746799353,0.0069977675011392146,0.007337830060719591,0.00748331477354785,0.007273668262988051,0.007273668262988051,0.007249999999999974,0.006585969936159717,0.00701560760020111,0.005929270612815704,0.006415313710178176,0.006415313710178176,0.006793839120850597,0.006793839120850597,0.005548085255293026,0.0035222507009013268,0.0019202864369671357,0.0018285923547909596,0.0018285923547909596,0.0018285923547909596,0.0018285923547909596,0.0024173849507267055,0.0024173849507267055,0.0024173849507267055,0.0024173849507267055,0.0022844583603121244,0.0022844583603121244,0.0022844583603121244,0.0022844583603121244,0.0029315098498896236,0.002143303524935278,0.002143303524935278,0.002143303524935278,0.002143303524935278,0.002143303524935278,0.0032977264895682266,0.0038850675669800114,0.004126893504804787,0.004126893504804787,0.004616546328154837,0.0042938910093294124,0.004322904116447636,0.004031128874149271,0.004031128874149271,0.0035881750236018348,0.0035881750236018348,0.0036314597615834912,0.0036314597615834912,0.0036314597615834912,0.0036314597615834912,0.0036314597615834912,0.0036314597615834912,0.0036314597615834912,0.0036314597615834912,0.0036314597615834912,0.0036314597615834912,0.002839454172900157,0.002839454172900157,0.002755675960631094,0.002755675960631094,0.002755675960631094,0.002755675960631094,0.002755675960631094,0.002755675960631094,0.002755675960631094,0.002755675960631094

mean_time: , 9433.082231283188
best_solution: , 0.939375
worst_solution: , 0.9475
mean_solution: , 0.944125
std_solution: , 0.002755675960631094



solutions runs are : 



0.945

0.939375

0.9475

0.945625

0.943125

