# Scenario 380
Mean curve: 0.569140136992481,0.5697195486733815,0.5716144685273287,0.5720727336050067,0.5749089816671036,0.5796280862259787,0.5855832941348977,0.5864731495869389,0.5871691965774677,0.5895771605678433,0.5900408540962502,0.5937819764098686,0.59600863159273,0.5966982334370783,0.5974600991089911,0.5989478738572319,0.5999703531173662,0.6039181925574393,0.6039891798179138,0.6053944893225311,0.6062699563922498,0.6064390677956661,0.6086582250113742,0.6095391001112482,0.6099321156639245,0.6105243173673316,0.6109396146908777,0.6112662516484646,0.6120704332096671,0.6122795718220515,0.6133753203472692,0.6159733913864957,0.6163270890939587,0.6166115023809708,0.6166115023809708,0.6166115023809708,0.6171339904140831,0.6171339904140831,0.6192671810279833,0.6196427508325283,0.6206525142244114,0.6207750827707615,0.6207750827707615,0.6207750827707615,0.6207750827707615,0.6209107904642241,0.6212509162578825,0.6212509162578825,0.6212509162578825,0.6212509162578825,0.6212509162578825,0.6224046942617644,0.6225121051951691,0.6230997348686388,0.6236188545741786,0.6236380181267887,0.6240525004146567,0.6248937624841269,0.6266042149448674,0.6266042149448674,0.6266940902617714,0.6277665558909609,0.6294806906189347,0.6295063204309608,0.6295063204309608,0.6298498121299232,0.6299176349647405,0.6309896181749732,0.6311092572988832,0.6311092572988832,0.6311092572988832,0.6311092572988832,0.6311092572988832,0.6311092572988832,0.6311092572988832,0.6311092572988832,0.6317398250534423,0.6317604369300645,0.6318347936610469,0.6329471560015865,0.6329471560015865,0.6329471560015865,0.6330698160681829,0.6339878325963328,0.6339878325963328,0.6339878325963328,0.6346632775179029,0.6346632775179029,0.6346632775179029,0.6346632775179029,0.6346632775179029,0.6349889332692764,0.6349889332692764,0.6349889332692764,0.6360430188570365,0.636204726348827,0.636653383350106,0.6374163869130978,0.6377644593433557,0.6377644593433557
Std curve: 0.005041415110200257,0.004457602869952887,0.004214958607756689,0.0037400063928394313,0.003771608786429304,0.004229271591125042,0.001624746544379611,0.0021384168264691615,0.0015683131170972915,0.0030971045096419257,0.002864431917875167,0.0072383909641931905,0.007520389358761485,0.007076772312493416,0.00590278657723481,0.007219461849379682,0.008436872502749014,0.008789840633383377,0.008724847811004995,0.010785546519783942,0.010289926657555636,0.010332904116391574,0.00970480731446777,0.00919232387297345,0.008877802063722582,0.008288799910879389,0.008125686711624126,0.008698930816473991,0.008206056312353981,0.007964496516077222,0.007464695271675667,0.00899661932356219,0.008963586877896857,0.009283563225431652,0.009283563225431652,0.009283563225431652,0.0098894401865218,0.0098894401865218,0.008849691198194664,0.008363778130871696,0.008438571321695574,0.008275051487626734,0.008275051487626734,0.008275051487626734,0.008275051487626734,0.008361683454056681,0.00840027553483859,0.00840027553483859,0.00840027553483859,0.00840027553483859,0.00840027553483859,0.009496419584101027,0.009620297504584832,0.010274356843481835,0.01031573561734522,0.01033461141576402,0.010441092485665139,0.010911484578136564,0.012845267238581634,0.012845267238581634,0.01296387432988838,0.014294735371049652,0.015121800500547799,0.015154142512716115,0.015154142512716115,0.015405611047481131,0.015488795222834606,0.016312001782002067,0.016351949522500166,0.016351949522500166,0.016351949522500166,0.016351949522500166,0.016351949522500166,0.016351949522500166,0.016351949522500166,0.016351949522500166,0.0166179361557083,0.016590840835496994,0.016493581640298297,0.015138736703083808,0.015138736703083808,0.015138736703083808,0.015018013813595793,0.016051933428788776,0.016051933428788776,0.016051933428788776,0.01690375166312871,0.01690375166312871,0.01690375166312871,0.01690375166312871,0.01690375166312871,0.016562358010869617,0.016562358010869617,0.016562358010869617,0.015533612716678214,0.015372636645899447,0.015531629429078738,0.015859128932341884,0.016054554588502096,0.016054554588502096

mean_time: , 114337.64564347267
best_solution: , 0.6162940210015001
worst_solution: , 0.6571810475218967
mean_solution: , 0.6377644593433557
std_solution: , 0.016054554588502096



solutions runs are : 



0.6571810475218967

0.6211449128566938

0.6467827244386843

0.6162940210015001

0.6474195908980033

