# Scenario 249
Mean curve: 0.6857222222222222,0.6888888888888889,0.6954444444444444,0.6997222222222224,0.7024444444444444,0.705388888888889,0.7108888888888889,0.7108888888888889,0.7130555555555556,0.7145555555555555,0.7145555555555555,0.7161666666666667,0.7161666666666667,0.7165555555555555,0.7172222222222222,0.7217222222222223,0.7238333333333333,0.7238333333333333,0.725,0.7259444444444445,0.7275555555555555,0.7275555555555555,0.7278333333333333,0.7326666666666666,0.7328888888888889,0.7366111111111111,0.7369444444444444,0.7396666666666667,0.7427777777777778,0.7443333333333333,0.7443333333333333,0.7443333333333333,0.7443333333333333,0.7451111111111111,0.7467777777777778,0.7482222222222222,0.7482222222222222,0.7509444444444444,0.7528888888888889,0.7528888888888889,0.7536111111111111,0.7536111111111111,0.7537222222222223,0.7537222222222223,0.7563888888888889,0.7563888888888889,0.7568333333333335,0.7568333333333335,0.7597777777777779,0.7607777777777779,0.7633333333333333,0.7642222222222222,0.7649444444444444,0.7660555555555556,0.7660555555555556,0.7660555555555556,0.7660555555555556,0.7660555555555556,0.7719444444444444,0.7719444444444444,0.7719444444444444,0.7719444444444444,0.7720555555555555,0.7733888888888889,0.7745,0.7745,0.7751111111111111,0.7751111111111111,0.775888888888889,0.775888888888889,0.7778888888888889,0.7799444444444444,0.7811111111111111,0.7853333333333333,0.7880555555555555,0.789611111111111,0.789611111111111,0.789611111111111,0.789611111111111,0.7917777777777777,0.7917777777777777,0.7917777777777777,0.7917777777777777,0.7917777777777777,0.7925555555555556,0.7925555555555556,0.7925555555555556,0.793111111111111,0.7933333333333332,0.7933333333333332,0.7933333333333332,0.7933333333333332,0.7933333333333332,0.7933333333333332,0.7937777777777777,0.7957222222222222,0.7957222222222222,0.7957222222222222,0.7957222222222222,0.7966666666666666
Std curve: 0.002786652489774323,0.002440653626276548,0.00846306426716254,0.008708233651742092,0.005956115230750272,0.006230153675056101,0.008269011017641534,0.008269011017641534,0.004278138512928566,0.004456926915584815,0.004456926915584815,0.005609185588208226,0.005609185588208226,0.004989495137626157,0.004959714249036807,0.006557909182011153,0.006219741569003109,0.006219741569003109,0.006892024376045126,0.006244997998398404,0.006926421055781637,0.006926421055781637,0.006498812807062108,0.01137139577955622,0.011267784296966437,0.009624749475655784,0.00920782007954566,0.009824698028846729,0.009754707632095088,0.007396612504600317,0.007396612504600317,0.007396612504600317,0.007396612504600317,0.006461185152914824,0.008260048127083081,0.008914200074205384,0.008914200074205384,0.007520753180038688,0.009747744278473825,0.009747744278473825,0.010225844768749848,0.010225844768749848,0.010060925515191057,0.010060925515191057,0.012494443209327551,0.012494443209327551,0.01216603245429719,0.01216603245429719,0.011190549363714398,0.012810826825408956,0.01203774926667806,0.011543530067520673,0.010744507640857475,0.009661556759257065,0.009661556759257065,0.009661556759257065,0.009661556759257065,0.009661556759257065,0.009436270973035031,0.009436270973035031,0.009436270973035031,0.009436270973035031,0.009442156585635223,0.00990915526292185,0.01079751914807688,0.01079751914807688,0.009915694007699172,0.009915694007699172,0.009243616415908035,0.009243616415908035,0.008981462390204992,0.011209839152599863,0.011307978173412368,0.00991538273667813,0.006514466333088092,0.007626707459098364,0.007626707459098364,0.007626707459098364,0.007626707459098364,0.010598742063723071,0.010598742063723071,0.010598742063723071,0.010598742063723071,0.010598742063723071,0.009709356566645976,0.009709356566645976,0.009709356566645976,0.00932009643356033,0.009447711853102803,0.009447711853102803,0.009447711853102803,0.009447711853102803,0.009447711853102803,0.009447711853102803,0.009758820005576218,0.00804808082329393,0.00804808082329393,0.00804808082329393,0.00804808082329393,0.007476300002567759

mean_time: , 13387.807426786423
best_solution: , 0.7883333333333333
worst_solution: , 0.8086111111111111
mean_solution: , 0.7966666666666666
std_solution: , 0.007476300002567759



solutions runs are : 



0.7883333333333333

0.7922222222222223

0.8086111111111111

0.7922222222222223

0.8019444444444445

