# Scenario 231
Mean curve: 0.7566666666666666,0.7655,0.7691666666666667,0.7756666666666667,0.782,0.782,0.7891666666666668,0.8018333333333334,0.8048333333333334,0.8125,0.8196666666666668,0.8198333333333334,0.8256666666666665,0.8314999999999999,0.8328333333333333,0.8376666666666667,0.8376666666666667,0.8381666666666667,0.8423333333333334,0.8423333333333334,0.8461666666666666,0.8474999999999999,0.8488333333333333,0.8495000000000001,0.8505,0.8548333333333333,0.858,0.858,0.858,0.8628333333333333,0.8630000000000001,0.8630000000000001,0.8643333333333333,0.8644999999999999,0.8685,0.875,0.8758333333333332,0.8758333333333332,0.8793333333333333,0.8793333333333333,0.8793333333333333,0.8793333333333333,0.881,0.881,0.8813333333333334,0.8813333333333334,0.8813333333333334,0.8813333333333334,0.8813333333333334,0.8838333333333332,0.8838333333333332,0.8838333333333332,0.8861666666666667,0.8863333333333333,0.8878333333333334,0.8878333333333334,0.8878333333333334,0.8880000000000001,0.8880000000000001,0.889,0.889,0.8893333333333334,0.8893333333333334,0.8893333333333334,0.8915000000000001,0.8915000000000001,0.8915000000000001,0.8915000000000001,0.8935000000000001,0.8953333333333333,0.8953333333333333,0.8973333333333333,0.8976666666666666,0.8976666666666666,0.8976666666666666,0.8986666666666666,0.8993333333333332,0.8993333333333332,0.8993333333333332,0.8993333333333332,0.9001666666666667,0.9018333333333333,0.9018333333333333,0.9018333333333333,0.9018333333333333,0.9018333333333333,0.9018333333333333,0.9018333333333333,0.9043333333333333,0.9043333333333333,0.9045,0.9045,0.9045,0.9045,0.9045,0.9045,0.9053333333333333,0.9053333333333333,0.9063333333333332,0.9076666666666666
Std curve: 0.01146249924269958,0.00820907357068317,0.007905694150420941,0.0057590508477236525,0.00784573486395987,0.00784573486395987,0.010514540197058334,0.003851406669430459,0.0038514066694304246,0.011606990230986746,0.008733715004382575,0.008602325267042599,0.011872002545672103,0.008323327326122525,0.008038103701191656,0.011789826122551583,0.011789826122551583,0.01189537725337031,0.009027735042633876,0.009027735042633876,0.00825967446224256,0.00894427190999915,0.007483314773547864,0.007257180352359058,0.0073711147958319765,0.012409673645990844,0.010770329614269,0.010770329614269,0.010770329614269,0.007720823214600311,0.007464731892186225,0.007464731892186225,0.0057106138996706165,0.005542763049438638,0.005147815070493489,0.0034960294939005224,0.0034960294939005115,0.0034960294939005115,0.006612278141625801,0.006612278141625801,0.006612278141625801,0.006612278141625801,0.006980130530457313,0.006980130530457313,0.006720615051218649,0.006720615051218649,0.006720615051218649,0.006720615051218649,0.006720615051218649,0.004034572812303406,0.004034572812303406,0.004034572812303406,0.004904646323187374,0.004702245326555276,0.004136557881996936,0.004136557881996936,0.004136557881996936,0.0042031734043061495,0.0042031734043061495,0.002708012801545302,0.002708012801545302,0.0023804761428476095,0.0023804761428476095,0.0023804761428476095,0.004062019202317963,0.004062019202317963,0.004062019202317963,0.004062019202317963,0.007735200923914851,0.007684761255598991,0.007684761255598991,0.006355225321645875,0.006132789830991362,0.006132789830991362,0.006132789830991362,0.005883120864907595,0.006087327455916553,0.006087327455916553,0.006087327455916553,0.006087327455916553,0.006289320754704399,0.007644896627453156,0.007644896627453156,0.007644896627453156,0.007644896627453156,0.007644896627453156,0.007644896627453156,0.007644896627453156,0.008222597589029369,0.008222597589029369,0.008359957469322981,0.008359957469322981,0.008359957469322981,0.008359957469322981,0.008359957469322981,0.008359957469322981,0.007538788585265758,0.007538788585265758,0.006467869303977422,0.008222597589029356

mean_time: , 5441.521012544632
best_solution: , 0.8966666666666666
worst_solution: , 0.92
mean_solution: , 0.9076666666666666
std_solution: , 0.008222597589029356



solutions runs are : 



0.9008333333333334

0.8966666666666666

0.9116666666666666

0.92

0.9091666666666667

