# Scenario 246
Mean curve: 0.7062222222222222,0.7105555555555556,0.7147222222222223,0.7195555555555555,0.7231666666666666,0.7232222222222222,0.7244444444444444,0.7290555555555556,0.7313333333333334,0.7345555555555555,0.7397777777777778,0.7402777777777778,0.7416111111111112,0.7418333333333333,0.742388888888889,0.7455,0.7479444444444445,0.7480555555555556,0.7480555555555556,0.7498888888888888,0.7498888888888888,0.7498888888888888,0.7525000000000001,0.7550555555555556,0.7563333333333333,0.7587777777777778,0.763888888888889,0.7657777777777778,0.7668333333333333,0.7668333333333333,0.7672222222222221,0.7675,0.7685,0.7716111111111111,0.7726666666666666,0.7726666666666666,0.7727777777777778,0.7743333333333333,0.7747777777777778,0.7747777777777778,0.7766666666666666,0.7766666666666666,0.7766666666666666,0.7776666666666666,0.7778333333333334,0.7778333333333334,0.7778333333333334,0.7778333333333334,0.7798333333333333,0.7809999999999999,0.7824444444444445,0.7833888888888889,0.7833888888888889,0.784,0.784,0.7842777777777779,0.7849444444444444,0.7852222222222223,0.7866666666666667,0.786888888888889,0.7887222222222222,0.793,0.793,0.793,0.793,0.793,0.7932222222222223,0.7935000000000001,0.7935000000000001,0.7935000000000001,0.7935000000000001,0.7935000000000001,0.7935000000000001,0.7935000000000001,0.7942222222222222,0.7954444444444444,0.7954444444444444,0.796,0.796,0.8001666666666667,0.8008333333333333,0.8015000000000001,0.8024444444444445,0.8024444444444445,0.8024444444444445,0.8024444444444445,0.8024444444444445,0.8024444444444445,0.8037222222222222,0.8040555555555555,0.8040555555555555,0.8051111111111112,0.8051111111111112,0.8054444444444444,0.8056666666666666,0.806388888888889,0.806388888888889,0.8069444444444445,0.8071666666666667,0.8071666666666667
Std curve: 0.01207052322247041,0.009001028747788692,0.006615544731824084,0.0038833293594002934,0.0008534606386520737,0.0007576767609436517,0.0028598972613852656,0.006837171460497891,0.005701959810364564,0.005069273208675749,0.007632370956639438,0.007033868682451729,0.007074122551705143,0.007371533502117411,0.006814563199863814,0.008981118740288452,0.006207820635056819,0.006078194176270154,0.006078194176270154,0.004244095389952062,0.004244095389952062,0.004244095389952062,0.007893973322403302,0.006611811354138614,0.006977476992809469,0.008190629997325397,0.009738874627612056,0.010936686477681949,0.009799848827254268,0.009799848827254268,0.010380121077340406,0.010154668086679,0.009568789285748816,0.00908702779098171,0.008513968188863958,0.008513968188863958,0.008320360272351692,0.005828304710845946,0.006028225789802454,0.006028225789802454,0.005706288495603933,0.005706288495603933,0.005706288495603933,0.006000514381243186,0.0056802669038316725,0.0056802669038316725,0.0056802669038316725,0.0056802669038316725,0.003679271264399646,0.003934651379916837,0.005742413137521145,0.004612784167699348,0.004612784167699348,0.005705206632195638,0.005705206632195638,0.005604231205741528,0.006066503864319393,0.0065696646662642254,0.006380429181740837,0.006219741569003104,0.00633333333333334,0.005028928658948171,0.005028928658948171,0.005028928658948171,0.005028928658948171,0.005028928658948171,0.005050974725635882,0.005132804205533835,0.005132804205533835,0.005132804205533835,0.005132804205533835,0.005132804205533835,0.005132804205533835,0.005132804205533835,0.005917123091419719,0.006299127903581474,0.006299127903581474,0.006915718364264613,0.006915718364264613,0.01059291633796893,0.011322980020436734,0.010920023515553736,0.010133979024262758,0.010133979024262758,0.010133979024262758,0.010133979024262758,0.010133979024262758,0.010133979024262758,0.009557493343567936,0.009528385144230359,0.009528385144230359,0.009741409637644582,0.009741409637644582,0.009684211409158915,0.009848544418364255,0.009864827155850965,0.009864827155850965,0.009761033642897548,0.009907597782871501,0.009907597782871501

mean_time: , 13387.563969945908
best_solution: , 0.7877777777777778
worst_solution: , 0.815
mean_solution: , 0.8071666666666667
std_solution: , 0.009907597782871501



solutions runs are : 



0.8105555555555556

0.8091666666666667

0.8133333333333334

0.7877777777777778

0.815

