# Scenario 337
Mean curve: 0.737,0.74325,0.74525,0.75825,0.7635,0.7685000000000001,0.77075,0.77325,0.77475,0.776,0.78075,0.7817500000000001,0.7817500000000001,0.7827500000000001,0.7827500000000001,0.78325,0.78575,0.787,0.787,0.787,0.7887500000000001,0.79325,0.795,0.79625,0.7975,0.8007500000000001,0.8007500000000001,0.8035,0.807,0.8077500000000001,0.8087500000000001,0.8092500000000001,0.8102500000000001,0.81125,0.81325,0.81325,0.81325,0.81325,0.81325,0.81325,0.8137500000000001,0.8137500000000001,0.8137500000000001,0.8140000000000001,0.8165000000000001,0.8195,0.8195,0.8195,0.8210000000000001,0.8210000000000001,0.8220000000000001,0.8220000000000001,0.8220000000000001,0.82325,0.82325,0.82325,0.82325,0.82325,0.8237500000000001,0.8240000000000001,0.8247500000000001,0.82675,0.82675,0.82675,0.828,0.828,0.8305,0.83575,0.8367500000000001,0.8367500000000001,0.8385000000000001,0.8385000000000001,0.8395000000000001,0.8405000000000001,0.841,0.841,0.8415000000000001,0.8425,0.8425,0.8425,0.8425,0.8425,0.8425,0.84275,0.8452500000000001,0.8452500000000001,0.8452500000000001,0.84575,0.8460000000000001,0.8460000000000001,0.8460000000000001,0.8460000000000001,0.8477500000000001,0.8477500000000001,0.8477500000000001,0.8477500000000001,0.8477500000000001,0.8477500000000001,0.84825,0.84825
Std curve: 0.008536685539481904,0.010505950694725335,0.009727538229171861,0.013336978668349141,0.009130991183874834,0.010167349703831376,0.010386289038920487,0.008536685539481934,0.007721722605740232,0.007558108228915465,0.010565273304557702,0.009034655499796308,0.009034655499796308,0.01047019579568594,0.01047019579568594,0.011252777434926897,0.010265232583823907,0.010624264680437888,0.010624264680437888,0.010624264680437888,0.011374313166077342,0.007271519786124502,0.00965012953280941,0.0087678389583751,0.007623975340988466,0.009407443861113392,0.009407443861113392,0.012903487900563929,0.014089002803605352,0.013656500283747637,0.014832396974191303,0.014611639196202439,0.014106735979665868,0.013784048752090201,0.010999999999999979,0.010999999999999979,0.010999999999999979,0.010999999999999979,0.010999999999999979,0.010999999999999979,0.010839741694339374,0.010839741694339374,0.010839741694339374,0.010793516572461425,0.01280624847486566,0.012288205727444474,0.012288205727444474,0.012288205727444474,0.010793516572461425,0.010793516572461425,0.009407443861113364,0.009407443861113364,0.009407443861113364,0.010416333327999804,0.010416333327999804,0.010416333327999804,0.010416333327999804,0.010416333327999804,0.01101135777277261,0.010764525070805489,0.010937321427113672,0.008753570700005818,0.008753570700005818,0.008753570700005818,0.007968688725254618,0.007968688725254618,0.008999999999999998,0.013124404748406693,0.012031209415515966,0.012031209415515966,0.011467344941179722,0.011467344941179722,0.010653637876331267,0.012186057606953947,0.012509996003196805,0.012509996003196805,0.01290348790056395,0.013874436925511621,0.013874436925511621,0.013874436925511621,0.013874436925511621,0.013874436925511621,0.013874436925511621,0.013793114224133736,0.01397318861248213,0.01397318861248213,0.01397318861248213,0.013266499161421592,0.01349536957626577,0.01349536957626577,0.01349536957626577,0.01349536957626577,0.015459624833740308,0.015459624833740308,0.015459624833740308,0.015459624833740308,0.015459624833740308,0.015459624833740308,0.01499166435056496,0.01499166435056496

mean_time: , 4712.305675125122
best_solution: , 0.8275
worst_solution: , 0.8675
mean_solution: , 0.84825
std_solution: , 0.01499166435056496



solutions runs are : 



0.86

0.8675

0.835

0.8275

0.85125

