# Scenario 164
Mean curve: 0.5043449620658377,0.5100547741500658,0.5100547741500658,0.5100547741500658,0.5100547741500658,0.511217755800843,0.511217755800843,0.511217755800843,0.511217755800843,0.511217755800843,0.511217755800843,0.511217755800843,0.511217755800843,0.5128758672256413,0.5128758672256413,0.5128758672256413,0.5128758672256413,0.5149993904014172,0.5149993904014172,0.5165039987174929,0.5165039987174929,0.5191998536425435,0.5203444169831447,0.5203444169831447,0.5203444169831447,0.5203444169831447,0.5203444169831447,0.5203444169831447,0.5203444169831447,0.5203444169831447,0.5203444169831447,0.5203444169831447,0.5245559735195204,0.5269681347022699,0.5269681347022699,0.5269681347022699,0.531093874988273,0.531093874988273,0.5311560399380536,0.5325303392267433,0.5325303392267433,0.5325303392267433,0.5325303392267433,0.5325303392267433,0.5325303392267433,0.5325303392267433,0.5325303392267433,0.5325303392267433,0.5325303392267433,0.5329882805372484,0.5329882805372484,0.5329882805372484,0.5329882805372484,0.5329882805372484,0.5329882805372484,0.5345973376827132,0.5345973376827132,0.5345973376827132,0.5345973376827132,0.5345973376827132,0.5345973376827132,0.5345973376827132,0.5345973376827132,0.5345973376827132,0.5345973376827132,0.5345973376827132,0.536028589209746,0.5374807666396041,0.5374807666396041,0.5374807666396041,0.5374807666396041,0.5374807666396041,0.5374807666396041,0.5381258687505388,0.5393283395920001,0.5393283395920001,0.5393283395920001,0.5393283395920001,0.5393283395920001,0.5393283395920001,0.5393283395920001,0.5393283395920001,0.5393283395920001,0.5393283395920001,0.5393283395920001,0.5393283395920001,0.5393283395920001,0.5393283395920001,0.5397437084833667,0.5397437084833667,0.5397437084833667,0.5397437084833667,0.5397437084833667,0.5397437084833667,0.5397437084833667,0.5417627092976105,0.5417627092976105,0.5417627092976105,0.5417627092976105,0.5417627092976105
Std curve: 0.0033045898222118504,0.006814402212956433,0.006814402212956433,0.006814402212956433,0.006814402212956433,0.006601660660631796,0.006601660660631796,0.006601660660631796,0.006601660660631796,0.006601660660631796,0.006601660660631796,0.006601660660631796,0.006601660660631796,0.00681767840775337,0.00681767840775337,0.00681767840775337,0.00681767840775337,0.00696321506059864,0.00696321506059864,0.005228231552868374,0.005228231552868374,0.0058933115446157406,0.0040130494065758445,0.0040130494065758445,0.0040130494065758445,0.0040130494065758445,0.0040130494065758445,0.0040130494065758445,0.0040130494065758445,0.0040130494065758445,0.0040130494065758445,0.0040130494065758445,0.0021919894969727933,0.0023197269211218826,0.0023197269211218826,0.0023197269211218826,0.008935559504135642,0.008935559504135642,0.008932451957820095,0.008548163354739322,0.008548163354739322,0.008548163354739322,0.008548163354739322,0.008548163354739322,0.008548163354739322,0.008548163354739322,0.008548163354739322,0.008548163354739322,0.008548163354739322,0.008097111626626095,0.008097111626626095,0.008097111626626095,0.008097111626626095,0.008097111626626095,0.008097111626626095,0.008305782092195884,0.008305782092195884,0.008305782092195884,0.008305782092195884,0.008305782092195884,0.008305782092195884,0.008305782092195884,0.008305782092195884,0.008305782092195884,0.008305782092195884,0.008305782092195884,0.010798286126829593,0.0115462993049657,0.0115462993049657,0.0115462993049657,0.0115462993049657,0.0115462993049657,0.0115462993049657,0.011081643003626367,0.010114436490207494,0.010114436490207494,0.010114436490207494,0.010114436490207494,0.010114436490207494,0.010114436490207494,0.010114436490207494,0.010114436490207494,0.010114436490207494,0.010114436490207494,0.010114436490207494,0.010114436490207494,0.010114436490207494,0.010114436490207494,0.00993850176465778,0.00993850176465778,0.00993850176465778,0.00993850176465778,0.00993850176465778,0.00993850176465778,0.00993850176465778,0.008859709077129218,0.008859709077129218,0.008859709077129218,0.008859709077129218,0.008859709077129218

mean_time: , 68115.93358855248
best_solution: , 0.5332087560064068
worst_solution: , 0.5555258228525555
mean_solution: , 0.5417627092976105
std_solution: , 0.008859709077129218



solutions runs are : 



0.5332087560064068

0.5363276089828269

0.5555258228525555

0.5489578037620743

0.5347935548841893

