# Scenario 118
Mean curve: 0.834,0.8610000000000001,0.8785000000000001,0.8845000000000001,0.8895,0.8945000000000001,0.9019999999999999,0.9019999999999999,0.9055,0.9155,0.916,0.921,0.925,0.9265000000000001,0.9305,0.9305,0.9324999999999999,0.933,0.9335000000000001,0.9335000000000001,0.9345000000000001,0.9345000000000001,0.9355,0.9365,0.9365,0.9365,0.9365,0.9395,0.9395,0.9395,0.9410000000000001,0.9445,0.945,0.945,0.9460000000000001,0.951,0.951,0.953,0.9535,0.9535,0.9550000000000001,0.9550000000000001,0.9559999999999998,0.9564999999999999,0.9585000000000001,0.9585000000000001,0.959,0.96,0.9605,0.9625,0.9625,0.966,0.966,0.966,0.9670000000000002,0.9675,0.9675,0.9675,0.9675,0.9675,0.9695,0.9695,0.97,0.97,0.9724999999999999,0.9730000000000001,0.9730000000000001,0.974,0.975,0.975,0.975,0.975,0.975,0.975,0.975,0.975,0.9765,0.9765,0.9765,0.9765,0.9765,0.9765,0.9765,0.977,0.977,0.9775,0.9775,0.978,0.9785,0.9785,0.9785,0.9785,0.9785,0.9785,0.9785,0.9800000000000001,0.9804999999999999,0.9804999999999999,0.9804999999999999,0.9804999999999999
Std curve: 0.01496662954709577,0.01570031846810758,0.0117898261225516,0.009539392014169444,0.01326649916142159,0.010173494974687912,0.012186057606953956,0.012186057606953956,0.012980754985747167,0.01258967831201416,0.013095800853708796,0.015378556499229692,0.016807736313971585,0.015049916943292399,0.010653637876331236,0.010653637876331236,0.008215838362577471,0.007648529270389144,0.008455767262643868,0.008455767262643868,0.008573214099741107,0.008573214099741107,0.009137833441248515,0.010559356040971423,0.010559356040971423,0.010559356040971423,0.010559356040971423,0.008860022573334663,0.008860022573334663,0.008860022573334663,0.00902773504263388,0.012186057606953937,0.012041594578792288,0.012041594578792288,0.012509996003196784,0.00681909084849293,0.00681909084849293,0.009924716620639606,0.010793516572461474,0.010793516572461474,0.010723805294763628,0.010723805294763628,0.012409673645990878,0.011895377253370351,0.010559356040971465,0.010559356040971465,0.010559356040971465,0.012349089035228498,0.012389511693363898,0.010368220676663887,0.010368220676663887,0.010198039027185591,0.010198039027185591,0.010198039027185591,0.011874342087037939,0.012747548783981965,0.012747548783981965,0.012747548783981965,0.012747548783981965,0.012747548783981965,0.013729530217745981,0.013729530217745981,0.0135092560861063,0.0135092560861063,0.011937336386313323,0.011768602295939824,0.011768602295939824,0.011895377253370327,0.011510864433221349,0.011510864433221349,0.011510864433221349,0.011510864433221349,0.011510864433221349,0.011510864433221349,0.011510864433221349,0.011510864433221349,0.011575836902790237,0.011575836902790237,0.011575836902790237,0.011575836902790237,0.011575836902790237,0.011575836902790237,0.011575836902790237,0.011768602295939835,0.011768602295939835,0.011067971810589328,0.011067971810589328,0.011335784048754629,0.012103718436910217,0.012103718436910217,0.012103718436910217,0.012103718436910217,0.012103718436910217,0.012103718436910217,0.012103718436910217,0.011401754250991384,0.01218605760695393,0.01218605760695393,0.01218605760695393,0.01218605760695393

mean_time: , 3594.2709243297577
best_solution: , 0.9625
worst_solution: , 1.0
mean_solution: , 0.9804999999999999
std_solution: , 0.01218605760695393



solutions runs are : 



0.985

1.0

0.9775

0.9625

0.9775

