# Scenario 417
Mean curve: 0.8084999999999999,0.8105,0.819,0.821,0.821,0.821,0.821,0.821,0.821,0.821,0.821,0.821,0.821,0.821,0.821,0.821,0.821,0.821,0.8425,0.8425,0.8425,0.8425,0.8425,0.8425,0.8425,0.8425,0.8425,0.8425,0.8425,0.8425,0.8425,0.8425,0.8425,0.8425,0.8425,0.8425,0.8425,0.8425,0.8425,0.8425,0.8425,0.8425,0.8425,0.8440000000000001,0.8445,0.8445,0.8445,0.8445,0.8445,0.8445,0.8450000000000001,0.8450000000000001,0.8450000000000001,0.8450000000000001,0.8450000000000001,0.8450000000000001,0.8450000000000001,0.8450000000000001,0.8450000000000001,0.8450000000000001,0.8450000000000001,0.8450000000000001,0.8450000000000001,0.8450000000000001,0.8450000000000001,0.8450000000000001,0.8450000000000001,0.8450000000000001,0.8450000000000001,0.8450000000000001,0.8450000000000001,0.8450000000000001,0.8450000000000001,0.8450000000000001,0.8450000000000001,0.8450000000000001,0.8450000000000001,0.8450000000000001,0.8450000000000001,0.8450000000000001,0.8450000000000001,0.8450000000000001,0.8450000000000001,0.8450000000000001,0.8450000000000001,0.8450000000000001,0.8450000000000001,0.8450000000000001,0.8450000000000001,0.8450000000000001,0.8450000000000001,0.8450000000000001,0.8450000000000001,0.8450000000000001,0.8450000000000001,0.8450000000000001,0.8450000000000001,0.8450000000000001,0.8450000000000001,0.8450000000000001
Std curve: 0.021071307505705458,0.01913112646970897,0.015540270267920039,0.01454303957224897,0.01454303957224897,0.01454303957224897,0.01454303957224897,0.01454303957224897,0.01454303957224897,0.01454303957224897,0.01454303957224897,0.01454303957224897,0.01454303957224897,0.01454303957224897,0.01454303957224897,0.01454303957224897,0.01454303957224897,0.01454303957224897,0.04370354676682433,0.04370354676682433,0.04370354676682433,0.04370354676682433,0.04370354676682433,0.04370354676682433,0.04370354676682433,0.04370354676682433,0.04370354676682433,0.04370354676682433,0.04370354676682433,0.04370354676682433,0.04370354676682433,0.04370354676682433,0.04370354676682433,0.04370354676682433,0.04370354676682433,0.04370354676682433,0.04370354676682433,0.04370354676682433,0.04370354676682433,0.04370354676682433,0.04370354676682433,0.04370354676682433,0.04370354676682433,0.04214854683141522,0.04166533331199933,0.04166533331199933,0.04166533331199933,0.04166533331199933,0.04166533331199933,0.04166533331199933,0.04120072814890536,0.04120072814890536,0.04120072814890536,0.04120072814890536,0.04120072814890536,0.04120072814890536,0.04120072814890536,0.04120072814890536,0.04120072814890536,0.04120072814890536,0.04120072814890536,0.04120072814890536,0.04120072814890536,0.04120072814890536,0.04120072814890536,0.04120072814890536,0.04120072814890536,0.04120072814890536,0.04120072814890536,0.04120072814890536,0.04120072814890536,0.04120072814890536,0.04120072814890536,0.04120072814890536,0.04120072814890536,0.04120072814890536,0.04120072814890536,0.04120072814890536,0.04120072814890536,0.04120072814890536,0.04120072814890536,0.04120072814890536,0.04120072814890536,0.04120072814890536,0.04120072814890536,0.04120072814890536,0.04120072814890536,0.04120072814890536,0.04120072814890536,0.04120072814890536,0.04120072814890536,0.04120072814890536,0.04120072814890536,0.04120072814890536,0.04120072814890536,0.04120072814890536,0.04120072814890536,0.04120072814890536,0.04120072814890536,0.04120072814890536

mean_time: , 4603.747733449936
best_solution: , 0.8075
worst_solution: , 0.925
mean_solution: , 0.8450000000000001
std_solution: , 0.04120072814890536



solutions runs are : 



0.8375

0.83

0.925

0.825

0.8075

