# Scenario 166
Mean curve: 0.7067083333333333,0.7067083333333333,0.7086666666666666,0.7086666666666666,0.7112499999999999,0.7112499999999999,0.7138333333333333,0.7156666666666667,0.7156666666666667,0.7156666666666667,0.7157083333333334,0.7166666666666667,0.7166666666666667,0.7179166666666668,0.7179166666666668,0.7179166666666668,0.7179166666666668,0.7192916666666667,0.7192916666666667,0.7199166666666666,0.721125,0.721125,0.7247083333333333,0.725,0.7252500000000001,0.7255416666666666,0.7255416666666666,0.7291666666666666,0.7291666666666666,0.7291666666666666,0.7291666666666666,0.7299166666666667,0.7299166666666667,0.7299166666666667,0.7299166666666667,0.7299166666666667,0.7299166666666667,0.7299166666666667,0.7301249999999999,0.7301249999999999,0.7301249999999999,0.7301249999999999,0.7304999999999999,0.7305833333333334,0.7306666666666667,0.7356666666666667,0.7356666666666667,0.7356666666666667,0.7374166666666666,0.7374166666666666,0.7374166666666666,0.7374166666666666,0.7374166666666666,0.7408333333333333,0.7408333333333333,0.7408333333333333,0.7408333333333333,0.7408333333333333,0.7408333333333333,0.7408333333333333,0.7408333333333333,0.7408333333333333,0.7408333333333333,0.743,0.7441249999999999,0.7441249999999999,0.7441249999999999,0.7441249999999999,0.7442083333333332,0.7442083333333332,0.7442083333333332,0.7442083333333332,0.7442083333333332,0.7442083333333332,0.7442083333333332,0.7442083333333332,0.7442083333333332,0.7442083333333332,0.7442083333333332,0.7444166666666666,0.7444166666666666,0.7444166666666666,0.7444166666666666,0.7444166666666666,0.7444166666666666,0.7444166666666666,0.7444166666666666,0.7444166666666666,0.7444166666666666,0.7444166666666666,0.7444166666666666,0.7444166666666666,0.7444166666666666,0.7467916666666666,0.7467916666666666,0.7467916666666666,0.7467916666666666,0.7467916666666666,0.7467916666666666,0.7467916666666666
Std curve: 0.005647947021312736,0.005647947021312736,0.0038631089954997396,0.0038631089954997396,0.00464728116453288,0.00464728116453288,0.0034069985161265925,0.002532428566503775,0.002532428566503775,0.002532428566503775,0.0024565671621639184,0.0028897568140666043,0.0028897568140666043,0.0010290907529357228,0.0010290907529357228,0.0010290907529357228,0.0010290907529357228,0.002837007421758208,0.002837007421758208,0.0028093346385062654,0.003664772237882667,0.003664772237882667,0.0026339134382131666,0.002684187234734386,0.002652959563288583,0.0021351879958864716,0.0021351879958864716,0.008880964349538724,0.008880964349538724,0.008880964349538724,0.008880964349538724,0.008377590809879529,0.008377590809879529,0.008377590809879529,0.008377590809879529,0.008377590809879529,0.008377590809879529,0.008377590809879529,0.008275423789081086,0.008275423789081086,0.008275423789081086,0.008275423789081086,0.008142182685796794,0.008093850546351021,0.008046522713432053,0.011891727983957769,0.011891727983957769,0.011891727983957769,0.010953341702167631,0.010953341702167631,0.010953341702167631,0.010953341702167631,0.010953341702167631,0.00943085214719341,0.00943085214719341,0.00943085214719341,0.00943085214719341,0.00943085214719341,0.00943085214719341,0.00943085214719341,0.00943085214719341,0.00943085214719341,0.00943085214719341,0.006672653561781525,0.00557835599039319,0.00557835599039319,0.00557835599039319,0.00557835599039319,0.005474689235218935,0.005474689235218935,0.005474689235218935,0.005474689235218935,0.005474689235218935,0.005474689235218935,0.005474689235218935,0.005474689235218935,0.005474689235218935,0.005474689235218935,0.005474689235218935,0.005229789139577662,0.005229789139577662,0.005229789139577662,0.005229789139577662,0.005229789139577662,0.005229789139577662,0.005229789139577662,0.005229789139577662,0.005229789139577662,0.005229789139577662,0.005229789139577662,0.005229789139577662,0.005229789139577662,0.005229789139577662,0.004691155981679182,0.004691155981679182,0.004691155981679182,0.004691155981679182,0.004691155981679182,0.004691155981679182,0.004691155981679182

mean_time: , 21718.663080501556
best_solution: , 0.7404166666666666
worst_solution: , 0.7533333333333333
mean_solution: , 0.7467916666666666
std_solution: , 0.004691155981679182



solutions runs are : 



0.7504166666666666

0.7533333333333333

0.743125

0.7466666666666667

0.7404166666666666

