# Scenario 381
Mean curve: 0.5524433910763118,0.5567178105418943,0.556804782056189,0.556804782056189,0.5568310201267639,0.5582704841176647,0.564300427834796,0.5670300983760056,0.5681780476511825,0.5684031159760963,0.5695194260441119,0.5695350103151051,0.5695350103151051,0.5707760161353155,0.5731452957148991,0.5731452957148991,0.5732626252207358,0.5732626252207358,0.5741384374853744,0.5741384374853744,0.575565601136134,0.5760965782705834,0.5760965782705834,0.5760965782705834,0.580280591447909,0.5812426042420913,0.5822916840049114,0.5831486502037679,0.5843260487965474,0.5849976895512816,0.5851380768540537,0.5851380768540537,0.5862982024115995,0.5866672710154384,0.5895943960205485,0.5899313999776383,0.5903532264786429,0.5929176391269866,0.5935378390686661,0.5942258855842218,0.5942258855842218,0.5943995937560801,0.5947373068364927,0.59580455147584,0.5965519212666486,0.5985627578414675,0.5986730508529681,0.5995998860603297,0.5997893135984369,0.5999556428457578,0.600645263918358,0.600645263918358,0.6008604182479966,0.6008604182479966,0.6008604182479966,0.600936970885733,0.6018225682436572,0.6028992827043856,0.6028992827043856,0.6028992827043856,0.6030612505997052,0.6030612505997052,0.6036138676649143,0.6041572111410152,0.6041572111410152,0.6043458442081152,0.6070520742839443,0.6075584677921706,0.6101429026722384,0.6106259980535422,0.6113142395599428,0.6113142395599428,0.6113142395599428,0.6116424172366857,0.6118637815362771,0.6118637815362771,0.6119339384294042,0.6119736057678044,0.6119736057678044,0.6119736057678044,0.6131039688340015,0.6131132272375588,0.6143744846347172,0.6153091072938235,0.6153091072938235,0.6161734069436342,0.6161734069436342,0.6161802724330893,0.6161802724330893,0.6175563495491301,0.6178056957694995,0.6178056957694995,0.6179784108885823,0.6184126115042232,0.618498485139777,0.6190160330198762,0.619978889556649,0.620306877354532,0.6206005897134461,0.6209565594524384
Std curve: 0.011362967538204186,0.007301649792737507,0.0072532528055041885,0.0072532528055041885,0.007249705032324468,0.006672885622175075,0.0059740185026613815,0.006414729832280212,0.006567765527992951,0.006548119307092499,0.0069707165205584384,0.0069843094445013925,0.0069843094445013925,0.007516072601668043,0.008666287121111749,0.008666287121111749,0.00845203975758122,0.00845203975758122,0.007246643974703127,0.007246643974703127,0.0049461163699854776,0.005567545438067162,0.005567545438067162,0.005567545438067162,0.003973694103777679,0.003460425748874948,0.004701438894375458,0.003548309652467979,0.0035947874931182397,0.003508413574222059,0.0035887813163928643,0.0035887813163928643,0.004108583951299617,0.0039943530575402885,0.003136280181922794,0.0032805046064440908,0.0032313726477516047,0.005162586237612807,0.006027923583310108,0.007118939321544983,0.007118939321544983,0.0070465559690873975,0.006596238228680575,0.0055111229963414375,0.004990214320396836,0.0053328805047068665,0.0052408328250512105,0.004963162385933667,0.004933571593038027,0.005108446024851011,0.005545612504581792,0.005545612504581792,0.005843790455358764,0.005843790455358764,0.005843790455358764,0.00595378395712032,0.005197365470461142,0.0051402964168596665,0.0051402964168596665,0.0051402964168596665,0.005247876190616947,0.005247876190616947,0.005738706931051438,0.0050605761719381085,0.0050605761719381085,0.00490418605811823,0.0038259644074490292,0.0034950189692799934,0.005061236168744547,0.005128476320946098,0.005597512090295124,0.005597512090295124,0.005597512090295124,0.005228131821828485,0.0050407309149347514,0.0050407309149347514,0.0049880737375317,0.0049598104134367564,0.0049598104134367564,0.0049598104134367564,0.004576607187459734,0.004576170532170816,0.005153136630152382,0.006091485725854454,0.006091485725854454,0.0061485733510719285,0.0061485733510719285,0.006140210700716183,0.006140210700716183,0.005433322711310633,0.00503566608004531,0.00503566608004531,0.0050481853766489735,0.00445975432009219,0.004329709698997296,0.004942551778260966,0.005902198517665826,0.005487881293354652,0.005844104098732823,0.005843775100892091

mean_time: , 109846.77293510437
best_solution: , 0.6136249190705705
worst_solution: , 0.6280598935067719
mean_solution: , 0.6209565594524384
std_solution: , 0.005843775100892091



solutions runs are : 



0.614976159514521

0.6264587273830342

0.6216630977872948

0.6280598935067719

0.6136249190705705

