# Scenario 69
Mean curve: 0.691125,0.6995833333333333,0.7089583333333332,0.7145833333333333,0.7269166666666667,0.7408333333333333,0.7485,0.7594166666666667,0.7645416666666667,0.7689583333333333,0.7728333333333333,0.7819583333333332,0.7824166666666666,0.7847083333333333,0.7912083333333333,0.7950416666666666,0.7985416666666667,0.8033333333333333,0.808,0.812375,0.8161666666666667,0.8193750000000002,0.8215,0.8243333333333333,0.8243333333333333,0.8268749999999999,0.8285833333333332,0.8318750000000001,0.8324166666666667,0.836125,0.836125,0.8392916666666667,0.8400416666666667,0.8400416666666667,0.8407500000000001,0.8431666666666666,0.8437916666666666,0.8437916666666666,0.843875,0.8445416666666666,0.8466666666666667,0.8467916666666667,0.8491666666666667,0.849375,0.849375,0.8509166666666668,0.85125,0.85125,0.8518333333333332,0.8518333333333332,0.8518333333333332,0.8521666666666666,0.8535833333333332,0.8545416666666666,0.8547083333333333,0.857375,0.857375,0.857375,0.8574166666666667,0.8587916666666666,0.8590416666666666,0.8602916666666667,0.86175,0.86175,0.8627083333333333,0.8629583333333333,0.8631249999999999,0.8632916666666667,0.8632916666666667,0.865875,0.865875,0.865875,0.865875,0.865875,0.865875,0.865875,0.865875,0.865875,0.865875,0.8662083333333334,0.8662083333333334,0.8662083333333334,0.8662083333333334,0.8669166666666666,0.8669166666666666,0.8669166666666666,0.8669166666666666,0.8669166666666666,0.8674583333333334,0.8691666666666666,0.8691666666666666,0.8692916666666667,0.8724166666666665,0.8724166666666665,0.8724166666666665,0.8724166666666665,0.8724166666666665,0.8724166666666665,0.8724166666666665,0.8724166666666665
Std curve: 0.012074422001349264,0.009418878796214437,0.005583955189250312,0.006086757027441716,0.009220862516899122,0.011290821001543196,0.010694949483024432,0.00820674688560847,0.010362693504425695,0.006305310812675663,0.009136883434130527,0.014701072334281523,0.014446741270381125,0.013129033771674806,0.011281129770058008,0.012717141756088306,0.01212636017571273,0.01011994043680322,0.00667785519459656,0.008290096166175901,0.007581272613779579,0.006937218462755781,0.0053023186751961155,0.006475648830640693,0.006475648830640693,0.008033134506529833,0.006028577775893764,0.004783507546188729,0.004881583873202544,0.003378855822118874,0.003378855822118874,0.0035760585068542253,0.0036879119355598027,0.0036879119355598027,0.004276875806785444,0.006882445463318655,0.006064468466220077,0.006064468466220077,0.00618241233033045,0.006018490028422578,0.008451249085851797,0.008565110105019712,0.010504628609437941,0.010317023418710549,0.010317023418710549,0.00933798247303273,0.009163825317215752,0.009163825317215752,0.008970824624550653,0.008970824624550653,0.008970824624550653,0.009104524211133226,0.010152825277286667,0.011217855310966425,0.011155155758661543,0.009086390922693107,0.009086390922693107,0.009086390922693107,0.009070135672144646,0.008962111606337213,0.008955522814938766,0.008556998435328953,0.007876653265611395,0.007876653265611395,0.006132223631495046,0.0056953928749472384,0.005410252612709783,0.005323558751228116,0.005323558751228116,0.004758763845089722,0.004758763845089722,0.004758763845089722,0.004758763845089722,0.004758763845089722,0.004758763845089722,0.004758763845089722,0.004758763845089722,0.004758763845089722,0.004758763845089722,0.005137687547266107,0.005137687547266107,0.005137687547266107,0.005137687547266107,0.00533496068922306,0.00533496068922306,0.00533496068922306,0.00533496068922306,0.00533496068922306,0.005722761571129796,0.006568284487681009,0.006568284487681009,0.006636127970770628,0.005704834694264913,0.005704834694264913,0.005704834694264913,0.005704834694264913,0.005704834694264913,0.005704834694264913,0.005704834694264913,0.005704834694264913

mean_time: , 21947.98691306114
best_solution: , 0.8645833333333334
worst_solution: , 0.8810416666666666
mean_solution: , 0.8724166666666665
std_solution: , 0.005704834694264913



solutions runs are : 



0.8810416666666666

0.8683333333333333

0.8645833333333334

0.875625

0.8725

