# Scenario 250
Mean curve: 0.7406666666666666,0.7558888888888889,0.7662222222222222,0.7662222222222222,0.771,0.771,0.7755555555555556,0.7778888888888889,0.7802222222222223,0.7913333333333334,0.7972222222222223,0.7972222222222223,0.7981111111111111,0.8009999999999999,0.8068888888888889,0.8093333333333333,0.8093333333333333,0.8097777777777779,0.8103333333333333,0.8117777777777778,0.8142222222222223,0.8150000000000001,0.8150000000000001,0.8150000000000001,0.8163333333333334,0.8166666666666668,0.8181111111111111,0.8223333333333332,0.8257777777777777,0.8264444444444445,0.8273333333333334,0.8275555555555556,0.8275555555555556,0.8275555555555556,0.8275555555555556,0.8277777777777778,0.831111111111111,0.8337777777777777,0.8337777777777777,0.8341111111111111,0.8351111111111111,0.8365555555555556,0.8365555555555556,0.8366666666666667,0.8376666666666667,0.8376666666666667,0.8414444444444446,0.8414444444444446,0.8437777777777778,0.8437777777777778,0.844,0.844,0.845111111111111,0.845111111111111,0.8452222222222222,0.8452222222222222,0.8481111111111111,0.8486666666666667,0.8495555555555555,0.8495555555555555,0.8495555555555555,0.8495555555555555,0.8507777777777777,0.8507777777777777,0.8508888888888888,0.8512222222222222,0.852888888888889,0.8536666666666667,0.8536666666666667,0.8536666666666667,0.8558888888888887,0.8575555555555556,0.8575555555555556,0.8575555555555556,0.8575555555555556,0.8577777777777778,0.858,0.8596666666666666,0.860111111111111,0.860111111111111,0.8607777777777776,0.8607777777777776,0.8607777777777776,0.8607777777777776,0.8623333333333333,0.8623333333333333,0.8623333333333333,0.8626666666666667,0.8626666666666667,0.8626666666666667,0.8631111111111112,0.8637777777777778,0.8637777777777778,0.8637777777777778,0.8643333333333333,0.8643333333333333,0.8651111111111109,0.8651111111111109,0.8651111111111109,0.866
Std curve: 0.017246935673430715,0.010071350394333023,0.01111333311115556,0.01111333311115556,0.009205473412092458,0.009205473412092458,0.011407166904631656,0.009212176590299633,0.00822222222222223,0.007565353124688523,0.011552349982728907,0.011552349982728907,0.011147717476608018,0.010525688740257826,0.0061020134301093334,0.004924115512480097,0.004924115512480097,0.0047088044667593755,0.004181086160494862,0.004477653706580004,0.0046560726310571135,0.005676462121975487,0.005676462121975487,0.005676462121975487,0.004452769979891968,0.004230985058813288,0.002931312435171778,0.004949123878071143,0.004825344611246325,0.005606433694019043,0.006473116294946425,0.00615238586662538,0.00615238586662538,0.00615238586662538,0.00615238586662538,0.00639251105050777,0.005858411700650677,0.003030707043774652,0.003030707043774652,0.0032317865716109074,0.004422166387140555,0.005251689910265117,0.005251689910265117,0.005067446333773935,0.003607262906832864,0.003607262906832864,0.004015402444353922,0.004015402444353922,0.006240053814266228,0.006240053814266228,0.006038968107422759,0.006038968107422759,0.004886362983843574,0.004886362983843574,0.004747969026493686,0.004747969026493686,0.0053356476460191225,0.005472715713788805,0.0040885265539942674,0.0040885265539942674,0.0040885265539942674,0.0040885265539942674,0.0051472154764002215,0.0051472154764002215,0.005001234415523086,0.005204461523835731,0.007628730619454164,0.007014975163406476,0.007014975163406476,0.007014975163406476,0.004926622061643404,0.0050012344155230615,0.0050012344155230615,0.0050012344155230615,0.0050012344155230615,0.004855949640758259,0.004747969026493663,0.0044666113871648415,0.003823255674241162,0.003823255674241162,0.004382907316292436,0.004382907316292436,0.004382907316292436,0.004382907316292436,0.0033035708327374216,0.0033035708327374216,0.0033035708327374216,0.0036750745352313687,0.0036750745352313687,0.0036750745352313687,0.0029938207967349756,0.0028414915227876368,0.0028414915227876368,0.0028414915227876368,0.003051006715054658,0.003051006715054658,0.002030629653610794,0.002030629653610794,0.002030629653610794,0.002030629653610784

mean_time: , 8358.287629795075
best_solution: , 0.8627777777777778
worst_solution: , 0.8677777777777778
mean_solution: , 0.866
std_solution: , 0.002030629653610784



solutions runs are : 



0.8672222222222222

0.8644444444444445

0.8677777777777778

0.8677777777777778

0.8627777777777778

