# Scenario 32
Mean curve: 0.7553333333333334,0.7825000000000001,0.8,0.8181666666666668,0.8324999999999999,0.8435,0.8560000000000001,0.8626666666666667,0.8708333333333333,0.8818333333333334,0.8883333333333334,0.8975,0.9,0.9043333333333333,0.9126666666666665,0.9246666666666667,0.931,0.9318333333333333,0.9341666666666667,0.9366666666666668,0.9411666666666667,0.9441666666666666,0.9463333333333332,0.9496666666666667,0.9543333333333333,0.9550000000000001,0.9573333333333334,0.9586666666666666,0.9605,0.9606666666666666,0.9664999999999999,0.968,0.968,0.968,0.968,0.9706666666666667,0.9706666666666667,0.9733333333333334,0.9733333333333334,0.9736666666666667,0.975,0.975,0.975,0.975,0.975,0.975,0.9753333333333334,0.9761666666666666,0.977,0.977,0.977,0.977,0.9771666666666666,0.9771666666666666,0.9781666666666666,0.9796666666666667,0.9796666666666667,0.9804999999999999,0.9804999999999999,0.9804999999999999,0.9804999999999999,0.9804999999999999,0.9810000000000001,0.9810000000000001,0.9810000000000001,0.9813333333333334,0.9813333333333334,0.9815000000000002,0.983,0.983,0.9833333333333334,0.9833333333333334,0.9833333333333334,0.9833333333333334,0.9833333333333334,0.9833333333333334,0.9833333333333334,0.9833333333333334,0.9841666666666666,0.9863333333333333,0.9863333333333333,0.9863333333333333,0.9863333333333333,0.9863333333333333,0.9868333333333332,0.9871666666666666,0.9871666666666666,0.9871666666666666,0.9871666666666666,0.9871666666666666,0.9871666666666666,0.9881666666666667,0.9881666666666667,0.9881666666666667,0.9881666666666667,0.9881666666666667,0.9881666666666667,0.9881666666666667,0.9881666666666667,0.9881666666666667
Std curve: 0.010200762498732894,0.009143911149563469,0.010096754153907312,0.009893881386437216,0.010540925533894614,0.009507307131301114,0.009073771725877445,0.00764489662745314,0.005055250296034359,0.0016158932858054392,0.006770032003863295,0.007397447007057363,0.007071067811865474,0.008778129388175808,0.010716031603785668,0.009868580895391645,0.007253351715662972,0.007329544475765348,0.005348935511960417,0.004859126579037756,0.005517648452415598,0.004013864859597414,0.0030092450142113,0.005126185499743243,0.003741657386773942,0.0036514837167011104,0.004666666666666662,0.004268749491621889,0.005691123692987928,0.005512611802847066,0.004546060565661951,0.004136557881996936,0.004136557881996936,0.004136557881996936,0.004136557881996936,0.00498330546257537,0.00498330546257537,0.0035355339059327355,0.0035355339059327355,0.0031001792062897316,0.002635231383473668,0.002635231383473668,0.002635231383473668,0.002635231383473668,0.002635231383473668,0.002635231383473668,0.002449489742783194,0.0035197853469904924,0.002505549396395501,0.002505549396395501,0.002505549396395501,0.002505549396395501,0.002392116682401234,0.002392116682401234,0.0043269183285824025,0.004552166761249222,0.004552166761249222,0.003965125751123438,0.003965125751123438,0.003965125751123438,0.003965125751123438,0.003965125751123438,0.003704351795148818,0.003704351795148818,0.003704351795148818,0.0036742346141747746,0.0036742346141747746,0.003704351795148821,0.0023921166824012355,0.0023921166824012355,0.0019002923751652349,0.0019002923751652349,0.0019002923751652349,0.0019002923751652349,0.0019002923751652349,0.0019002923751652349,0.0019002923751652349,0.0019002923751652349,0.0014907119849998695,0.00323178657161091,0.00323178657161091,0.00323178657161091,0.00323178657161091,0.00323178657161091,0.003179797338056515,0.002867441755680898,0.002867441755680898,0.002867441755680898,0.002867441755680898,0.002867441755680898,0.002867441755680898,0.002134374745810959,0.002134374745810959,0.002134374745810959,0.002134374745810959,0.002134374745810959,0.002134374745810959,0.002134374745810959,0.002134374745810959,0.002134374745810959

mean_time: , 5397.913588380814
best_solution: , 0.985
worst_solution: , 0.9916666666666667
mean_solution: , 0.9881666666666667
std_solution: , 0.002134374745810959



solutions runs are : 



0.9875

0.985

0.9883333333333333

0.9916666666666667

0.9883333333333333

