# Scenario 27
Mean curve: 0.7436666666666667,0.7673333333333333,0.7805000000000001,0.8005833333333333,0.8099999999999999,0.8214166666666666,0.8354166666666668,0.8428333333333333,0.8536666666666667,0.8591666666666666,0.8666666666666666,0.8763333333333332,0.8815000000000002,0.8875,0.891,0.8973333333333334,0.9044166666666665,0.9075,0.9075,0.9105000000000001,0.9129999999999999,0.9135833333333332,0.9165000000000001,0.9166666666666667,0.9201666666666666,0.9226666666666666,0.9266666666666665,0.9278333333333333,0.9290833333333334,0.933,0.9339999999999999,0.9343333333333333,0.9356666666666668,0.9356666666666668,0.9380833333333334,0.9390000000000001,0.9400833333333333,0.94475,0.9469166666666666,0.9478333333333335,0.9485000000000001,0.9490000000000001,0.9503333333333334,0.9503333333333334,0.9505833333333333,0.9524166666666666,0.9526666666666668,0.9545833333333335,0.9545833333333335,0.9550833333333333,0.9570833333333333,0.9584166666666667,0.9600833333333334,0.9600833333333334,0.9600833333333334,0.9600833333333334,0.9600833333333334,0.9600833333333334,0.9600833333333334,0.9600833333333334,0.9600833333333334,0.9610833333333332,0.9610833333333332,0.9610833333333332,0.9648333333333333,0.9650833333333335,0.9650833333333335,0.9650833333333335,0.9650833333333335,0.9655833333333333,0.9674166666666666,0.9674166666666666,0.9674166666666666,0.9674166666666666,0.9689166666666666,0.9689166666666666,0.9689166666666666,0.9689166666666666,0.9698333333333334,0.9698333333333334,0.9698333333333334,0.9706666666666667,0.9718333333333333,0.9730000000000001,0.9730000000000001,0.9730000000000001,0.9730000000000001,0.9730000000000001,0.9730000000000001,0.9730000000000001,0.9730000000000001,0.9730000000000001,0.9730000000000001,0.9730000000000001,0.9745833333333334,0.9769166666666667,0.9769166666666667,0.9769166666666667,0.9769166666666667,0.9769166666666667
Std curve: 0.004897561751638391,0.011244134273280242,0.0068180723896942635,0.011854441268055493,0.013588700371182576,0.010549486559386038,0.01522288116984136,0.01213752217070865,0.00700396712981688,0.008391463916782745,0.008449194570424385,0.011022073811724847,0.010870449239413545,0.010534335395373655,0.013185640337545651,0.010446955962809897,0.0067731085920720545,0.004487637339278758,0.004487637339278758,0.006761820925033591,0.005064857133007574,0.004747806511081362,0.0021505813167606667,0.0022204854324123853,0.0063715949512050795,0.006628012941716045,0.007490735018081424,0.007625796861822219,0.0053059191265771985,0.0039563591568230905,0.0033395774849189932,0.002941560432453806,0.0027335365778094456,0.0027335365778094456,0.00477697021598883,0.005667892024377322,0.005266508436441663,0.004644291597697586,0.007353192806151927,0.0077879893283040735,0.007210139465441098,0.007658510153925356,0.007117076490932064,0.007117076490932064,0.006716480559869975,0.006114645442614697,0.006436657172442511,0.0045107895342414665,0.0045107895342414665,0.0037767563978749175,0.005980291706003084,0.005467073155618928,0.006266090399035841,0.006266090399035841,0.006266090399035841,0.006266090399035841,0.006266090399035841,0.006266090399035841,0.006266090399035841,0.006266090399035841,0.006266090399035841,0.007622153384852771,0.007622153384852771,0.007622153384852771,0.005860650324172424,0.005994210169451489,0.005994210169451489,0.005994210169451489,0.005994210169451489,0.0060011572957962825,0.007534181368197142,0.007534181368197142,0.007534181368197142,0.007534181368197142,0.005878397362849493,0.005878397362849493,0.005878397362849493,0.005878397362849493,0.006070191283824798,0.006070191283824798,0.006070191283824798,0.004674101220793382,0.003318717958623314,0.002318404623873945,0.002318404623873945,0.002318404623873945,0.002318404623873945,0.002318404623873945,0.002318404623873945,0.002318404623873945,0.002318404623873945,0.002318404623873945,0.002318404623873945,0.002318404623873945,0.002124591463996995,0.005127540020971707,0.005127540020971707,0.005127540020971707,0.005127540020971707,0.005127540020971707

mean_time: , 7696.949625492096
best_solution: , 0.9716666666666667
worst_solution: , 0.98625
mean_solution: , 0.9769166666666667
std_solution: , 0.005127540020971707



solutions runs are : 



0.9729166666666667

0.98625

0.9716666666666667

0.9775

0.97625

