# Scenario 267
Mean curve: 0.7010416666666667,0.7020416666666667,0.7042083333333333,0.70725,0.713875,0.7155416666666667,0.7155416666666667,0.7155416666666667,0.7174166666666666,0.7174166666666666,0.7228333333333333,0.7237916666666666,0.7262916666666667,0.7262916666666667,0.7282083333333333,0.7315833333333333,0.7319583333333333,0.7358333333333333,0.7358333333333333,0.7370833333333333,0.73875,0.7392916666666667,0.7412083333333335,0.7425416666666667,0.7425416666666667,0.7425416666666667,0.7440833333333334,0.7440833333333334,0.7455,0.7455,0.7467916666666666,0.7468333333333333,0.748125,0.7502500000000001,0.752125,0.752125,0.752125,0.7530416666666667,0.7530416666666667,0.7532083333333334,0.7538333333333334,0.755125,0.755125,0.755125,0.7555833333333334,0.757875,0.7588333333333334,0.7602500000000001,0.7612916666666667,0.7620000000000001,0.7620000000000001,0.7634583333333333,0.7644583333333334,0.7653749999999999,0.7655416666666667,0.7665,0.7670833333333333,0.767625,0.7678333333333334,0.7678333333333334,0.7688750000000001,0.7691250000000001,0.7702916666666667,0.7725833333333334,0.7727916666666668,0.774625,0.774625,0.7754583333333332,0.7777083333333333,0.7793749999999999,0.7794166666666668,0.7794166666666668,0.7794583333333334,0.7803333333333333,0.7834166666666667,0.7834166666666667,0.7837083333333335,0.7847083333333333,0.7847500000000001,0.7866666666666667,0.7872083333333334,0.7872083333333334,0.7872916666666667,0.7872916666666667,0.7881250000000001,0.7890833333333334,0.7890833333333334,0.7890833333333334,0.7905416666666667,0.7914583333333334,0.7914583333333334,0.7914583333333334,0.7914583333333334,0.79325,0.79325,0.79325,0.79325,0.79325,0.79325,0.7933333333333332
Std curve: 0.008914135154660571,0.0077003336868533695,0.007618736042736262,0.007104624863034245,0.007117076490932067,0.005359635663405143,0.005359635663405143,0.005359635663405143,0.003619488146747336,0.003619488146747336,0.013192353635513413,0.012723965795126736,0.012838067308680926,0.012838067308680926,0.011521869302427521,0.012917741890731313,0.012613787650380362,0.01013279877976024,0.01013279877976024,0.008813263363312753,0.011329962734076215,0.011109930492831889,0.009430299865622284,0.008167516962537246,0.008167516962537246,0.008167516962537246,0.00766440183938419,0.00766440183938419,0.006807879421833363,0.006807879421833363,0.005738212555607669,0.005692343785979361,0.005767485490999438,0.009501827309640097,0.009737349342722704,0.009737349342722704,0.009737349342722704,0.00878030466441796,0.00878030466441796,0.008612611876389965,0.008075812652606545,0.008960367985995017,0.008960367985995017,0.008960367985995017,0.008487531705062687,0.008420791068671763,0.00753878858526576,0.006387922632245589,0.007301065371269834,0.006811703572202442,0.006811703572202442,0.008566123523637878,0.0072200050015372025,0.006271352414839323,0.006124574815174254,0.006966437396546389,0.007780629437548387,0.007315556104023191,0.007113416509979187,0.007113416509979187,0.0066856500556540304,0.007055582895835039,0.0060704772830844494,0.009606493752781095,0.009518439706403791,0.009114815473234275,0.009114815473234275,0.009373981426148533,0.008799463367476203,0.007750448015724287,0.007740809963362294,0.007740809963362294,0.007732058084509084,0.007987185918011988,0.009323097065293754,0.009323097065293754,0.00953829998829282,0.0090863909226931,0.009085244447270874,0.009581521567869858,0.009987492177719074,0.009987492177719074,0.00983368643433829,0.00983368643433829,0.009601432184835756,0.009437844916434394,0.009437844916434394,0.009437844916434394,0.006659631704865121,0.006750771560841543,0.006750771560841543,0.006750771560841543,0.006750771560841543,0.007764547278782241,0.007764547278782241,0.007764547278782241,0.007764547278782241,0.007764547278782241,0.007764547278782241,0.007602311417515646

mean_time: , 21769.40266337395
best_solution: , 0.7785416666666667
worst_solution: , 0.8004166666666667
mean_solution: , 0.7933333333333332
std_solution: , 0.007602311417515646



solutions runs are : 



0.7785416666666667

0.79625

0.795625

0.7958333333333333

0.8004166666666667

