# Scenario 230
Mean curve: 0.7548333333333334,0.7726666666666666,0.7831666666666667,0.7908333333333333,0.7975,0.8059999999999998,0.8059999999999998,0.817,0.8171666666666667,0.8186666666666668,0.8283333333333335,0.8303333333333335,0.8303333333333335,0.8303333333333335,0.8343333333333334,0.8345,0.8345,0.8358333333333332,0.8418333333333333,0.853,0.8588333333333333,0.86,0.8616666666666666,0.8616666666666666,0.8636666666666667,0.8696666666666666,0.8698333333333335,0.8698333333333335,0.8698333333333335,0.8698333333333335,0.8728333333333333,0.8786666666666667,0.8789999999999999,0.8818333333333334,0.8833333333333332,0.8833333333333332,0.8833333333333332,0.8833333333333332,0.8833333333333332,0.8833333333333332,0.8844999999999998,0.8844999999999998,0.8859999999999999,0.8859999999999999,0.8859999999999999,0.8893333333333333,0.8893333333333333,0.8908333333333334,0.8911666666666667,0.8911666666666667,0.8911666666666667,0.8911666666666667,0.8911666666666667,0.892,0.8935000000000001,0.8935000000000001,0.8955,0.8961666666666666,0.8961666666666666,0.8963333333333333,0.8983333333333332,0.8983333333333332,0.8983333333333332,0.8983333333333332,0.9001666666666667,0.9006666666666666,0.9006666666666666,0.9006666666666666,0.9006666666666666,0.9015000000000001,0.9016666666666667,0.9021666666666667,0.9021666666666667,0.9033333333333333,0.9046666666666667,0.9053333333333333,0.9058333333333334,0.9058333333333334,0.9068333333333334,0.9068333333333334,0.9068333333333334,0.908,0.9086666666666666,0.9086666666666666,0.9096666666666666,0.9096666666666666,0.9103333333333332,0.9113333333333333,0.9131666666666666,0.9158333333333332,0.9158333333333332,0.9158333333333332,0.9163333333333334,0.9163333333333334,0.9166666666666666,0.9175000000000001,0.9201666666666668,0.9201666666666668,0.9201666666666668,0.9213333333333333
Std curve: 0.01464771502847988,0.007329544475765348,0.01570916222393088,0.010434983894999002,0.012605113600792675,0.014321700705960536,0.014321700705960536,0.014968485412878466,0.015060987130109806,0.016181264886693303,0.004915960401250865,0.006337717780610516,0.006337717780610516,0.006337717780610516,0.006980130530457322,0.007180219742846024,0.007180219742846024,0.004944132324730455,0.00885688683705761,0.003519785346990475,0.010653637876331258,0.010580380165402588,0.009324400487132902,0.009324400487132902,0.009288583195395182,0.00712195353974051,0.006859705209085564,0.006859705209085564,0.006859705209085564,0.006859705209085564,0.009198429817697772,0.006802777210652846,0.006442049363362551,0.004755114205895681,0.0019002923751652349,0.0019002923751652349,0.0019002923751652349,0.0019002923751652349,0.0019002923751652349,0.0019002923751652349,0.001130388330520904,0.001130388330520904,0.003045944480416207,0.003045944480416207,0.003045944480416207,0.005512611802847075,0.005512611802847075,0.0051370116691408065,0.004847679857416334,0.004847679857416334,0.004847679857416334,0.004847679857416334,0.004847679857416334,0.005338539126015652,0.006155395104206445,0.006155395104206445,0.0044596960534198605,0.003929942040850514,0.003929942040850514,0.0038944404818492886,0.004314059701848266,0.004314059701848266,0.004314059701848266,0.004314059701848266,0.004784233364802464,0.004453463071962481,0.004453463071962481,0.004453463071962481,0.004453463071962481,0.0052014955114424236,0.004972144630058773,0.004365266951236287,0.004365266951236287,0.0060781941762701784,0.005338539126015674,0.005642103626603604,0.005627314338711395,0.005627314338711395,0.004163331998932281,0.004163331998932281,0.004163331998932281,0.0038224483137265916,0.0038224483137265924,0.0038224483137265924,0.004428443418528829,0.004428443418528829,0.005233439489369204,0.00573972511924086,0.0036285901761795416,0.006168918507773912,0.006168918507773912,0.006168918507773912,0.005542763049438613,0.005542763049438613,0.005190803834132477,0.00462481230850386,0.00673712764380259,0.00673712764380259,0.00673712764380259,0.006381396573025571

mean_time: , 5442.519958972931
best_solution: , 0.9116666666666666
worst_solution: , 0.93
mean_solution: , 0.9213333333333333
std_solution: , 0.006381396573025571



solutions runs are : 



0.9216666666666666

0.93

0.9116666666666666

0.9258333333333333

0.9175

