# Scenario 346
Mean curve: 0.7079444444444444,0.713,0.7157222222222223,0.7171666666666667,0.7187222222222223,0.7188888888888889,0.7189444444444445,0.7208333333333333,0.7211111111111111,0.7257222222222223,0.7264444444444444,0.7264444444444444,0.7281666666666667,0.7293888888888889,0.7307222222222223,0.7330555555555556,0.7348333333333332,0.7348333333333332,0.7371666666666667,0.7371666666666667,0.7382222222222222,0.7396111111111112,0.7398333333333333,0.7398333333333333,0.7433888888888889,0.7437222222222223,0.7443888888888888,0.7452777777777777,0.745611111111111,0.7463888888888889,0.7475555555555555,0.7490555555555556,0.7514999999999998,0.7525555555555555,0.7542222222222221,0.7542222222222221,0.7556111111111111,0.7567777777777778,0.7567777777777778,0.7567777777777778,0.7568333333333334,0.7568333333333334,0.7578333333333334,0.7582222222222222,0.7582222222222222,0.7596666666666667,0.7598333333333334,0.7600555555555555,0.7600555555555555,0.7600555555555555,0.7600555555555555,0.7601666666666667,0.7616666666666667,0.7620555555555557,0.7630000000000001,0.7634444444444444,0.7634444444444444,0.766,0.766,0.766,0.766,0.7675555555555557,0.7675555555555557,0.7675555555555557,0.7675555555555557,0.7675555555555557,0.7682222222222223,0.7682222222222223,0.7687222222222223,0.7695000000000001,0.7700000000000001,0.7700000000000001,0.7700000000000001,0.7702222222222223,0.7705,0.7715555555555556,0.7716666666666667,0.772111111111111,0.7733888888888888,0.7753888888888888,0.7753888888888888,0.7769999999999999,0.7769999999999999,0.7769999999999999,0.7773888888888888,0.7773888888888888,0.777611111111111,0.7783333333333332,0.7783333333333332,0.7783333333333332,0.7783333333333332,0.7783333333333332,0.7783333333333332,0.7783333333333332,0.7783333333333332,0.7795555555555554,0.7795555555555554,0.7800555555555555,0.7802222222222222,0.7829999999999999
Std curve: 0.007834318298989165,0.008076409787877797,0.010522756058263829,0.009555555555555543,0.009845410035414061,0.009970635899826722,0.009969707203744496,0.011525602204346603,0.011471919554791373,0.014574838795881291,0.014630637564903176,0.014630637564903176,0.014406574288013436,0.01576584055466317,0.0157904878383424,0.01504417363944684,0.017297862566881365,0.017297862566881365,0.01567060628165252,0.01567060628165252,0.013901771802876758,0.013857297404545547,0.013901771802876764,0.013901771802876764,0.016332199507131342,0.01576799383655478,0.014998353819134636,0.013556010921313288,0.013455917969245404,0.0132846332836658,0.013367317800710243,0.010802091704164771,0.01320610595777202,0.011679093910398243,0.00972365068870996,0.00972365068870996,0.00848637251825057,0.008562767523080422,0.008562767523080422,0.008562767523080422,0.008571773949537816,0.008571773949537816,0.00802273005471729,0.007945804079458274,0.007945804079458274,0.008889583306208723,0.008844681738860279,0.008825118472257627,0.008825118472257627,0.008825118472257627,0.008825118472257627,0.008799200300364006,0.008995883832393907,0.009207149664161635,0.009983628574129393,0.010232784398354632,0.010232784398354632,0.013361775220270591,0.013361775220270591,0.013361775220270591,0.013361775220270591,0.013044794619566336,0.013044794619566336,0.013044794619566336,0.013044794619566336,0.013044794619566336,0.01323645359239792,0.01323645359239792,0.013465318964466273,0.013956944375338618,0.014089659985908776,0.014089659985908776,0.014089659985908776,0.013696895205542231,0.01402092792054389,0.012328577661697005,0.01234658947260088,0.012596050723427558,0.013028221977738707,0.014528176115210307,0.014528176115210307,0.015165140338337862,0.015165140338337862,0.015165140338337862,0.0155700329455633,0.0155700329455633,0.01581392572745871,0.015140290454998807,0.015140290454998807,0.015140290454998807,0.015140290454998807,0.015140290454998807,0.015140290454998807,0.015140290454998807,0.015140290454998807,0.014352915133850192,0.014352915133850192,0.014924087746382642,0.01512438142802036,0.015770733951935022

mean_time: , 13424.295201921463
best_solution: , 0.755
worst_solution: , 0.8033333333333333
mean_solution: , 0.7829999999999999
std_solution: , 0.015770733951935022



solutions runs are : 



0.8033333333333333

0.7861111111111111

0.7816666666666666

0.7888888888888889

0.755

