# Scenario 212
Mean curve: 0.7863333333333333,0.8086666666666666,0.8273333333333334,0.8273333333333334,0.8323333333333334,0.8323333333333334,0.8390000000000001,0.8413333333333334,0.8476666666666667,0.8493333333333334,0.851,0.859,0.8683333333333334,0.8743333333333334,0.8786666666666667,0.8786666666666667,0.8786666666666667,0.8916666666666666,0.8963333333333333,0.9023333333333333,0.9026666666666665,0.9026666666666665,0.9046666666666667,0.909,0.9136666666666666,0.9176666666666667,0.9203333333333333,0.9219999999999999,0.9219999999999999,0.9233333333333332,0.9233333333333332,0.9236666666666666,0.9236666666666666,0.9236666666666666,0.9256666666666666,0.9256666666666666,0.9256666666666666,0.9259999999999999,0.9279999999999999,0.9286666666666665,0.9316666666666666,0.9316666666666666,0.937,0.937,0.9376666666666666,0.9376666666666666,0.9396666666666667,0.9396666666666667,0.9436666666666668,0.9436666666666668,0.9436666666666668,0.9460000000000001,0.9460000000000001,0.9483333333333335,0.9483333333333335,0.9483333333333335,0.9483333333333335,0.9483333333333335,0.9493333333333334,0.9503333333333334,0.951,0.951,0.951,0.9530000000000001,0.9530000000000001,0.9530000000000001,0.959,0.959,0.959,0.959,0.9596666666666668,0.9596666666666668,0.9596666666666668,0.9640000000000001,0.9656666666666667,0.9656666666666667,0.9656666666666667,0.9663333333333334,0.9666666666666666,0.9673333333333334,0.9673333333333334,0.9676666666666668,0.968,0.9683333333333334,0.9703333333333333,0.9703333333333333,0.9703333333333333,0.9703333333333333,0.9703333333333333,0.9720000000000001,0.9720000000000001,0.9723333333333335,0.9723333333333335,0.9723333333333335,0.9723333333333335,0.9736666666666667,0.9753333333333334,0.9763333333333334,0.9763333333333334,0.9763333333333334
Std curve: 0.017838784213679536,0.017074997966487586,0.012935738607954838,0.012935738607954838,0.010360180178613376,0.010360180178613376,0.006798692684790372,0.007557189365836422,0.00820568908339409,0.00711805216802086,0.006548960901462833,0.006289320754704385,0.010000000000000016,0.011333333333333338,0.007102425250887505,0.007102425250887505,0.007102425250887505,0.025451478891761428,0.02365022903342234,0.019165942015286715,0.019049642749639384,0.019049642749639384,0.017807613852257424,0.017435595774162687,0.016172679294277584,0.014514360704718163,0.011274356350191818,0.0118039541397505,0.0118039541397505,0.013123346456686348,0.013123346456686348,0.012840906856172136,0.012840906856172136,0.012840906856172136,0.011813363431112887,0.011813363431112887,0.011813363431112887,0.012183777921664682,0.010022197585581915,0.009568466729604866,0.013984117975602006,0.013984117975602006,0.012220201853215559,0.012220201853215559,0.011527744310527048,0.011527744310527048,0.012578641509408793,0.012578641509408793,0.01087300428686671,0.01087300428686671,0.01087300428686671,0.013021349989749732,0.013021349989749732,0.015275252316519466,0.015275252316519466,0.015275252316519466,0.015275252316519466,0.015275252316519466,0.01368697677843187,0.01222020185321557,0.01133333333333334,0.01133333333333334,0.01133333333333334,0.010666666666666677,0.010666666666666677,0.010666666666666677,0.013148721948877331,0.013148721948877331,0.013148721948877331,0.013148721948877331,0.012578641509408796,0.012578641509408796,0.012578641509408796,0.01335830993967592,0.011953614051360726,0.011953614051360726,0.011953614051360726,0.011614167593456223,0.011879019787470307,0.011671427600007734,0.011671427600007734,0.011623730516108466,0.011125546178852414,0.010954451150103309,0.008589399151150071,0.008589399151150071,0.008589399151150071,0.008589399151150071,0.008589399151150071,0.007102425250887471,0.007102425250887471,0.007644896627453121,0.007644896627453121,0.007644896627453121,0.007644896627453121,0.007408703590297602,0.005617433182117556,0.004642796092394694,0.004642796092394694,0.004642796092394694

mean_time: , 3789.456779384613
best_solution: , 0.9716666666666667
worst_solution: , 0.985
mean_solution: , 0.9763333333333334
std_solution: , 0.004642796092394694



solutions runs are : 



0.9733333333333334

0.985

0.9766666666666667

0.9716666666666667

0.975

