# Scenario 248
Mean curve: 0.6857222222222222,0.6895555555555556,0.6929444444444444,0.7018333333333333,0.7070555555555555,0.709,0.7102222222222222,0.7113888888888888,0.7174444444444444,0.718,0.7204444444444444,0.7224444444444444,0.7230555555555556,0.7245555555555555,0.7309444444444445,0.735,0.735,0.7378333333333333,0.7384999999999999,0.7387777777777778,0.7416111111111112,0.7416111111111112,0.7442777777777778,0.7449999999999999,0.7469444444444445,0.7469444444444445,0.7469444444444445,0.7480555555555556,0.7523888888888889,0.7523888888888889,0.7527222222222223,0.7545,0.7552222222222221,0.7555555555555555,0.7558333333333334,0.7579444444444444,0.7591111111111111,0.7615000000000001,0.7622222222222221,0.7637777777777778,0.764,0.764,0.7652777777777777,0.7664444444444445,0.7678333333333333,0.7694444444444445,0.7695000000000001,0.7695000000000001,0.7725555555555556,0.7725555555555556,0.7725555555555556,0.7725555555555556,0.7734444444444445,0.7737777777777779,0.7737777777777779,0.7762777777777777,0.7762777777777777,0.7780555555555556,0.7790555555555556,0.7790555555555556,0.7796666666666667,0.7803888888888888,0.7809444444444444,0.7809444444444444,0.7809444444444444,0.7819444444444443,0.7834444444444444,0.784,0.784,0.7842222222222222,0.7871666666666667,0.7895000000000001,0.7895000000000001,0.7895555555555556,0.7895555555555556,0.7905555555555556,0.7942777777777777,0.7947222222222222,0.7947222222222222,0.7955000000000001,0.7963333333333333,0.7977222222222222,0.7978333333333334,0.7978333333333334,0.8023888888888889,0.8029444444444443,0.8032222222222222,0.8032222222222222,0.8046666666666666,0.8069444444444445,0.8069444444444445,0.8085555555555555,0.8085555555555555,0.8085555555555555,0.8085555555555555,0.8085555555555555,0.8085555555555555,0.8104444444444443,0.8110555555555555,0.8149444444444442
Std curve: 0.005017254179944716,0.002573607738200092,0.004069610349291649,0.010949660347627023,0.009993207569687735,0.007711223182022623,0.005893603982389274,0.0059809367943719095,0.007025965950021689,0.006852502471612593,0.0046501028795203365,0.00593014895821906,0.005624571314254612,0.005969573055850469,0.008879508939820138,0.008976993915174866,0.008976993915174866,0.006529609672035224,0.006537168186702474,0.006277040271330235,0.008272742689395025,0.008272742689395025,0.008521215354109489,0.007673909622147563,0.010157707041733353,0.010157707041733353,0.010157707041733353,0.009133779388945539,0.01359988198932096,0.01359988198932096,0.01328161264936986,0.012750453877179213,0.013894887593448476,0.013575349846570819,0.013328702899669366,0.011514349608795977,0.01196883813992625,0.010325863488838292,0.011689131809896582,0.01209606608839482,0.011879799225139716,0.011879799225139716,0.011069366025095175,0.011681736299153615,0.012879306782970739,0.01540702901957015,0.015506271132817365,0.015506271132817365,0.014867106786376818,0.014867106786376818,0.014867106786376818,0.014867106786376818,0.014201590938524663,0.014421563073449486,0.014421563073449486,0.01246426992211571,0.01246426992211571,0.01243377518825634,0.01223559874069145,0.01223559874069145,0.012709236458498405,0.012790573303495792,0.01219264097015741,0.01219264097015741,0.01219264097015741,0.011169292118113551,0.01014493731308478,0.01070162096871426,0.01070162096871426,0.010947968975630037,0.013599655042829239,0.011136637345178528,0.011136637345178528,0.011175645919963428,0.011175645919963428,0.012058243427958347,0.01168596287838796,0.011220296864539491,0.011220296864539491,0.011655285453919391,0.012583547950095211,0.014524776617988608,0.014407431210110762,0.014407431210110762,0.016592985279744763,0.016320100459627854,0.01599729915476088,0.01599729915476088,0.014519463310150768,0.01708457538393571,0.01708457538393571,0.015935247056931102,0.015935247056931102,0.015935247056931102,0.015935247056931102,0.015935247056931102,0.015935247056931102,0.015382569902006728,0.014610583006932633,0.014030830250946098

mean_time: , 13385.529192304612
best_solution: , 0.8
worst_solution: , 0.8355555555555556
mean_solution: , 0.8149444444444442
std_solution: , 0.014030830250946098



solutions runs are : 



0.8355555555555556

0.8061111111111111

0.8052777777777778

0.8277777777777777

0.8

