# Scenario 9
Mean curve: 0.7831666666666667,0.8036666666666668,0.8288333333333332,0.8508333333333333,0.8776666666666666,0.8938333333333333,0.9018333333333335,0.9175000000000001,0.9283333333333333,0.9371666666666666,0.9504999999999999,0.9596666666666668,0.9625,0.9671666666666667,0.9743333333333334,0.9766666666666666,0.977,0.982,0.9850000000000001,0.9880000000000001,0.9880000000000001,0.9898333333333333,0.9898333333333333,0.9906666666666666,0.9906666666666666,0.9945,0.9949999999999999,0.9953333333333333,0.9966666666666667,0.9966666666666667,0.9983333333333333,0.9986666666666666,0.9986666666666666,0.9986666666666666,0.9986666666666666,0.9986666666666666,0.9986666666666666,0.9986666666666666,0.9986666666666666,0.9986666666666666,0.9986666666666666,0.9986666666666666,0.9986666666666666,0.9986666666666666,0.9986666666666666,0.9986666666666666,0.9986666666666666,0.9986666666666666,0.999,0.9995,0.9995,0.9995,0.9995,0.9995,0.9995,0.9995,0.9995,0.9995,0.9995,0.9995,0.9995,0.9995,0.9995,0.9995,0.9995,1.0,1.0,1.0,1.0,1.0,1.0,1.0,1.0,1.0,1.0,1.0,1.0,1.0,1.0,1.0,1.0,1.0,1.0,1.0,1.0,1.0,1.0,1.0,1.0,1.0,1.0,1.0,1.0,1.0,1.0,1.0,1.0,1.0,1.0,1.0
Std curve: 0.02484060296280175,0.01138468757195872,0.014029730337156645,0.01699673171197594,0.012057731498457284,0.004203173404306157,0.0038873012632301787,0.008232726023485631,0.00938379217350617,0.0033582402799349925,0.006843488389215936,0.003636237371545243,0.0036132472314464735,0.004960958688712401,0.0034318767136623284,0.0038005847503304793,0.003711842908553364,0.00244948974278315,0.0029344694769431728,0.0038224483137265764,0.0038224483137265764,0.005120763831912405,0.005120763831912405,0.00442216638714053,0.00442216638714053,0.004876246279442606,0.005270462766947302,0.004642796092394694,0.00278886675511357,0.00278886675511357,0.0014907119849998445,0.0012472191289246404,0.0012472191289246404,0.0012472191289246404,0.0012472191289246404,0.0012472191289246404,0.0012472191289246404,0.0012472191289246404,0.0012472191289246404,0.0012472191289246404,0.0012472191289246404,0.0012472191289246404,0.0012472191289246404,0.0012472191289246404,0.0012472191289246404,0.0012472191289246404,0.0012472191289246404,0.0012472191289246404,0.0013333333333333253,0.0009999999999999788,0.0009999999999999788,0.0009999999999999788,0.0009999999999999788,0.0009999999999999788,0.0009999999999999788,0.0009999999999999788,0.0009999999999999788,0.0009999999999999788,0.0009999999999999788,0.0009999999999999788,0.0009999999999999788,0.0009999999999999788,0.0009999999999999788,0.0009999999999999788,0.0009999999999999788,0.0,0.0,0.0,0.0,0.0,0.0,0.0,0.0,0.0,0.0,0.0,0.0,0.0,0.0,0.0,0.0,0.0,0.0,0.0,0.0,0.0,0.0,0.0,0.0,0.0,0.0,0.0,0.0,0.0,0.0,0.0,0.0,0.0,0.0,0.0

mean_time: , 4317.728270864487
best_solution: , 1.0
worst_solution: , 1.0
mean_solution: , 1.0
std_solution: , 0.0



solutions runs are : 



1.0

1.0

1.0

1.0

1.0

