# Scenario 71
Mean curve: 0.7304999999999999,0.7464166666666667,0.7585833333333333,0.7710833333333333,0.78425,0.7956666666666667,0.80475,0.8115833333333333,0.8246666666666667,0.8285833333333332,0.8324166666666667,0.836,0.843,0.8462499999999998,0.8500833333333333,0.8535833333333332,0.8567500000000001,0.8604166666666666,0.8654999999999999,0.8669166666666668,0.8693333333333333,0.87225,0.8749166666666668,0.8782499999999999,0.8798333333333334,0.8820833333333333,0.8859166666666667,0.8880833333333333,0.8895833333333334,0.8919166666666667,0.89375,0.8955,0.8975000000000002,0.8976666666666666,0.8986666666666665,0.9010833333333335,0.9040833333333333,0.9053333333333334,0.9063333333333334,0.9065833333333334,0.9087500000000001,0.9087500000000001,0.9095833333333333,0.9111666666666667,0.9111666666666667,0.9111666666666667,0.9121666666666666,0.9121666666666666,0.9121666666666666,0.9123333333333333,0.9123333333333333,0.9126666666666667,0.9138333333333334,0.9139166666666666,0.9139166666666666,0.9139166666666666,0.9144166666666667,0.9175833333333333,0.9189166666666667,0.9189166666666667,0.9194166666666668,0.9195,0.9205,0.9205,0.9205,0.9205,0.9205,0.9205,0.9205,0.921,0.921,0.921,0.921,0.921,0.921,0.921,0.9210833333333334,0.9210833333333334,0.9210833333333334,0.9210833333333334,0.9210833333333334,0.9215,0.9215,0.92275,0.92275,0.9228333333333334,0.9233333333333332,0.9233333333333332,0.9233333333333332,0.9251666666666667,0.9251666666666667,0.9251666666666667,0.9251666666666667,0.9251666666666667,0.9251666666666667,0.9251666666666667,0.9251666666666667,0.9251666666666667,0.9251666666666667,0.9251666666666667
Std curve: 0.006689544080129837,0.005649483752226082,0.005307227776030211,0.006638482088884821,0.004068851871911219,0.010146838588118623,0.00865463908997816,0.00608618654550341,0.011109930492831864,0.008369089954509199,0.005953523699830584,0.0061441028637222415,0.006080478782318234,0.005250661334007795,0.004960958688712398,0.005983774357005437,0.0038315213108575676,0.005137011669140821,0.004529226080567064,0.003190698286512776,0.0032123892112327513,0.004027681991198164,0.0021473497877875203,0.004034572812303418,0.0039581140290126686,0.0033019354593598286,0.007534181368197135,0.006575417181526297,0.006816035015559515,0.004568916720624259,0.0038819382329507066,0.004309227824615959,0.004937104414532882,0.004906062009845015,0.005226800593522229,0.005581467349880104,0.004357305487467122,0.005146465885548178,0.004060309238359948,0.0039033461428767944,0.005803495115493392,0.005803495115493392,0.006319062870042967,0.004428443418528813,0.004428443418528813,0.004428443418528813,0.0055926539118541785,0.0055926539118541785,0.0055926539118541785,0.0058309518948452795,0.0058309518948452795,0.006333333333333323,0.008276472678623418,0.008218373723959423,0.008218373723959423,0.008218373723959423,0.007855465188856318,0.007469381946765535,0.006447437044628237,0.006447437044628237,0.0068241808625244095,0.006787447564765745,0.006848560270434792,0.006848560270434792,0.006848560270434792,0.006848560270434792,0.006848560270434792,0.006848560270434792,0.006848560270434792,0.00663848208888481,0.00663848208888481,0.00663848208888481,0.00663848208888481,0.00663848208888481,0.00663848208888481,0.00663848208888481,0.006490377492873601,0.006490377492873601,0.006490377492873601,0.006490377492873601,0.006490377492873601,0.006132789830991376,0.006132789830991376,0.0064150430846392475,0.0064150430846392475,0.006254998001598381,0.005303300858899105,0.005303300858899105,0.005303300858899105,0.004390646624106516,0.004390646624106516,0.004390646624106516,0.004390646624106516,0.004390646624106516,0.004390646624106516,0.004390646624106516,0.004390646624106516,0.004390646624106516,0.004390646624106516,0.004390646624106516

mean_time: , 12531.01179075241
best_solution: , 0.91875
worst_solution: , 0.9320833333333334
mean_solution: , 0.9251666666666667
std_solution: , 0.004390646624106516



solutions runs are : 



0.91875

0.9266666666666666

0.9254166666666667

0.9320833333333334

0.9229166666666667

