# Scenario 255
Mean curve: 0.7426666666666667,0.7698333333333334,0.7741666666666667,0.7768333333333335,0.7815000000000001,0.7876666666666667,0.7903333333333333,0.8005000000000001,0.8076666666666666,0.8088333333333333,0.8121666666666666,0.8153333333333332,0.8168333333333333,0.8181666666666667,0.8258333333333333,0.8296666666666667,0.833,0.8331666666666667,0.8353333333333334,0.8356666666666668,0.8356666666666668,0.8400000000000001,0.8400000000000001,0.841,0.8425,0.8446666666666666,0.8446666666666666,0.8491666666666667,0.8541666666666666,0.8541666666666666,0.8558333333333333,0.8588333333333333,0.8595,0.8613333333333333,0.8621666666666667,0.8663333333333334,0.8678333333333332,0.8678333333333332,0.8681666666666666,0.8688333333333335,0.8713333333333335,0.8751666666666666,0.8751666666666666,0.8766666666666667,0.8785000000000001,0.8790000000000001,0.8790000000000001,0.8790000000000001,0.8790000000000001,0.8803333333333334,0.8823333333333334,0.8823333333333334,0.8823333333333334,0.8823333333333334,0.8835000000000001,0.8835000000000001,0.8836666666666668,0.8853333333333333,0.8853333333333333,0.8920000000000001,0.8920000000000001,0.8928333333333335,0.893,0.8934999999999998,0.8934999999999998,0.8945000000000001,0.8965,0.8965,0.8965,0.8965,0.8965,0.8965,0.8966666666666667,0.8966666666666667,0.8966666666666667,0.8966666666666667,0.8966666666666667,0.8966666666666667,0.8973333333333334,0.8973333333333334,0.8975000000000002,0.8991666666666667,0.8991666666666667,0.8991666666666667,0.9003333333333334,0.9003333333333334,0.9003333333333334,0.9003333333333334,0.9003333333333334,0.9035,0.9035,0.9035,0.9035,0.905,0.9068333333333334,0.9076666666666666,0.9078333333333333,0.9078333333333333,0.9078333333333333,0.9078333333333333
Std curve: 0.011611775632233572,0.012364824660660927,0.013091557924437003,0.010716031603785694,0.01026590906295635,0.006920179830675563,0.008637772346566637,0.007881060278357945,0.004129837231121277,0.004521553322083507,0.007102425250887515,0.009288583195395193,0.007699206308300752,0.00608732745591657,0.00961769203083568,0.008442616761275949,0.007863417408056957,0.007806692285753569,0.006091888960832352,0.005734883511361764,0.005734883511361764,0.008692269873603543,0.008692269873603543,0.007824463062870345,0.008959786703810401,0.008605553762283719,0.008605553762283719,0.008787617550976044,0.007817359599705705,0.007817359599705705,0.00957427107756336,0.006904105059069308,0.00690410505906931,0.006204836822995427,0.004731689855526131,0.00925862960822079,0.0076303487615064095,0.0076303487615064095,0.00734846922834954,0.006863753427324677,0.008828615092099344,0.008188745664358826,0.008188745664358826,0.0061689185077739295,0.005901977069875268,0.005612486080160917,0.005612486080160917,0.005612486080160917,0.005612486080160917,0.003519785346990466,0.0016158932858054392,0.0016158932858054392,0.0016158932858054392,0.0016158932858054392,0.0029059326290271047,0.0029059326290271047,0.003188521078284828,0.005071708018234304,0.005071708018234304,0.006381396573025548,0.006381396573025548,0.00512618549974324,0.0051532082779134425,0.004870546398734153,0.004870546398734153,0.00554276304943863,0.005948856099191572,0.005948856099191572,0.005948856099191572,0.005948856099191572,0.005948856099191572,0.005948856099191572,0.005892556509887885,0.005892556509887885,0.005892556509887885,0.005892556509887885,0.005892556509887885,0.005892556509887885,0.00585472269008342,0.00585472269008342,0.0055277079839256464,0.00235702260395515,0.00235702260395515,0.00235702260395515,0.001130388330520878,0.001130388330520878,0.001130388330520878,0.001130388330520878,0.001130388330520878,0.005562773089426213,0.005562773089426213,0.005562773089426213,0.005562773089426213,0.005651941652604393,0.006267198558987718,0.005280993172584948,0.0051261854997432235,0.0051261854997432235,0.0051261854997432235,0.0051261854997432235

mean_time: , 6644.980975723267
best_solution: , 0.9008333333333334
worst_solution: , 0.9141666666666667
mean_solution: , 0.9078333333333333
std_solution: , 0.0051261854997432235



solutions runs are : 



0.9033333333333333

0.9083333333333333

0.9125

0.9008333333333334

0.9141666666666667

