# Scenario 498
Mean curve: 0.7272000000000001,0.7293000000000001,0.7293000000000001,0.7311000000000001,0.7315,0.7325,0.7335,0.7335,0.7335,0.7335,0.7339,0.7339,0.7355,0.7355,0.7357,0.7359000000000001,0.7368,0.7368,0.7368,0.7368,0.7368,0.7368,0.7368,0.737,0.737,0.737,0.7377,0.7377,0.7377,0.7377,0.7377,0.7377,0.7377,0.7377,0.7377,0.7377,0.7377,0.7377,0.7377,0.7377,0.7377,0.7379,0.7379,0.7379,0.7379,0.7379,0.7379,0.7379,0.7379,0.7379,0.7379,0.7379,0.7379,0.7379,0.7379,0.7379,0.7379,0.7379,0.7379,0.7379,0.7379,0.7379,0.7379,0.7379,0.7379,0.7379,0.7379,0.7379,0.7379,0.7379,0.7379,0.7379,0.7379,0.7379,0.7379,0.7379,0.7379,0.7379,0.7379,0.7379,0.7379,0.7379,0.7379,0.7379,0.7379,0.7379,0.7379,0.7379,0.7379,0.7379,0.7379,0.7379,0.7379,0.7379,0.7379,0.7379,0.7379,0.7379,0.7379,0.7379
Std curve: 0.009558242516278804,0.008249848483457124,0.008249848483457124,0.008633655077659745,0.008167006795638162,0.00725947656515261,0.006833739825307953,0.006833739825307953,0.006833739825307953,0.006833739825307953,0.006822023160324215,0.006822023160324215,0.005753259945457013,0.005753259945457013,0.005464430436925702,0.005190375708944392,0.005259277516921882,0.005259277516921882,0.005259277516921882,0.005259277516921882,0.005259277516921882,0.005259277516921882,0.005259277516921882,0.004969909455915669,0.004969909455915669,0.004969909455915669,0.004106093033529542,0.004106093033529542,0.004106093033529542,0.004106093033529542,0.004106093033529542,0.004106093033529542,0.004106093033529542,0.004106093033529542,0.004106093033529542,0.004106093033529542,0.004106093033529542,0.004106093033529542,0.004106093033529542,0.004106093033529542,0.004106093033529542,0.003916631205513208,0.003916631205513208,0.003916631205513208,0.003916631205513208,0.003916631205513208,0.003916631205513208,0.003916631205513208,0.003916631205513208,0.003916631205513208,0.003916631205513208,0.003916631205513208,0.003916631205513208,0.003916631205513208,0.003916631205513208,0.003916631205513208,0.003916631205513208,0.003916631205513208,0.003916631205513208,0.003916631205513208,0.003916631205513208,0.003916631205513208,0.003916631205513208,0.003916631205513208,0.003916631205513208,0.003916631205513208,0.003916631205513208,0.003916631205513208,0.003916631205513208,0.003916631205513208,0.003916631205513208,0.003916631205513208,0.003916631205513208,0.003916631205513208,0.003916631205513208,0.003916631205513208,0.003916631205513208,0.003916631205513208,0.003916631205513208,0.003916631205513208,0.003916631205513208,0.003916631205513208,0.003916631205513208,0.003916631205513208,0.003916631205513208,0.003916631205513208,0.003916631205513208,0.003916631205513208,0.003916631205513208,0.003916631205513208,0.003916631205513208,0.003916631205513208,0.003916631205513208,0.003916631205513208,0.003916631205513208,0.003916631205513208,0.003916631205513208,0.003916631205513208,0.003916631205513208,0.003916631205513208

mean_time: , 15208.084934091568
best_solution: , 0.7345
worst_solution: , 0.745
mean_solution: , 0.7379
std_solution: , 0.003916631205513208



solutions runs are : 



0.7345

0.7365

0.7345

0.745

0.739

