# Scenario 43
Mean curve: 0.5538618729797946,0.5654808260788557,0.5815612321467377,0.5944726705413912,0.6158679124269348,0.622492558310242,0.633171788753233,0.6456053898700417,0.6501867942688517,0.6560666460475717,0.6663798853442968,0.6771992631022766,0.6804511532118667,0.6842693666130788,0.6878002655157778,0.6928394969279347,0.700277426437492,0.7069334613664314,0.7070021302790257,0.7121246619007844,0.716046401312364,0.7189388856025511,0.7220643570191088,0.7244045973371576,0.7290430404749261,0.7325943634626068,0.7370597603760629,0.7425506886331499,0.7437174175427743,0.7445968992772141,0.7486895309731223,0.7486895309731223,0.7504033168980155,0.7514508392588832,0.7514508392588832,0.7547176346089631,0.7559537484857798,0.7559537484857798,0.7582601458722315,0.7598168984660745,0.762079698995945,0.7674018065042167,0.7679730916943571,0.7681750987648212,0.7681750987648212,0.7698377740866972,0.7720575710402497,0.7720575710402497,0.7720575710402497,0.7730431565616054,0.7741358022679721,0.775176981857844,0.7756300827346172,0.7758334411977688,0.7758334411977688,0.7758334411977688,0.7758334411977688,0.7764959146599973,0.7783804583346005,0.7787871106961184,0.7787871106961184,0.7789261931767901,0.7789261931767901,0.7805032193331207,0.7805032193331207,0.7814345480363013,0.7814345480363013,0.7814345480363013,0.7814345480363013,0.7827460295810298,0.7827460295810298,0.7827460295810298,0.7827460295810298,0.7864455691250669,0.7864455691250669,0.7864455691250669,0.7864455691250669,0.7864455691250669,0.7864455691250669,0.7864455691250669,0.7864455691250669,0.7864455691250669,0.7864455691250669,0.7886195503500061,0.7886195503500061,0.7886195503500061,0.7886195503500061,0.7886447286217597,0.7886447286217597,0.7886447286217597,0.7886447286217597,0.7886447286217597,0.7902692222001005,0.7902692222001005,0.7902692222001005,0.7902692222001005,0.7902692222001005,0.7902692222001005,0.7903568672572104,0.7903568672572104
Std curve: 0.00439872184045576,0.006080146899163153,0.007854232284862296,0.013932274604894272,0.013707448568506373,0.010743203187634127,0.018380531727574652,0.015397014537908735,0.013779571535824143,0.011230982982694343,0.01677277691916208,0.017663494936341187,0.012954186484503654,0.015507918768263268,0.013107081685992637,0.01168078512622551,0.009535014072789925,0.008001146649060122,0.008044361522733674,0.010438954652451586,0.011058609562365904,0.010491705813136649,0.01163758214064158,0.010732654913951168,0.007916609459184055,0.005315204528766349,0.007978279462041323,0.006872221395644664,0.007906700182870142,0.00853973689380932,0.00953243663803347,0.00953243663803347,0.011164279288876307,0.010010080208297543,0.010010080208297543,0.010125491842273043,0.009407313040387066,0.009407313040387066,0.009190073402436622,0.010294734647306087,0.008763504137334966,0.0060111493674820235,0.0065296038984852915,0.0065397015353857125,0.0065397015353857125,0.004831519532489157,0.003980156398140121,0.003980156398140121,0.003980156398140121,0.004203887663076269,0.0036615226009402853,0.004637529765326786,0.005206836262263304,0.005323301519892047,0.005323301519892047,0.005323301519892047,0.005323301519892047,0.00463455565384278,0.004582979209615496,0.0039363265798864734,0.0039363265798864734,0.003962617234672694,0.003962617234672694,0.0025322926508689557,0.0025322926508689557,0.0032047956567488314,0.0032047956567488314,0.0032047956567488314,0.0032047956567488314,0.0017858531241268058,0.0017858531241268058,0.0017858531241268058,0.0017858531241268058,0.0044294546245065795,0.0044294546245065795,0.0044294546245065795,0.0044294546245065795,0.0044294546245065795,0.0044294546245065795,0.0044294546245065795,0.0044294546245065795,0.0044294546245065795,0.0044294546245065795,0.00495740322400575,0.00495740322400575,0.00495740322400575,0.00495740322400575,0.004950444898956573,0.004950444898956573,0.004950444898956573,0.004950444898956573,0.004950444898956573,0.003622799114180794,0.003622799114180794,0.003622799114180794,0.003622799114180794,0.003622799114180794,0.003622799114180794,0.0037285598897590522,0.0037285598897590522

mean_time: , 45870.5943344593
best_solution: , 0.7853685520674872
worst_solution: , 0.7949675782351283
mean_solution: , 0.7903568672572104
std_solution: , 0.0037285598897590522



solutions runs are : 



0.7941073060966177

0.7900148925608113

0.7873260073260073

0.7949675782351283

0.7853685520674872

