# Scenario 369
Mean curve: 0.6790833333333334,0.6830416666666667,0.6863333333333332,0.6885416666666667,0.6916666666666667,0.6921666666666665,0.6935416666666667,0.6940833333333333,0.6946666666666667,0.6970416666666666,0.701125,0.7012499999999999,0.7020833333333333,0.7027916666666667,0.7064999999999999,0.7088333333333334,0.7096666666666667,0.709875,0.7128333333333333,0.7145416666666666,0.7184583333333332,0.719,0.719,0.719,0.719,0.7206666666666667,0.7224583333333333,0.72475,0.7309583333333334,0.7310416666666667,0.7315833333333334,0.7332083333333334,0.7343333333333334,0.7343333333333334,0.7343333333333334,0.7347499999999999,0.7347499999999999,0.7362083333333332,0.7368333333333333,0.7368333333333333,0.7370416666666666,0.7370416666666666,0.7378750000000001,0.7385416666666667,0.7385416666666667,0.7385416666666667,0.7403333333333333,0.7403333333333333,0.7403333333333333,0.7403333333333333,0.7403333333333333,0.7403333333333333,0.7403333333333333,0.7417083333333333,0.7417083333333333,0.7417083333333333,0.7420416666666667,0.7424999999999999,0.7424999999999999,0.7424999999999999,0.7424999999999999,0.7435,0.7435,0.7440833333333334,0.7442916666666667,0.7442916666666667,0.7442916666666667,0.7442916666666667,0.7449166666666667,0.7449166666666667,0.7449166666666667,0.74525,0.74525,0.74525,0.74525,0.74525,0.74525,0.745625,0.745625,0.74625,0.74625,0.7472083333333334,0.7472083333333334,0.7472083333333334,0.7472083333333334,0.7472083333333334,0.7472083333333334,0.7472083333333334,0.7472083333333334,0.7472083333333334,0.7472083333333334,0.7472083333333334,0.7472083333333334,0.7472083333333334,0.74775,0.7482916666666667,0.7495416666666668,0.7495416666666668,0.7495416666666668,0.749625
Std curve: 0.00490995304345054,0.00633908729848215,0.005327144847122348,0.0028198207192814,0.005447030281620311,0.005025283297707911,0.004348131782731509,0.005353153276340987,0.005191807114205161,0.003871638326772477,0.0030607279453678266,0.0030760048042152914,0.002716334335501099,0.0030150087525209176,0.0029029439080583853,0.0028400655313253497,0.003376285763313845,0.003144660377352219,0.0063431940779950366,0.005816045812138091,0.0045825756949558535,0.0050197526499486935,0.0050197526499486935,0.0050197526499486935,0.0050197526499486935,0.004217193642960008,0.005383552627112413,0.0050473452868259865,0.003422251533063501,0.0034585843282411745,0.0038019549065067882,0.0036718713061446987,0.004800535271080605,0.004800535271080605,0.004800535271080605,0.004672243691323384,0.004672243691323384,0.003130273328498815,0.004012567064167836,0.004012567064167836,0.003723051317281469,0.003723051317281469,0.003409036194847154,0.0037799728100139257,0.0037799728100139257,0.0037799728100139257,0.006250833277785207,0.006250833277785207,0.006250833277785207,0.006250833277785207,0.006250833277785207,0.006250833277785207,0.006250833277785207,0.005066228051190234,0.005066228051190234,0.005066228051190234,0.0052014955114424175,0.005631940163034421,0.005631940163034421,0.005631940163034421,0.005631940163034421,0.006348392184902685,0.006348392184902685,0.006169762736298887,0.006001446584875295,0.006001446584875295,0.006001446584875295,0.006001446584875295,0.006897815676800237,0.006897815676800237,0.006897815676800237,0.006678895035025542,0.006678895035025542,0.006678895035025542,0.006678895035025542,0.006678895035025542,0.006678895035025542,0.006505873414760612,0.006505873414760612,0.005671872608661867,0.005671872608661867,0.004755479295857902,0.004755479295857902,0.004755479295857902,0.004755479295857902,0.004755479295857902,0.004755479295857902,0.004755479295857902,0.004755479295857902,0.004755479295857902,0.004755479295857902,0.004755479295857902,0.004755479295857902,0.004755479295857902,0.004501928599068518,0.0054540377499406835,0.00565102006524292,0.00565102006524292,0.00565102006524292,0.0057030084653238765

mean_time: , 21815.145916748046
best_solution: , 0.7433333333333333
worst_solution: , 0.758125
mean_solution: , 0.749625
std_solution: , 0.0057030084653238765



solutions runs are : 



0.7533333333333333

0.7433333333333333

0.7497916666666666

0.7435416666666667

0.758125

