# Scenario 121
Mean curve: 0.6325416288311099,0.6353931703408385,0.639620285094227,0.6402230616690978,0.6402230616690978,0.6415619941811169,0.6432300392359317,0.6432300392359317,0.6464921298808086,0.6464921298808086,0.6464921298808086,0.6476567789775385,0.6484521658280932,0.6484521658280932,0.6484521658280932,0.6520011837701574,0.6524484562634808,0.6526782287378778,0.6542627125517992,0.6542627125517992,0.6542627125517992,0.6542627125517992,0.6542627125517992,0.655621458977607,0.655621458977607,0.6597719902154443,0.6597719902154443,0.6597719902154443,0.6597719902154443,0.660682441595831,0.6630595859168127,0.6630595859168127,0.6630595859168127,0.6630595859168127,0.6630595859168127,0.6630595859168127,0.6630595859168127,0.6630595859168127,0.6642094665696645,0.6642094665696645,0.6642094665696645,0.6642094665696645,0.6642094665696645,0.6642094665696645,0.6642094665696645,0.6642094665696645,0.6648006691342624,0.6668220906763836,0.6668220906763836,0.6668220906763836,0.6668220906763836,0.6668220906763836,0.6668220906763836,0.6668220906763836,0.6668220906763836,0.6694804206540373,0.6694804206540373,0.6726855081604606,0.6726855081604606,0.6726855081604606,0.6726855081604606,0.6726855081604606,0.6726855081604606,0.6726855081604606,0.6726855081604606,0.6726855081604606,0.6726855081604606,0.6727417286442314,0.6727417286442314,0.6727417286442314,0.6727417286442314,0.6727417286442314,0.6727417286442314,0.6730900389118304,0.6730900389118304,0.6730900389118304,0.6764127884325435,0.6768719019447179,0.6801755001809399,0.6801755001809399,0.6801755001809399,0.6826443154653645,0.6826443154653645,0.6839903213889913,0.6839903213889913,0.6839903213889913,0.6839903213889913,0.6839903213889913,0.6839903213889913,0.6839903213889913,0.6839903213889913,0.6859316729120462,0.6859316729120462,0.6859316729120462,0.6859316729120462,0.6859316729120462,0.6859316729120462,0.6859316729120462,0.6859316729120462,0.6859316729120462
Std curve: 0.008010614015523655,0.011035889356398149,0.012431648370696111,0.01160511000714685,0.01160511000714685,0.010047243674506661,0.008735071292602975,0.008735071292602975,0.006054236274077036,0.006054236274077036,0.006054236274077036,0.004867862069676775,0.005749300056632105,0.005749300056632105,0.005749300056632105,0.006089920306637615,0.0055774954792021094,0.005290872027599056,0.006951781847612412,0.006951781847612412,0.006951781847612412,0.006951781847612412,0.006951781847612412,0.005920339539578866,0.005920339539578866,0.005202903883992332,0.005202903883992332,0.005202903883992332,0.005202903883992332,0.006148852943438555,0.004779214577035333,0.004779214577035333,0.004779214577035333,0.004779214577035333,0.004779214577035333,0.004779214577035333,0.004779214577035333,0.004779214577035333,0.006119534259118453,0.006119534259118453,0.006119534259118453,0.006119534259118453,0.006119534259118453,0.006119534259118453,0.006119534259118453,0.006119534259118453,0.00604943595260344,0.0066671154620041514,0.0066671154620041514,0.0066671154620041514,0.0066671154620041514,0.0066671154620041514,0.0066671154620041514,0.0066671154620041514,0.0066671154620041514,0.002947923396053351,0.002947923396053351,0.008432660262628431,0.008432660262628431,0.008432660262628431,0.008432660262628431,0.008432660262628431,0.008432660262628431,0.008432660262628431,0.008432660262628431,0.008432660262628431,0.008432660262628431,0.008383773343648147,0.008383773343648147,0.008383773343648147,0.008383773343648147,0.008383773343648147,0.008383773343648147,0.008230963532131525,0.008230963532131525,0.008230963532131525,0.01050666723662272,0.01006240676480751,0.009231488341026777,0.009231488341026777,0.009231488341026777,0.0077497876377454495,0.0077497876377454495,0.009163341146547745,0.009163341146547745,0.009163341146547745,0.009163341146547745,0.009163341146547745,0.009163341146547745,0.009163341146547745,0.009163341146547745,0.006101826328916934,0.006101826328916934,0.006101826328916934,0.006101826328916934,0.006101826328916934,0.006101826328916934,0.006101826328916934,0.006101826328916934,0.006101826328916934

mean_time: , 20040.16893978119
best_solution: , 0.6777777777777778
worst_solution: , 0.6955632794929463
mean_solution: , 0.6859316729120462
std_solution: , 0.006101826328916934



solutions runs are : 



0.6894748553627058

0.684356304010636

0.6824861479161648

0.6955632794929463

0.6777777777777778

