# Scenario 77
Mean curve: 0.7375,0.748375,0.769125,0.77775,0.78975,0.79625,0.804375,0.8102499999999999,0.821625,0.828875,0.8355,0.8424999999999999,0.849,0.8551249999999999,0.8574999999999999,0.8612500000000001,0.8628750000000001,0.86675,0.8716249999999999,0.873375,0.8786250000000001,0.8803750000000001,0.882125,0.88475,0.8872500000000001,0.888625,0.891,0.8948749999999999,0.8973749999999999,0.89925,0.9033749999999999,0.9042499999999999,0.907625,0.907875,0.907875,0.9087500000000001,0.9087500000000001,0.9101250000000001,0.913125,0.9133749999999999,0.9133749999999999,0.913875,0.9155,0.9182500000000001,0.9182500000000001,0.920125,0.92075,0.92125,0.92125,0.92125,0.92125,0.9225,0.922875,0.9233750000000001,0.9237499999999998,0.923875,0.9268750000000001,0.9268750000000001,0.9268750000000001,0.9268750000000001,0.9275,0.9275,0.9275,0.9275,0.9275,0.9275,0.9275,0.9275,0.9275,0.9275,0.928125,0.928125,0.928125,0.928125,0.928125,0.928125,0.928125,0.928125,0.92875,0.92875,0.92875,0.92925,0.92925,0.92925,0.930125,0.930125,0.930625,0.930625,0.931625,0.931625,0.931625,0.931625,0.931625,0.931625,0.931625,0.931625,0.931625,0.931625,0.931625,0.931625
Std curve: 0.0041457809879442455,0.0023584952830141524,0.005654091438949309,0.001704772712123238,0.0026692695630078185,0.005214163403653548,0.005303300858899101,0.0016583123951777131,0.004687083314813174,0.0033634060117684337,0.0037790541144577454,0.00787599200101166,0.0049937460888595546,0.0030973779233409403,0.0037500000000000055,0.005303300858899103,0.005442885264269304,0.006116064911362514,0.004517327749898152,0.004687083314813178,0.005581778390441534,0.0050249378105604444,0.0033213325638966197,0.0031024184114977153,0.0043229041164476395,0.003860861302870131,0.00542851268765212,0.0055113519212621545,0.006535958231200679,0.0051901348730066695,0.005326818938165628,0.004831537022521933,0.0055255090263250884,0.005514186250028198,0.005514186250028198,0.005822907349426062,0.005822907349426062,0.006607287643201264,0.003708099243547835,0.0032977264895682422,0.0032977264895682422,0.003409545424246479,0.0028613807855649197,0.0037790541144577428,0.0037790541144577428,0.0033400973039718553,0.0034323825544365035,0.0039725621455176715,0.0039725621455176715,0.0039725621455176715,0.0039725621455176715,0.0038527587518556038,0.004042740407199056,0.0037207190165343116,0.0040117016339703045,0.003799671038392671,0.0025617376914898885,0.0025617376914898885,0.0025617376914898885,0.0025617376914898885,0.0029843340965783325,0.0029843340965783325,0.0029843340965783325,0.0029843340965783325,0.0029843340965783325,0.0029843340965783325,0.0029843340965783325,0.0029843340965783325,0.0029843340965783325,0.0029843340965783325,0.001854049621773906,0.001854049621773906,0.001854049621773906,0.001854049621773906,0.001854049621773906,0.001854049621773906,0.001854049621773906,0.001854049621773906,0.002404423007708913,0.002404423007708913,0.002404423007708913,0.002604083331999953,0.002604083331999953,0.002604083331999953,0.0015512092057488724,0.0015512092057488724,0.0018957188610128984,0.0018957188610128984,0.003177066256784722,0.003177066256784722,0.003177066256784722,0.003177066256784722,0.003177066256784722,0.003177066256784722,0.003177066256784722,0.003177066256784722,0.003177066256784722,0.003177066256784722,0.003177066256784722,0.003177066256784722

mean_time: , 9423.574864912032
best_solution: , 0.9275
worst_solution: , 0.936875
mean_solution: , 0.931625
std_solution: , 0.003177066256784722



solutions runs are : 



0.9275

0.931875

0.929375

0.936875

0.9325

