# Scenario 434
Mean curve: 0.758,0.7628333333333334,0.7628333333333334,0.7631666666666665,0.7631666666666665,0.7631666666666665,0.7633333333333333,0.7633333333333333,0.7633333333333333,0.7633333333333333,0.7633333333333333,0.7633333333333333,0.7633333333333333,0.7633333333333333,0.7633333333333333,0.7633333333333333,0.7633333333333333,0.7633333333333333,0.7633333333333333,0.7633333333333333,0.7633333333333333,0.7633333333333333,0.7638333333333333,0.7638333333333333,0.7638333333333333,0.7638333333333333,0.7653333333333333,0.7653333333333333,0.7653333333333333,0.7653333333333333,0.7653333333333333,0.7653333333333333,0.7653333333333333,0.7653333333333333,0.7653333333333333,0.7653333333333333,0.7653333333333333,0.7656666666666666,0.7656666666666666,0.7656666666666666,0.7658333333333334,0.7658333333333334,0.7658333333333334,0.7658333333333334,0.7658333333333334,0.7658333333333334,0.7658333333333334,0.7658333333333334,0.7658333333333334,0.7658333333333334,0.7658333333333334,0.7658333333333334,0.7658333333333334,0.7658333333333334,0.7658333333333334,0.7658333333333334,0.7658333333333334,0.7658333333333334,0.7658333333333334,0.7658333333333334,0.7658333333333334,0.7658333333333334,0.7658333333333334,0.7658333333333334,0.7658333333333334,0.7658333333333334,0.7658333333333334,0.7658333333333334,0.7658333333333334,0.7658333333333334,0.7658333333333334,0.7658333333333334,0.7658333333333334,0.7658333333333334,0.7658333333333334,0.7658333333333334,0.7658333333333334,0.7658333333333334,0.7658333333333334,0.7658333333333334,0.7658333333333334,0.7658333333333334,0.7658333333333334,0.7658333333333334,0.7658333333333334,0.7663333333333333,0.7663333333333333,0.7663333333333333,0.7663333333333333,0.7663333333333333,0.7663333333333333,0.7663333333333333,0.7663333333333333,0.7663333333333333,0.7663333333333333,0.7663333333333333,0.7663333333333333,0.7663333333333333,0.7663333333333333,0.7671666666666667
Std curve: 0.012013880860626734,0.004847679857416331,0.004847679857416331,0.0046963342678684565,0.0046963342678684565,0.0046963342678684565,0.004440970864824737,0.004440970864824737,0.004440970864824737,0.004440970864824737,0.004440970864824737,0.004440970864824737,0.004440970864824737,0.004440970864824737,0.004440970864824737,0.004440970864824737,0.004440970864824737,0.004440970864824737,0.004440970864824737,0.004440970864824737,0.004440970864824737,0.004440970864824737,0.003749073959734007,0.003749073959734007,0.003749073959734007,0.003749073959734007,0.006446359868604561,0.006446359868604561,0.006446359868604561,0.006446359868604561,0.006446359868604561,0.006446359868604561,0.006446359868604561,0.006446359868604561,0.006446359868604561,0.006446359868604561,0.006446359868604561,0.006155395104206445,0.006155395104206445,0.006155395104206445,0.006032320356951265,0.006032320356951265,0.006032320356951265,0.006032320356951265,0.006032320356951265,0.006032320356951265,0.006032320356951265,0.006032320356951265,0.006032320356951265,0.006032320356951265,0.006032320356951265,0.006032320356951265,0.006032320356951265,0.006032320356951265,0.006032320356951265,0.006032320356951265,0.006032320356951265,0.006032320356951265,0.006032320356951265,0.006032320356951265,0.006032320356951265,0.006032320356951265,0.006032320356951265,0.006032320356951265,0.006032320356951265,0.006032320356951265,0.006032320356951265,0.006032320356951265,0.006032320356951265,0.006032320356951265,0.006032320356951265,0.006032320356951265,0.006032320356951265,0.006032320356951265,0.006032320356951265,0.006032320356951265,0.006032320356951265,0.006032320356951265,0.006032320356951265,0.006032320356951265,0.006032320356951265,0.006032320356951265,0.006032320356951265,0.006032320356951265,0.006032320356951265,0.0057638721552635145,0.0057638721552635145,0.0057638721552635145,0.0057638721552635145,0.0057638721552635145,0.0057638721552635145,0.0057638721552635145,0.0057638721552635145,0.0057638721552635145,0.0057638721552635145,0.0057638721552635145,0.0057638721552635145,0.0057638721552635145,0.0057638721552635145,0.005691123692987942

mean_time: , 6925.518449497223
best_solution: , 0.7616666666666667
worst_solution: , 0.7775
mean_solution: , 0.7671666666666667
std_solution: , 0.005691123692987942



solutions runs are : 



0.7775

0.7616666666666667

0.7625

0.7658333333333334

0.7683333333333333

