# Scenario 356
Mean curve: 0.7291666666666667,0.737,0.7401666666666666,0.7403333333333333,0.7473333333333334,0.7483333333333333,0.7503333333333333,0.7506666666666666,0.7506666666666666,0.7506666666666666,0.7543333333333333,0.7561666666666668,0.758,0.758,0.758,0.7593333333333334,0.7596666666666666,0.7596666666666666,0.7596666666666666,0.7596666666666666,0.7609999999999999,0.7609999999999999,0.7635000000000001,0.7635000000000001,0.7683333333333333,0.7683333333333333,0.7683333333333333,0.7683333333333333,0.7693333333333332,0.7693333333333332,0.7706666666666666,0.772,0.772,0.7733333333333333,0.7736666666666667,0.7746666666666667,0.7748333333333334,0.7748333333333334,0.777,0.777,0.777,0.7776666666666666,0.7776666666666666,0.7776666666666666,0.778,0.7781666666666666,0.7781666666666666,0.7783333333333332,0.7798333333333333,0.7798333333333333,0.7805,0.7846666666666666,0.7846666666666666,0.7846666666666666,0.7853333333333332,0.7853333333333332,0.7853333333333332,0.7853333333333332,0.7859999999999999,0.7859999999999999,0.7859999999999999,0.7859999999999999,0.7859999999999999,0.7875,0.7875,0.7885000000000001,0.7886666666666667,0.7886666666666667,0.7888333333333335,0.7888333333333335,0.7888333333333335,0.7888333333333335,0.7896666666666667,0.7903333333333333,0.7925,0.7928333333333334,0.7928333333333334,0.7928333333333334,0.7943333333333334,0.7943333333333334,0.795,0.7953333333333333,0.7955,0.7955,0.796,0.7968333333333334,0.7968333333333334,0.7968333333333334,0.7975000000000001,0.7976666666666667,0.7976666666666667,0.7979999999999999,0.7979999999999999,0.8013333333333333,0.8016666666666667,0.8030000000000002,0.8036666666666668,0.8036666666666668,0.8036666666666668,0.8043333333333333
Std curve: 0.014539218991709568,0.010796089827134422,0.01034676546344583,0.01017349497468789,0.012443204303286728,0.012416387021459453,0.012786711852544418,0.01228594499598806,0.01228594499598806,0.01228594499598806,0.008746427842267956,0.0066791549698379535,0.009669539802906855,0.009669539802906855,0.009669539802906855,0.009963823451756742,0.010496030995889163,0.010496030995889163,0.010496030995889163,0.010496030995889163,0.011370038600540339,0.011370038600540339,0.01173077623651183,0.01173077623651183,0.010368220676663854,0.010368220676663854,0.010368220676663854,0.010368220676663854,0.012240642684652355,0.012240642684652355,0.01149154278395879,0.01404951561047174,0.01404951561047174,0.013468069233891282,0.013422617727800592,0.0132978695035458,0.013274871834493253,0.013274871834493253,0.01372953021774598,0.01372953021774598,0.01372953021774598,0.014136241839093344,0.014136241839093344,0.014136241839093344,0.013890444357343093,0.014007934259633802,0.014007934259633802,0.013894443333777559,0.013211947455070948,0.013211947455070948,0.013034143197344776,0.01745311178876454,0.01745311178876454,0.01745311178876454,0.016537835408541254,0.016537835408541254,0.016537835408541254,0.016537835408541254,0.017138326120780374,0.017138326120780374,0.017138326120780374,0.017138326120780374,0.017138326120780374,0.01835604653634451,0.01835604653634451,0.019603004304896195,0.01951922129594316,0.01951922129594316,0.019311769583454676,0.019311769583454676,0.019311769583454676,0.019311769583454676,0.018963415069842032,0.018548734607933662,0.01995132966886055,0.020430097623087586,0.020430097623087586,0.020430097623087586,0.021559993815707203,0.021559993815707203,0.02125898502855779,0.021112134478119975,0.021046245376419147,0.021046245376419147,0.02085931712954935,0.020584514136170955,0.020584514136170955,0.020584514136170955,0.02041921752772236,0.02039471609129296,0.02039471609129296,0.02027998465920962,0.02027998465920962,0.020538581580365586,0.020487123327158973,0.0204979673789053,0.019268569686870313,0.019268569686870313,0.019268569686870313,0.01930313733855486

mean_time: , 6676.851297283172
best_solution: , 0.7683333333333333
worst_solution: , 0.825
mean_solution: , 0.8043333333333333
std_solution: , 0.01930313733855486



solutions runs are : 



0.8066666666666666

0.8158333333333333

0.825

0.7683333333333333

0.8058333333333333

