# Scenario 223
Mean curve: 0.5995460045299481,0.6111678640486664,0.6111678640486664,0.6167265120690913,0.6245320056225718,0.626097603246361,0.63172925210651,0.6327202254203381,0.6364893073828871,0.6385061400673373,0.6392582436684677,0.6400030501173062,0.6455232545642774,0.6463630477666334,0.6533046090463309,0.6548883824001838,0.6580287425361132,0.6580287425361132,0.6679882931622773,0.6723079275457314,0.6723079275457314,0.6762919084337801,0.676682430411424,0.6774619806009001,0.6774619806009001,0.6774619806009001,0.6774619806009001,0.6796736256939179,0.681411790294335,0.6845648268215875,0.6884595673330349,0.6884595673330349,0.6884595673330349,0.6894452149617518,0.6894452149617518,0.6905790915415784,0.6926547986755773,0.6930735170755449,0.6930735170755449,0.6930735170755449,0.6937543179843917,0.694067333569499,0.7004075165162137,0.7004075165162137,0.7029236215861376,0.7064763662912831,0.7091293730282142,0.7091293730282142,0.7113161819104552,0.7113161819104552,0.7113161819104552,0.7151176646013575,0.7172374445259744,0.7172374445259744,0.7198324386154215,0.7198324386154215,0.7198324386154215,0.7198324386154215,0.7198324386154215,0.7198324386154215,0.7198324386154215,0.7198324386154215,0.7198324386154215,0.7222037064721081,0.7224135997142542,0.7248310842521307,0.7251509926182874,0.7251509926182874,0.7251509926182874,0.7255957656967345,0.7255957656967345,0.7271341146540224,0.7284358011424984,0.730898757429506,0.7318167580140658,0.7318167580140658,0.7318167580140658,0.7343271527827493,0.736563722475292,0.736563722475292,0.736563722475292,0.736563722475292,0.738351614980908,0.7422826255075521,0.7422826255075521,0.7422826255075521,0.7428802814190281,0.743770276448477,0.743770276448477,0.7442783123551839,0.7458258084807229,0.7485818592631273,0.7501916659920739,0.7512815332015231,0.7512815332015231,0.7532056816710536,0.7555961557040759,0.7555961557040759,0.7556972302815578,0.7583334588165835
Std curve: 0.012849330759581357,0.016977432968915577,0.016977432968915577,0.01096671662524023,0.007107254273062271,0.005056779613101894,0.003465836667205774,0.002973697216561618,0.007680387888548951,0.00849028935869055,0.008138427695394069,0.007101548263695852,0.006122565010458224,0.0058754547187881,0.0101235631522795,0.009521310043414763,0.010077080369891125,0.010077080369891125,0.0034244581186957087,0.004672314801193338,0.004672314801193338,0.0032200644175052256,0.003797119090801,0.0039055777312734493,0.0039055777312734493,0.0039055777312734493,0.0039055777312734493,0.003748255091943933,0.0062890613641750715,0.007637723903587941,0.008977374135133394,0.008977374135133394,0.008977374135133394,0.007528623296797397,0.007528623296797397,0.00897950974102582,0.007847093981388144,0.007147205731144939,0.007147205731144939,0.007147205731144939,0.007195088208484063,0.006951084715328158,0.0074727227363475006,0.0074727227363475006,0.007383954098991801,0.00759231653660544,0.010150543611691315,0.010150543611691315,0.010286731970135153,0.010286731970135153,0.010286731970135153,0.01588636743759977,0.014910130855150982,0.014910130855150982,0.015311650870425858,0.015311650870425858,0.015311650870425858,0.015311650870425858,0.015311650870425858,0.015311650870425858,0.015311650870425858,0.015311650870425858,0.015311650870425858,0.014964514942892648,0.014850431388615444,0.014226432073581754,0.014405946694109904,0.014405946694109904,0.014405946694109904,0.014698226304263609,0.014698226304263609,0.012183642408842921,0.013357588306153525,0.010159152161053972,0.00960321687057622,0.00960321687057622,0.00960321687057622,0.013090161686724035,0.013591805316795923,0.013591805316795923,0.013591805316795923,0.013591805316795923,0.014973914237673044,0.013612619976032168,0.013612619976032168,0.013612619976032168,0.012679154941879356,0.01274196324563708,0.01274196324563708,0.012459511239014856,0.01439785599872399,0.015156833725775705,0.0152716393067182,0.013477746932473585,0.013477746932473585,0.015625616510315438,0.012454731567783301,0.012454731567783301,0.012447444257498039,0.014659171696538924

mean_time: , 21881.511717557907
best_solution: , 0.7432056494757115
worst_solution: , 0.7828140816556068
mean_solution: , 0.7583334588165835
std_solution: , 0.014659171696538924



solutions runs are : 



0.7657411456055968

0.7550016765396222

0.7828140816556068

0.7432056494757115

0.7449047408063801

