# Scenario 68
Mean curve: 0.6945833333333333,0.7060000000000001,0.7184583333333334,0.7295416666666666,0.73525,0.7394999999999999,0.7516666666666667,0.7582083333333334,0.7633333333333333,0.7712916666666667,0.7782916666666667,0.7824583333333333,0.787125,0.791875,0.7999583333333333,0.804125,0.8105416666666667,0.8156666666666667,0.8163750000000001,0.8180833333333334,0.8205833333333332,0.8268333333333333,0.8276666666666666,0.8292083333333334,0.8321666666666667,0.8341666666666667,0.835,0.8364166666666668,0.8379583333333335,0.8381666666666667,0.8387916666666666,0.8413333333333334,0.8445,0.8454166666666666,0.8463333333333333,0.8484999999999999,0.8511666666666666,0.8519583333333334,0.8519583333333334,0.8552500000000001,0.8559166666666667,0.8581666666666667,0.8583333333333332,0.8587499999999999,0.8587499999999999,0.8597916666666666,0.8616666666666667,0.8623333333333333,0.8630833333333333,0.8630833333333333,0.8630833333333333,0.865875,0.865875,0.8660416666666666,0.8660416666666666,0.8660416666666666,0.8671666666666666,0.8682916666666667,0.8682916666666667,0.8682916666666667,0.8685833333333333,0.868625,0.870125,0.8706666666666667,0.8706666666666667,0.8707083333333333,0.8707083333333333,0.8707083333333333,0.8721249999999999,0.8721249999999999,0.8721249999999999,0.8721249999999999,0.8721249999999999,0.8722916666666667,0.8722916666666667,0.8722916666666667,0.8734583333333333,0.8734583333333333,0.8734583333333333,0.8734583333333333,0.8734583333333333,0.8734583333333333,0.8734583333333333,0.8734583333333333,0.8734583333333333,0.8734583333333333,0.8734583333333333,0.8737916666666667,0.8737916666666667,0.8737916666666667,0.8737916666666667,0.8737916666666667,0.8737916666666667,0.8752916666666668,0.875375,0.875375,0.875375,0.875375,0.875375,0.875375
Std curve: 0.00954703269782465,0.007276054715450011,0.0032744804507314155,0.008451659929005411,0.007337830060719602,0.005484511018414603,0.008421409554753212,0.007138996972809125,0.005747886084852803,0.006626703135379199,0.009240610850419384,0.007952113625389874,0.007955387762041828,0.006798181946504343,0.009127187713395385,0.008329582489203437,0.013774977313955935,0.010629002514085911,0.01112866668663511,0.013754670923807008,0.01344639563435329,0.012431339205590218,0.011490787372693155,0.011511920150676655,0.013095270562730311,0.012666255475781997,0.012663513862010534,0.01206420900386297,0.010406161369325581,0.010232878654394147,0.010600379972225297,0.01227619082252759,0.011589476788113513,0.012037989634670896,0.012501805425173136,0.010437811871588142,0.008149642118931755,0.00824600071415093,0.00824600071415093,0.006779513666595498,0.006839682010152218,0.005102082907989633,0.004980866167422861,0.004767147411654517,0.004767147411654517,0.005708485399434377,0.007179494333787634,0.006235260397306771,0.005736396952791885,0.005736396952791885,0.005736396952791885,0.007252154852180127,0.007252154852180127,0.0072156754515583675,0.0072156754515583675,0.0072156754515583675,0.00829742262526274,0.007156970184527948,0.007156970184527948,0.007156970184527948,0.006950219820664332,0.006924192692613643,0.005774404731225525,0.005254627590144795,0.005254627590144795,0.005221815882536537,0.005221815882536537,0.005221815882536537,0.005454037749940642,0.005454037749940642,0.005454037749940642,0.005454037749940642,0.005454037749940642,0.005295110427974492,0.005295110427974492,0.005295110427974492,0.006289596789761454,0.006289596789761454,0.006289596789761454,0.006289596789761454,0.006289596789761454,0.006289596789761454,0.006289596789761454,0.006289596789761454,0.006289596789761454,0.006289596789761454,0.006289596789761454,0.0066502401794555025,0.0066502401794555025,0.0066502401794555025,0.0066502401794555025,0.0066502401794555025,0.0066502401794555025,0.008252314490156334,0.008174953278833526,0.008174953278833526,0.008174953278833526,0.008174953278833526,0.008174953278833526,0.008174953278833526

mean_time: , 21974.636566019057
best_solution: , 0.864375
worst_solution: , 0.88625
mean_solution: , 0.875375
std_solution: , 0.008174953278833526



solutions runs are : 



0.864375

0.8679166666666667

0.8814583333333333

0.876875

0.88625

