# Scenario 90
Mean curve: 0.7285333333333334,0.7349333333333333,0.7470666666666667,0.7586666666666667,0.7698666666666667,0.7774,0.7842666666666667,0.7910666666666667,0.8004666666666667,0.8092666666666666,0.8161333333333334,0.8172666666666666,0.8224,0.8234,0.8254666666666667,0.8342,0.8422000000000001,0.8451333333333334,0.8484,0.8511333333333335,0.8536666666666667,0.8547333333333335,0.8609333333333333,0.8629333333333333,0.8656,0.8685333333333333,0.8722666666666667,0.8738666666666667,0.8762666666666666,0.8791333333333334,0.8809333333333333,0.8828666666666667,0.8837999999999999,0.8852,0.8858,0.8860666666666667,0.8875333333333334,0.8900666666666666,0.8926000000000001,0.8927333333333334,0.8930666666666667,0.8938,0.8938,0.8944666666666666,0.8944666666666666,0.8945333333333332,0.8946666666666667,0.8958,0.8970666666666667,0.8970666666666667,0.8972,0.8984,0.8986000000000001,0.9006000000000001,0.9034000000000001,0.9039333333333334,0.9039333333333334,0.9039333333333334,0.9039333333333334,0.9048666666666666,0.9048666666666666,0.9048666666666666,0.9048666666666666,0.9054,0.9054,0.9054,0.9057333333333333,0.9057333333333333,0.9057333333333333,0.9057333333333333,0.9057333333333333,0.9057333333333333,0.9058666666666666,0.9063333333333332,0.9065999999999999,0.9065999999999999,0.9065999999999999,0.9065999999999999,0.9065999999999999,0.9065999999999999,0.9065999999999999,0.9066666666666666,0.9066666666666666,0.9066666666666666,0.9068666666666667,0.9068666666666667,0.907,0.9074666666666668,0.9078666666666667,0.9078666666666667,0.9081333333333333,0.909,0.909,0.909,0.909,0.909,0.909,0.909,0.909,0.9096666666666667
Std curve: 0.006974875546480292,0.0054053471468331945,0.007496369491664347,0.0053954713520795675,0.005690537955432866,0.005152777029050551,0.004963869458396366,0.004832298739845352,0.006188160739131903,0.004577238371672506,0.0042874493842169304,0.005012872319228644,0.001781385228784994,0.0026948510575210594,0.0022958900476963643,0.0038563079637278902,0.003263263533472106,0.004548992562461879,0.003855155278613593,0.003941798799758512,0.002674987019698505,0.0028705400188814576,0.0026865922239479967,0.0031860808387596073,0.004084659648544123,0.0037333333333333402,0.001793816539609821,0.003370459909270563,0.003714236873915767,0.0028174062145487275,0.003951933422741075,0.00528982251330063,0.004096611065529912,0.006761327943204309,0.006926920110858929,0.006721111019268545,0.006284372151085042,0.0055513762057509426,0.006115190557583269,0.006100637489457788,0.0062232538827279886,0.006309076354304531,0.006309076354304531,0.006671997868371634,0.006671997868371634,0.006688630485964809,0.006788879796320526,0.007416498125425818,0.0049772817213146765,0.0049772817213146765,0.004726285833270974,0.004635131545538311,0.00432255068731928,0.003542754734823043,0.006067765468257478,0.0068650483529898556,0.0068650483529898556,0.0068650483529898556,0.0068650483529898556,0.006578078071223465,0.006578078071223465,0.006578078071223465,0.006578078071223465,0.007012370022562512,0.007012370022562512,0.007012370022562512,0.007349678753372668,0.007349678753372668,0.007349678753372668,0.007349678753372668,0.007349678753372668,0.007349678753372668,0.0071944422994419865,0.006706547381311614,0.006471819253072852,0.006471819253072852,0.006471819253072852,0.006471819253072852,0.006471819253072852,0.006471819253072852,0.006471819253072852,0.006545566777937925,0.006545566777937925,0.006545566777937925,0.006393051783859671,0.006393051783859671,0.0063034382152388465,0.0060721586862590585,0.005983681512617853,0.005983681512617853,0.005584104424365844,0.004482063017059106,0.004482063017059106,0.004482063017059106,0.004482063017059106,0.004482063017059106,0.004482063017059106,0.004482063017059106,0.004482063017059106,0.003955305859784369

mean_time: , 18197.265736818314
best_solution: , 0.9046666666666666
worst_solution: ,  6666666666666
mean_solution: , 0.9096666666666667
std_solution: , 0.003955305859784369



solutions runs are : 



0.9146666666666666

0.9046666666666666

0.914

0.9076666666666666

0.9073333333333333

