# Scenario 300
Mean curve: 0.708848561018246,0.7275241856192183,0.7492228014524787,0.7511970963650971,0.7530201599381815,0.7587372021596946,0.7732883005940423,0.777368230901705,0.777368230901705,0.77761277580414,0.779168890267116,0.779168890267116,0.7796451332305043,0.7812898564204234,0.7813143058224039,0.7866969749584769,0.7883055593925216,0.7903736545080877,0.7903736545080877,0.7944905782538132,0.7965777494215438,0.7965777494215438,0.7965777494215438,0.7977625164139253,0.7982926482985399,0.798362719935592,0.8046712843672408,0.8046712843672408,0.8073042317899383,0.8101042921309695,0.812737510823293,0.812737510823293,0.8165914924787163,0.8165914924787163,0.8175000877903644,0.8177672653932337,0.8198975964075684,0.8257686785243783,0.8262432277619857,0.8263189170476926,0.8267750645220644,0.8267750645220644,0.8267750645220644,0.8279095568952247,0.8357034590711627,0.8364394326105739,0.8403104165326527,0.8403104165326527,0.8414307846903647,0.8435170236261165,0.8435170236261165,0.8463080138642685,0.8463080138642685,0.8463080138642685,0.8490608125429251,0.8490608125429251,0.8490608125429251,0.8490608125429251,0.849799757063453,0.8509306633373745,0.8515959208580831,0.8530989160261067,0.85382225598165,0.8549520007700113,0.8580196960836014,0.8590955030682945,0.8610889424444164,0.8610889424444164,0.8632815016336192,0.8642629115003541,0.8642629115003541,0.8642629115003541,0.8652988616025589,0.8652988616025589,0.8662826969761271,0.8662826969761271,0.8666945204438423,0.8670472582999574,0.8684107492881303,0.8684107492881303,0.8712809957184898,0.8735335437751599,0.8735335437751599,0.8735335437751599,0.8741394268881276,0.8760252554767185,0.8779679478904543,0.8779679478904543,0.8779679478904543,0.8779679478904543,0.8779679478904543,0.8779679478904543,0.8779679478904543,0.8784231144631747,0.8785237700597799,0.8785237700597799,0.8794081514907933,0.8811151520900141,0.8823225077525599,0.8828262648257809
Std curve: 0.02172294715699544,0.0231179891247851,0.019474368403175613,0.016315045527941302,0.018185575416163995,0.01780661614565966,0.014745657035321798,0.01252165108030682,0.01252165108030682,0.012873333860720784,0.012867235410310764,0.012867235410310764,0.01208594266343817,0.011315744747477452,0.01135105222555964,0.019103788437678952,0.02206571044006945,0.022080633149220985,0.022080633149220985,0.021817252529532857,0.021430918375055102,0.021430918375055102,0.021430918375055102,0.023296646088261735,0.024160095707653324,0.024173405336450553,0.01711168208702368,0.01711168208702368,0.01954820235477102,0.01996781036673121,0.019613128473184683,0.019613128473184683,0.01839280113693326,0.01839280113693326,0.018476070405354178,0.018534413996990774,0.01952362023471341,0.019665266175377498,0.0202182774128027,0.020190102291204583,0.019405001713589887,0.019405001713589887,0.019405001713589887,0.019319971888589176,0.027015347393169,0.027114770309786304,0.024180176987274656,0.024180176987274656,0.02429184161072042,0.02158800077252591,0.02158800077252591,0.024897547891741072,0.024897547891741072,0.024897547891741072,0.025940325580807243,0.025940325580807243,0.025940325580807243,0.025940325580807243,0.02498574222654506,0.025460847001334646,0.024689399060375768,0.02313427465363668,0.022490968796742332,0.021641997175242084,0.02158366920371832,0.02162875814690527,0.02245445456717844,0.02245445456717844,0.01981911771714339,0.021327983481511582,0.021327983481511582,0.021327983481511582,0.020974861372324717,0.020974861372324717,0.020219307622735508,0.020219307622735508,0.019873488520070343,0.019782409921865612,0.020098425400961118,0.020098425400961118,0.016655925756402935,0.0179205858978411,0.0179205858978411,0.0179205858978411,0.017984164156372266,0.01695088869250927,0.014854675800394939,0.014854675800394939,0.014854675800394939,0.014854675800394939,0.014854675800394939,0.014854675800394939,0.014854675800394939,0.014670752589859348,0.014615791888744612,0.014615791888744612,0.013866795850494062,0.013590988500012394,0.013441504835753173,0.013475029964018502

mean_time: , 8953.28858537674
best_solution: , 0.8707294552169899
worst_solution: , 0.908069270449521
mean_solution: , 0.8828262648257809
std_solution: , 0.013475029964018502



solutions runs are : 



0.8707294552169899

0.8733681462140992

0.8772350230414746

0.908069270449521

0.8847294292068199

