# Scenario 286
Mean curve: 0.6883000000000001,0.6916,0.6943,0.6968333333333334,0.7069,0.7072,0.7098333333333334,0.7109666666666667,0.7135666666666667,0.7155,0.7155,0.7162333333333334,0.7168333333333334,0.7190666666666667,0.7209333333333333,0.7230666666666667,0.7230666666666667,0.7254666666666667,0.7255666666666667,0.7275333333333334,0.7292,0.7298,0.7298,0.7314,0.7325,0.7325,0.7332000000000001,0.7342666666666667,0.7377999999999999,0.7377999999999999,0.738,0.738,0.7390000000000001,0.7390000000000001,0.7390000000000001,0.7398,0.7417,0.7434666666666667,0.7434666666666667,0.7437333333333334,0.7437333333333334,0.7437333333333334,0.7455333333333334,0.7470333333333332,0.7470333333333332,0.7478999999999999,0.7491333333333333,0.7493666666666666,0.7493666666666666,0.7506999999999999,0.7506999999999999,0.7506999999999999,0.7506999999999999,0.7506999999999999,0.7506999999999999,0.7506999999999999,0.7520333333333333,0.7528333333333334,0.7528333333333334,0.7528666666666667,0.7534333333333334,0.7534333333333334,0.7534333333333334,0.7543666666666666,0.7570333333333334,0.7570333333333334,0.7574666666666665,0.7585666666666666,0.7585666666666666,0.7602333333333333,0.7619333333333332,0.7623666666666666,0.7623666666666666,0.7623666666666666,0.7624666666666666,0.7629666666666667,0.7633000000000001,0.7636666666666667,0.7636666666666667,0.7638666666666667,0.7638666666666667,0.7668666666666667,0.7674666666666667,0.7679666666666668,0.7679666666666668,0.7691666666666667,0.7691666666666667,0.7693999999999999,0.7696,0.7698,0.7703666666666666,0.771,0.771,0.771,0.7711666666666667,0.7720666666666667,0.7730666666666667,0.7735333333333333,0.7735333333333333,0.7735333333333333
Std curve: 0.0054674796143500395,0.00353490531069158,0.0043184359308537906,0.004634412344383888,0.006055851165057925,0.006180075511944291,0.003499206259202849,0.0019955506062794607,0.003977156996873259,0.0037088482788536358,0.0037088482788536358,0.0045602144199100615,0.00399444058105207,0.003681183384607631,0.003926547819367267,0.002009975124224161,0.002009975124224161,0.003155946767611905,0.003099462318962232,0.0028075295585660905,0.0029522119767312633,0.0035938218591849485,0.0035938218591849485,0.004479087208597554,0.005365527829476701,0.005365527829476701,0.004920930354674372,0.005437115248201248,0.006881052891010867,0.006881052891010867,0.006872651113895825,0.006872651113895825,0.0070561242115547455,0.0070561242115547455,0.0070561242115547455,0.0063310522207783385,0.00645359503601589,0.004710980082035291,0.004710980082035291,0.0042902991348700474,0.0042902991348700474,0.0042902991348700474,0.002690311836530814,0.0025064361596143225,0.0025064361596143225,0.0030850895899110736,0.004947951315668168,0.0046814052970828865,0.0046814052970828865,0.003950246124540151,0.003950246124540151,0.003950246124540151,0.003950246124540151,0.003950246124540151,0.003950246124540151,0.003950246124540151,0.0029747082023097705,0.0028557933320805446,0.0028557933320805446,0.00283509748999535,0.0023060307408570868,0.0023060307408570868,0.0023060307408570868,0.003843320323770998,0.006573853934759709,0.006573853934759709,0.0063756481152028085,0.006281011949607431,0.006281011949607431,0.0056081290205478905,0.0055142240312365575,0.004898299024491409,0.004898299024491409,0.004898299024491409,0.004767249381631609,0.004537987806653249,0.004133064507387017,0.004399494920505704,0.004399494920505704,0.004137095062426715,0.004137095062426715,0.003748184745832157,0.0036490485822410846,0.002889444391035909,0.002889444391035909,0.0021421692017412897,0.0021421692017412897,0.0022622506001276272,0.002125506475590652,0.0022886191858362557,0.003002591473303627,0.0023021728866442887,0.0023021728866442887,0.0023021728866442887,0.0021395742047841788,0.0037970748975728373,0.003556840045758468,0.003946024722567146,0.003946024722567146,0.003946024722567146

mean_time: , 33117.8775247097
best_solution: , 0.7693333333333333
worst_solution: , 0.7801666666666667
mean_solution: , 0.7735333333333333
std_solution: , 0.003946024722567146



solutions runs are : 



0.7753333333333333

0.7728333333333334

0.7801666666666667

0.77

0.7693333333333333

